2104.99
2078.04
2094.26
2113.12
2114.76
2096.11
2110.74
2096.36
2114.11
2110.36
2098.1
2112.01
2108.24
2099.34
2126.19
2093.78
2098.82
2106.58
2081.61
2088.88
2090.6
2099.57
2088.99
2068.68
2061
2084.22
2062.11
2055.52
2059.5
2037.58
2059.34
2064.46
2072.53
2066.72
2078.71
2061.32
2048.86
2063.13
2036.67
2072.07
2102.65
2082.29
2070.45
2043.7
2070.92
2073.29
2063.33
2109.56
2071.24
2087.56
2102
2102.52
2094.21
2096.35
2092.51
2079.13
2076.87
2086.89
2069.23
2051.23
2057.54
2059.73
2060.47
2060.42
2071.3
2061.67
2061.2
2059.74
2057.1
2046.6
2078.17
2092.75
2077.3
2096.62
2100.74
2079.69
2094.81
2097.5
2102.91
2122.83
2113.42
2119.78
2119.2
2084.12
2096.95
2117.89
2104.53
2116.33
2086.65
2058.41
2095
2080.08
2092.88
2086.41
2093.55
2079
2073.58
2114.69
2089.48
2089.61
2121.73
2095.23
2094.9
2120.64
2074.74
2105.07
2094.46
2099.62
2094.03
2114.48
2096.7
2096.11
2075.64
2068.57
2074.15
2119.95
2107.35
2121.56
2101.5
2074.54
2097.27
2085.67
2087.17
2098.99
2095.03
2101.09
2065.91
2078.57
2058.13
2072.15
2063.54
2080.51
2066.87
2066.48
2093.95
2087.61
2091.1
2068.09
2095.79
2094.4
2107.46
2099.62
2103.86
2090.95
2096.47
2086.02
2081.53
2114.37
2100.6
2089.15
2099.93
2088.82
2115.53
2075.49
2049.17
2110.56
2087.18
2080.71
2078.28
2072.71
2109.76
2079.59
2120.02
2087.1
2101.55
2087.7
2090.43
2105.22
2086.22
2082.53
2055.68
2097.19
2083.98
2098.08
2110.76
2073.56
2096.91
2081.43
2090.74
2101.92
2085.85
2102.72
2091.18
2114.74
2095.84
2077.13
2102.89
2075.14
2086.47
2099.7
2098.97
2105.69
2087.79
2071.19
2065.34
2063.87
2082.55
2096.05
2072.49
2085.18
2083.36
2078.36
2055.25
2074.82
2081.25
2083.95
2060.93
2111.76
2076.05
2057.57
2085.55
2090.57
2102.16
2106.97
2081.66
2114.6
2087.04
2092.44
2123.38
2097.32
2089.22
2097.42
2114.81
2086.61
2101.92
2125.8
2076.19
2111.96
2123.43
2087.37
2105.75
2057.71
2072.64
2064.8
2074.12
2074.31
2064.66
2091.83
2081
2074.14
2072.79
2086.48
2082.16
2056.57
2092.4
2076.18
2107.99
2105.04
2074.56
2098.32
2077.13
2071.62
2101.13
2103.31
2107.75
2063.21
2073.04
2080.42
2081.17
2063.67
2091.15
2118.6
2097.31
2101.91
2090.91
2077.26
2104.76
2099.64
2088.29
2095.6
2098.3
2103.88
2070.67
2080.89
2062.8
2078.96
2104.73
2082.49
2099.45
2090.43
2074.6
2090.23
2081.29
2082.12
2110.76
2100.08
2092.27
2101.98
2054.5
2100.31
2113.26
2088.43
2090.73
2102.58
2099.98
2087.17
2078.77
2099.45
2083.18
2095.91
2091.2
2100.76
2092.82
2064.36
2109.67
2071.66
2072.12
2104.97
2068.18
2085.91
2089.17
2076.35
2092.41
2071.84
2097.26
2107.46
2105.03
2091.37
2107.76
2096.65
2099.13
2093.24
2067.12
2080.5
2085.06
2108.69
2082.27
2072.48
2103.94
2114.1
2098.43
2083.09
2093.47
2107.82
2117.39
2079.65
2108.52
2111.01
2108.27
2131.17
2117.46
2101.94
2115.21
2095.83
2097.65
2129.1
2069.37
2121.63
2105.74
2086.22
2112.64
2072.23
2104.36
2075.23
2089.93
2090.19
2111.17
2102.38
2085.53
2081.08
2082.74
2070.78
2107.96
2112.56
2095.36
2113.73
2090.1
2081.75
2087.22
2098.93
2111.92
2111.78
2135.04
2099.78
2101.68
2101.54
2096.59
2089
2103.24
2084.51
2100.09
2114.04
2100.39
2093.32
2105.25
2079.52
2097.09
2091.48
2095.73
2099.4
2090.62
2089.48
2098.21
2092.87
2110.08
2070.31
2084.31
2115.71
2083.72
2091.57
2077.6
2074.07
2103.95
2088.11
2047.81
2066.43
2085.94
2088.73
2068.47
2097.1
2091.45
2080.83
2095.16
2070.47
2079.27
2075.53
2093.76
2073.53
2092.11
2072.15
2055.1
2086.48
2097.14
2092.55
2079.68
2081.28
2075.71
2108.19
2090.7
2078.77
2095.13
2101.55
2100.06
2104.61
2081.07
2097.76
2086.05
2117.31
2093.89
2097.24
2100.57
2083.32
2099.03
2111.14
2095.12
2112.96
2099.75
2079.38
2113.3
2071.67
2116.53
2127.89
2111.59
2089.98
2085.87
2084.17
2069.77
2091.11
2097.31
2072.28
2102.26
2100.06
2088.59
2083.61
2098.3
2097.16
2091.33
2072.09
2073.43
2094.31
2114.03
2096.57
2102.28
2077.39
2086.75
2093.88
2071.46
2088.17
2072.08
2056.37
2082.31
2099.63
2087.84
2098.8
2089
2089.71
2070.43
2092.01
2109.27
2061.42
2082.01
2083.74
2059
2103.45
2072.52
2105.62
2121.4
2084.98
2104
2078.59
2099.44
