0.472482
0.474363
0.479098
0.481343
0.488501
0.479569
0.489247
0.480438
0.498578
0.49692
0.496843
0.495951
0.495448
0.481287
0.488352
0.478924
0.475781
0.479445
0.474825
0.468784
0.470652
0.472887
0.463493
0.462806
0.456355
0.462328
0.449965
0.447552
0.443605
0.439711
0.436796
0.437037
0.429889
0.436096
0.435655
0.438301
0.437675
0.442394
0.435458
0.446812
0.458835
0.458207
0.460002
0.449989
0.454346
0.451546
0.449211
0.456406
0.44983
0.45274
0.462224
0.46618
0.46759
0.460399
0.454984
0.457729
0.459147
0.451645
0.447483
0.449813
0.459745
0.455655
0.451983
0.456187
0.455794
0.459938
0.466615
0.466874
0.470449
0.4706
0.467563
0.478893
0.475077
0.475723
0.47755
0.476392
0.483068
0.48754
0.492659
0.499446
0.490161
0.494111
0.495383
0.486461
0.495557
0.497163
0.485717
0.483679
0.470977
0.463804
0.476072
0.474132
0.470136
0.462458
0.463719
0.458537
0.452716
0.464979
0.454559
0.455549
0.464306
0.462746
0.463118
0.469105
0.442761
0.455553
0.45795
0.461181
0.461063
0.473125
0.464959
0.454435
0.455147
0.449002
0.451932
0.460877
0.462315
0.462825
0.460911
0.455567
0.446723
0.447898
0.447107
0.45089
0.442915
0.450588
0.440991
0.443256
0.435335
0.439323
0.440126
0.450624
0.442578
0.446552
0.451073
0.453796
0.456177
0.44841
0.460016
0.463222
0.475992
0.4718
0.470363
0.469407
0.473774
0.471337
0.463354
0.477569
0.47385
0.467007
0.47431
0.469862
0.481979
0.469049
0.464653
0.474356
0.468641
0.472556
0.472572
0.469529
0.471728
0.477227
0.48943
0.482434
0.477615
0.464776
0.464403
0.463327
0.460732
0.457161
0.452857
0.462442
0.458102
0.473127
0.469774
0.465589
0.467936
0.459509
0.472565
0.477401
0.479404
0.47467
0.478641
0.490975
0.483286
0.465675
0.474587
0.477746
0.473427
0.483811
0.475712
0.460376
0.46694
0.452496
0.448282
0.45116
0.452279
0.45131
0.453813
0.457113
0.456868
0.452039
0.452112
0.45644
0.456862
0.465048
0.45385
0.472303
0.467409
0.468823
0.480087
0.485186
0.488502
0.477124
0.469201
0.484584
0.470914
0.480862
0.488021
0.483368
0.48115
0.478884
0.48897
0.489828
0.486519
0.497168
0.484518
0.494325
0.483587
0.473878
0.478183
0.471579
0.46553
0.468607
0.466976
0.471909
0.472741
0.486973
0.484117
0.473026
0.468736
0.474116
0.482754
0.474309
0.482523
0.479978
0.490256
0.49222
0.48035
0.492836
0.487908
0.484522
0.486532
0.481505
0.484338
0.47883
0.482043
0.48765
0.488256
0.476182
0.480897
0.481672
0.484892
0.477635
0.479817
0.477753
0.493039
0.490687
0.487223
0.478893
0.478826
0.486992
0.474776
0.479077
0.477642
0.481757
0.490484
0.486974
0.486461
0.475013
0.477011
0.486392
0.482419
0.471599
0.479958
0.477411
0.47531
0.483778
0.472515
0.488352
0.492933
0.489786
0.489571
0.487851
0.495051
0.487463
0.477691
0.492214
0.489856
0.488841
0.487523
0.504091
0.496406
0.491098
0.493754
0.491621
0.490419
0.495196
0.488352
0.487672
0.486516
0.478187
0.478701
0.473322
0.481291
0.493351
0.493028
0.487738
0.495159
0.483079
0.494204
0.488675
0.473548
0.482666
0.478316
0.473217
0.474597
0.467958
0.485408
0.485469
0.47105
0.473268
0.476384
0.487583
0.480634
0.47518
0.488295
0.49138
0.490156
0.494517
0.484797
0.482061
0.489337
0.471827
0.472485
0.481867
0.460845
0.476215
0.481716
0.474719
0.475168
0.466377
0.472559
0.463054
0.459452
0.458906
0.469972
0.45612
0.451092
0.446282
0.448721
0.44355
0.457435
0.462707
0.469662
0.467638
0.456871
0.457516
0.469648
0.470936
0.470161
0.47944
0.473158
0.472668
0.461011
0.467937
0.461145
0.460839
0.463055
0.450314
0.458464
0.465722
0.454538
0.456261
0.459744
0.451679
0.458232
0.459064
0.454467
0.459776
0.455251
0.450811
0.458725
0.463277
0.470813
0.467204
0.468742
0.475095
0.467483
0.469982
0.465783
0.46208
0.460404
0.456146
0.45057
0.451694
0.456045
0.453945
0.452337
0.466674
0.467693
0.46457
0.463537
0.459791
0.459194
0.461835
0.454954
0.455461
0.45578
0.451724
0.451463
0.456801
0.4531
0.458626
0.450533
0.45845
0.460496
0.469571
0.463303
0.458182
0.459203
0.466379
0.474983
0.471885
0.461541
0.469615
0.47294
0.475152
0.469061
0.463762
0.466348
0.468465
0.471436
0.473408
0.465375
0.473701
0.464227
0.46138
0.465364
0.447919
0.460291
0.477367
0.465644
0.471486
0.471176
0.469237
0.448769
0.456287
0.459778
0.44776
0.45105
0.452157
0.452893
0.450632
0.456342
0.463291
0.462659
0.450325
0.454526
0.455881
0.464664
0.456789
0.452201
0.444298
0.457378
0.457862
0.440706
0.442847
0.444025
0.4373
0.448484
0.457323
0.451505
0.453145
0.451496
0.452783
0.457094
0.462767
0.468729
0.450561
0.456404
0.45292
0.442227
0.453837
0.449779
0.458547
0.454418
0.452819
0.459261
0.45096
0.465056
