2theta,Intensity
0.0,5247082.05956794
0.05,6900909.44425332
0.1,7225289.78150538
0.15,7573085.42387468
0.2,7946604.87557446
0.25,8348448.22953716
0.3,8781552.4942896
0.35,9249245.35668291
0.4,9755309.22306204
0.45,10304057.84674483
0.5,10900428.44921969
0.55,11550093.02012292
0.6,12259593.49677642
0.65,13036506.86050993
0.7,13889647.95912148
0.75,14829320.23404665
0.8,15867627.72596353
0.85,17018866.08158077
0.9,18300016.26239008
0.95,30042780.09416911
1.0,36210518.07670961
1.05,38715581.2091093
1.1,41510805.11697495
1.15,44645530.60779192
1.2,48180477.15670022
1.25,52191120.58217955
1.3,56772316.77733763
1.35,62044729.34366346
1.4,68163917.16065395
1.45,75333424.30344598
1.5,83824028.45769888
1.55,94002704.21318524
1.6,106377343.63962698
1.65,125234762.26917776
1.7,144655455.00812885
1.75,169629494.8613022
1.8,202618844.96476775
1.85,247637239.46595705
1.9,311583148.4822995
1.95,407159261.33659464
2.0,561971747.3977096
2.05,878337749.071527
2.1,1888182433.4690876
2.15,5213881694.442117
2.2,11758216095.84802
2.25,21204449305.460903
2.3,17208510714.512314
2.35,11672541303.56193
2.4,8730343399.383474
2.45,7928593042.766496
2.5,7934188611.243205
2.55,8177351167.713818
2.6,8523212280.815517
2.65,8943540239.676237
2.7,9431752506.110237
2.75,9991220434.887156
2.8,10634290331.218336
2.85,11369213665.82785
2.9,12223999806.423166
2.95,13252334308.173384
3.0,14592502271.83986
3.05,16905194079.846016
3.1,22936564270.302692
3.15,37007935763.71721
3.2,52808818238.091774
3.25,48473108042.156
3.3,34086407436.133396
3.35,27136230433.011227
3.4,26539525035.339207
3.45,28176967074.696632
3.5,30636711732.64178
3.55,33720094770.55061
3.6,37471698104.740456
3.65,42021631585.643295
3.7,47638598118.63707
3.75,55032103821.85017
3.8,65663349408.26835
3.85,79715034264.03006
3.9,92637028297.78442
3.95,105121381430.03326
4.0,124188406206.5119
4.05,152888687649.56323
4.1,194303577026.0619
4.15,255759280998.3946
4.2,350903421128.402
4.25,513402462738.8694
4.3,896062590074.2911
4.35,2259957945291.962
4.4,6404118089089.229
4.45,12827240548077.578
4.5,13085273562572.535
4.55,6712742245969.318
4.6,2393244122082.7593
4.65,934985402775.3629
4.7,527466732736.86456
4.75,358653427309.34717
4.8,261662116591.77722
4.85,199780891739.79742
4.9,158978279948.76004
4.95,133820318091.98866
5.0,121532685894.4848
5.05,113035137761.0208
5.1,98199657856.5018
5.15,79451647342.72472
5.2,63306833084.494835
5.25,53029628998.17439
5.3,46572871977.70012
5.35,41905489495.25447
5.4,38235197490.5694
5.45,35283575116.74823
5.5,33218499363.115734
5.55,31423751556.788116
5.6,30114552597.77843
5.65,29285488946.998043
5.7,28980418367.103863
5.75,29401092166.783535
5.8,31427154269.953224
5.85,37251761852.81549
5.9,48040743546.281105
5.95,58532502290.71762
6.0,65057847539.024895
6.05,66342545627.26585
6.1,65880222351.1404
6.15,74663501062.65512
6.2,102728693870.42596
6.25,188982105971.40033
6.3,478113042771.6207
6.35,1164130922961.917
6.4,1931879905795.393
6.45,1882404271281.0786
6.5,1067752204490.6542
6.55,420934766684.9641
6.6,167440173700.82446
6.65,93247386763.87512
6.7,60082255797.33925
6.75,44839303790.10733
6.8,35346375959.522934
6.85,30564218308.86147
6.9,27913496265.110645
6.95,23236593190.457745
7.0,18802821202.550446
7.05,16588916589.489962
7.1,15616758763.110577
7.15,15125444042.051277
7.2,15963421821.955093
7.25,17481973506.837234
7.3,17274610620.58954
7.35,17017768116.420647
7.4,19768761934.741886
7.45,25922848208.220215
7.5,32513376800.473026
7.55,40200377901.21332
7.6,65547600503.69358
7.65,168071473504.79898
7.7,427565229913.6418
7.75,687665520604.4099
7.8,528673033407.4785
7.85,231179697193.27176
7.9,84918882890.12004
7.95,42561946017.54967
8.0,29946447281.18604
8.05,25548449860.79689
8.1,23529113966.7344
8.15,21310933834.305843
8.2,20073346183.37238
8.25,18546687899.55599
8.3,15806651537.197783
8.35,13461117559.402704
8.4,12536032283.749296
8.45,12408869326.484135
8.5,12961733789.467924
8.55,14325047558.777685
8.6,16614815881.613194
8.65,19593517444.38332
8.7,24939778806.15811
8.75,34675897968.69401
8.8,57206115533.56491
8.85,131243667014.33353
8.9,341096787578.36
8.95,679520665359.0167
9.0,846416398522.8416
9.05,714106622754.2079
9.1,411654357573.9361
9.15,174616360466.3515
9.2,76236039148.51398
9.25,46750885601.71293
9.3,33908268157.320576
9.35,25123906438.846146
9.4,20103848938.026714
9.45,18266506571.012955
9.5,17154201607.120342
9.55,15389441056.171377
9.6,14534709372.330944
9.65,14995862803.23667
9.7,16612988928.748976
9.75,19673025976.551838
9.8,24257837670.83214
9.85,33586060089.97603
9.9,62356303960.07398
9.95,154668596833.96594
10.0,355549696848.1913
10.05,561297323738.4684
10.1,576055428961.8491
10.15,395164563054.06146
10.2,226101036413.9513
10.25,150478817172.82593
10.3,102136150227.82483
10.35,56451606378.715904
10.4,30387082375.765354
10.45,20081842984.76238
10.5,15384077592.964457
10.55,12332914034.954128
10.6,9843081441.7925
10.65,8147982277.308504
10.7,7229323049.629917
10.75,6727282823.145808
10.8,6437286980.01588
10.85,6368771221.345185
10.9,6797145328.822704
10.95,6984736511.129149
11.0,6217078972.680914
11.05,4791510883.643577
11.1,3844564771.171165
11.15,3824818803.7054853
11.2,4432848516.229856
11.25,5246732410.78101
11.3,5207323941.140532
11.35,4677465738.161701
11.4,4313629730.107181
11.45,4018676849.9361734
11.5,3682560985.7504435
11.55,3449220393.775074
11.6,3516777335.639781
11.65,4097883425.3272915
11.7,5570379881.556183
11.75,9420884279.419153
11.8,18358726096.60941
11.85,29641887614.096092
11.9,32597149515.3792
11.95,39125300570.90924
12.0,55046631986.69564
12.05,63912226329.50865
12.1,60629110078.5477
12.15,41167509846.70198
12.2,21492560753.120857
12.25,13003534511.38467
12.3,11590111286.671534
12.35,12314469584.640337
12.4,13809477004.03914
12.45,16754972763.162964
12.5,23366278624.773705
12.55,43380748778.720085
12.6,107966802861.10477
12.65,249733820575.74014
12.7,400216431159.32074
12.75,427639828174.5043
12.8,310030338570.5053
12.85,168367802575.67883
12.9,94271379822.73358
12.95,57767764505.30595
13.0,31844853200.663593
13.05,17453005191.586224
13.1,11198326446.052912
13.15,8316376397.995575
13.2,6650284492.228504
13.25,5656645943.562392
13.3,5210876953.784903
13.35,4975191293.662355
13.4,4540769563.299279
13.45,3988820534.352442
13.5,3523994503.82405
13.55,3406355568.0576406
13.6,4045149319.0966306
13.65,5090241547.1012125
13.7,5441232845.070911
13.75,5440511626.211367
13.8,5476594243.852095
13.85,4942767529.071253
13.9,4073022827.9621105
13.95,3803457897.1327014
14.0,3876217278.3449025
14.05,3545792448.0090003
14.1,3530828064.9756155
14.15,4734706607.526373
14.2,6010723728.3933
14.25,6198579225.848351
14.3,5637789538.824473
14.35,4977526698.070386
14.4,4557627202.941636
14.45,4598833209.154406
14.5,5133727671.735351
14.55,5357225558.082286
14.6,4924787438.361996
14.65,4779842502.832345
14.7,5435397751.872164
14.75,6370728587.228206
14.8,8533655690.789028
14.85,16427722428.789614
14.9,38036601655.1488
14.95,70772867649.9335
15.0,90911919620.23697
15.05,93787852681.31775
15.1,84032561092.6393
15.15,53633838435.99123
15.2,24158330111.678276
15.25,10548928669.984734
15.3,6356294586.149256
15.35,5258142057.439311
15.4,5267421173.407525
15.45,6397629693.211524
15.5,9078141813.92903
15.55,11317043120.149176
15.6,9004690940.309845
15.65,6122480047.780317
15.7,5253124816.884717
15.75,5427327005.903027
15.8,6521671279.489153
15.85,7885469391.2697935
15.9,8473045374.14516
15.95,7917049724.506138
16.0,6376582975.36439
16.05,6884011122.781636
16.1,13262183955.077589
16.15,27219731698.733322
16.2,39943044069.86925
16.25,40755180982.822525
16.3,29059011498.16097
16.35,16786836627.657675
16.4,12359281014.049208
16.45,11894494607.082558
16.5,11994092577.815231
16.55,11291776800.480263
16.6,9159282542.63054
16.65,6445311691.023181
16.7,5245300795.681813
16.75,5829076581.909505
16.8,6912360630.283445
16.85,6932115199.60971
16.9,5904440281.373197
16.95,4545861065.678182
17.0,3695984887.2155285
17.05,3342519771.7381535
17.1,3309495415.0517764
17.15,3199163756.1083026
17.2,2860839363.5382247
17.25,2374806778.9915185
17.3,1970547134.30324
17.35,1677558829.6751745
17.4,1527440118.9901917
17.45,1590489103.8950222
17.5,1959871192.5931897
17.55,2429785492.6764135
17.6,2617990888.6775036
17.65,2648249810.74794
17.7,2680148691.959924
17.75,2875911506.084074
17.8,3702507925.04086
17.85,5337823056.38825
17.9,9191265507.00914
17.95,18994931480.750748
18.0,33332491134.080364
18.05,42759241833.17714
18.1,45249321338.12812
18.15,48733911890.70163
18.2,42995161048.525856
18.25,28872239590.12446
18.3,20082048116.986897
18.35,15838158912.742105
18.4,11147518589.456182
18.45,7803530376.746852
18.5,7845388347.311306
18.55,9645072503.99603
18.6,10032320900.869074
18.65,8574694393.659342
18.7,7014266410.362625
18.75,5679687982.766759
18.8,4201740010.9597096
18.85,3409744674.3365054
18.9,3498269570.1518016
18.95,4388083088.932133
19.0,5070083937.119027
19.05,4435987836.586012
19.1,3160270451.1742296
19.15,2582428394.391743
19.2,2787347773.1973963
19.25,3046894294.989241
19.3,3572651420.108687
19.35,4432682204.123194
19.4,4669977054.5296955
19.45,4473620561.680665
19.5,4222512205.5729413
19.55,4382711165.462228
19.6,4744857527.816631
19.65,4394764981.852931
19.7,3972726963.2013793
19.75,3809376002.6359196
19.8,3639067421.2661114
19.85,3880689330.9754553
19.9,5846045275.781154
19.95,10737676644.762573
20.0,16572116776.683655
20.05,19208895943.90902
20.1,20144882215.30616
20.15,18273357066.08515
20.2,12280301056.517315
20.25,7443892275.828985
20.3,5533034870.221052
20.35,5225402207.315556
20.4,6350228074.146546
20.45,9927729131.609524
20.5,14427081112.058626
20.55,19685883407.264446
20.6,25650529935.35893
20.65,25097085259.137787
20.7,18217022474.2555
20.75,13865441535.9489
20.8,12380290734.419405
20.85,11037145865.256779
20.9,11312180561.061878
20.95,11745868174.146109
21.0,9408788042.026022
21.05,6781787478.666138
21.1,5849653275.85994
21.15,5557629193.942866
21.2,5689522782.394243
21.25,6035351388.82934
21.3,5889931861.2793865
21.35,5586399322.467293
21.4,5746398190.612178
21.45,6070618167.366568
21.5,5858165613.005971
21.55,5849938162.911515
21.6,6617518073.121361
21.65,7217915182.239169
21.7,7823010691.493496
21.75,9724511422.669043
21.8,15140134123.00018
21.85,28993124918.33564
21.9,48759441612.275085
21.95,58474556374.09698
22.0,56680675482.6216
22.05,57313054468.66476
22.1,57136635576.08203
22.15,42455721799.52153
22.2,21961807119.630863
22.25,10994645651.176954
22.3,7641323158.798771
22.35,6605549865.886652
22.4,6677486851.424362
22.45,9672192764.986286
22.5,15803326894.958244
22.55,19755443408.99238
22.6,20180488698.73243
22.65,20093007335.35678
22.7,18704337340.43768
22.75,14897304845.080193
22.8,10703197419.48199
22.85,8958053785.35311
22.9,8347667650.0456295
22.95,7841055142.290009
23.0,7320950853.392711
23.05,6839639768.875008
23.1,6276166416.168084
23.15,5922812632.549564
23.2,6339312587.939465
23.25,7633255020.640358
23.3,9163677862.358374
23.35,10858440325.616795
23.4,15179729825.829794
23.45,30307199436.96051
23.5,70710953157.83742
23.55,130985779831.36798
23.6,161306356207.29498
23.65,134641582219.52452
23.7,73347513871.02464
23.75,31920994949.57119
23.8,17545098121.800877
23.85,15139135914.360176
23.9,15569686458.708672
23.95,16794101433.732744
24.0,19306432892.238842
24.05,25808532245.23512
24.1,37358983879.77218
24.15,46192506476.37093
24.2,44004677821.80969
24.25,43664641402.81901
24.3,65198906520.62222
24.35,101622279195.58719
24.4,125366134136.58575
24.45,120032499390.24144
24.5,111468880898.11966
24.55,87496866289.46654
24.6,51657361618.97632
24.65,31916642424.12748
24.7,32791947978.36661
24.75,49152523991.53304
24.8,64138422413.0995
24.85,65779563937.79204
24.9,63914807259.67404
24.95,59253654355.44765
25.0,46828906492.80803
25.05,31076127973.781227
25.1,20274963897.569344
25.15,14591501268.824669
25.2,11595437573.80338
25.25,10552747481.563059
25.3,9128064805.475502
25.35,7060653808.636197
25.4,6138265516.931671
25.45,7089797586.718875
25.5,8886185130.838758
25.55,9929011461.888525
25.6,9523532403.788025
25.65,8643037389.037313
25.7,8738137122.399645
25.75,9849289307.97176
25.8,11198947168.140902
25.85,15787853932.255657
25.9,29118916656.628117
25.95,52069018268.19906
26.0,68535868128.48211
26.05,67387551382.68549
26.1,62264473009.75645
26.15,65017152221.712494
26.2,60669565014.19314
26.25,41297928891.401985
26.3,21861777979.160442
26.35,13721368610.812437
26.4,11739492647.136694
26.45,9965526288.403582
26.5,9023365861.159163
26.55,8885332600.815018
26.6,9402635203.89878
26.65,11019079845.295877
26.7,12198659597.144327
26.75,12443176287.349012
26.8,12566971969.077776
26.85,14124368610.762453
26.9,16298425333.489513
26.95,16814425405.726208
27.0,16931580548.312702
27.05,16960521999.53152
27.1,18837850772.087463
27.15,18514302154.259098
27.2,15512976375.064789
27.25,12020231715.98141
27.3,9298330123.497892
27.35,8933942270.194668
27.4,10961657798.856735
27.45,14591913280.419683
27.5,18335979702.673985
27.55,20720948455.233536
27.6,22386327705.08657
27.65,27135876854.40997
27.7,39568852254.43212
27.75,83541465394.98004
27.8,217469476633.2641
27.85,424118895222.6468
27.9,439643640133.239
27.95,251782616998.49954
28.0,116266257651.85463
28.05,68529318542.32863
28.1,77363781441.84673
28.15,134808772536.56985
28.2,217182536724.12595
28.25,242223094405.07184
28.3,187815354420.54745
28.35,99682745082.46388
28.4,45164161568.79529
28.45,26518815742.676384
28.5,22063336328.043377
28.55,21378365185.69702
28.6,21721997902.89019
28.65,22261407071.15025
28.7,21507360414.698574
28.75,20331977515.16982
28.8,22815042649.808926
28.85,31940729669.569466
28.9,42565394119.5712
28.95,42367071534.97154
29.0,37445620391.268005
29.05,31538685167.1251
29.1,21410951552.4973
29.15,14370318776.800774
29.2,13847613073.050438
29.25,15993599991.120869
29.3,16168199432.086578
29.35,15404684182.418238
29.4,14367703819.73969
29.45,12197752441.060217
29.5,8432965239.924703
29.55,6315242495.824701
29.6,5696214025.008406
29.65,5492112767.640001
29.7,4944413370.789826
29.75,4223867029.142657
29.8,3833776864.9845505
29.85,3756475613.904113
29.9,3876872365.371711
29.95,4028763705.03988
30.0,4541338429.055474
30.05,5338222413.853416
30.1,5716825766.513029
30.15,5931079737.926846
30.2,7221040890.715134
30.25,10071129314.898504
30.3,12947582242.69789
30.35,16516644350.084944
30.4,20690866330.60705
30.45,20268088846.8147
30.5,17503474081.47582
30.55,16602630100.337326
30.6,15481186535.242516
30.65,15563441788.231056
30.7,14088812024.320072
30.75,8683759152.034967
30.8,4705962454.933219
30.85,3219039984.9662914
30.9,3044266820.251882
30.95,3531912711.3079653
31.0,4333145899.260775
31.05,4687082000.511204
31.1,4320754175.482211
31.15,4485208001.132974
31.2,4840875239.797601
31.25,4530564892.825578
31.3,4602098643.11233
31.35,5180215240.261751
31.4,4653817586.268177
31.45,3643846792.131842
31.5,3366282155.4427967
31.55,3298278250.1286364
31.6,3099519783.1481633
31.65,3598967490.6934547
31.7,5012868505.9333935
31.75,5753156006.525935
31.8,5156822839.202488
31.85,4248042836.8247323
31.9,3878760497.7015963
31.95,4892234110.639362
32.0,7288505973.404967
32.05,9876425172.493713
32.1,10752496891.16149
32.15,8210923921.594285
32.2,4668220486.165463
32.25,2856733826.738561
32.3,2265246730.7399945
32.35,2155040937.81745
32.4,2392041911.3461723
32.45,2793555611.8357472
32.5,3065216055.7382374
32.55,3118530293.407813
32.6,3007199495.081545
32.65,3302861128.0361004
32.7,4084573507.14401
32.75,4903943253.807344
32.8,6186241642.224049
32.85,8072381034.273674
32.9,10552462303.499186
32.95,14988987995.34103
33.0,19092452306.194374
33.05,17822191754.514477
33.1,16120005626.427612
33.15,15788596464.12525
33.2,13669120832.54041
33.25,8799938455.292032
33.3,4948312071.069691
33.35,3581285372.0446362
33.4,3420611825.075202
33.45,3824428244.1912084
33.5,4947574715.478826
33.55,6022388827.848981
33.6,6139629467.976225
33.65,5986807326.9707575
33.7,5335894848.289053
33.75,4651384158.526962
33.8,4446877688.999048
33.85,4493980489.576975
33.9,4774407606.543095
33.95,5057318809.984074
34.0,5082227885.391574
34.05,4511080911.946668
34.1,4127996757.9249787
34.15,4047318987.009001
34.2,4043539544.0042105
34.25,4092769012.4207697
34.3,4116397706.309299
34.35,3951945589.448306
34.4,3756649327.3528
34.45,3282523215.8150687
34.5,2928761873.2248664
34.55,3767736280.1814804
34.6,5668074143.519421
34.65,6610372192.832331
34.7,6970157999.169534
34.75,7439885053.82611
34.8,7069249439.146249
34.85,6949948733.9902315
34.9,7556796878.736487
34.95,6759916465.86554
35.0,5164768543.166656
35.05,4203925587.0366282
35.1,3820997682.8518567
35.15,3133274076.7755003
35.2,2468491926.6238623
35.25,2363540598.144297
35.3,2635684181.5611916
35.35,3063930883.6795373
35.4,4285543261.8777466
35.45,7182858446.817322
35.5,10333441161.752808
35.55,11174194592.239498
35.6,11023924140.324045
35.65,10321482906.367731
35.7,8823230545.844805
35.75,7121711921.965992
35.8,6178966013.248783
35.85,5511696448.831375
35.9,4841413391.360095
35.95,4408183834.343412
36.0,4550055270.514951
36.05,6134453443.358479
36.1,8799067658.58834
36.15,8678029847.220512
36.2,6014599424.385234
36.25,4148245921.1700063
36.3,3947237413.2018714
36.35,4785102234.012639
36.4,5597884573.667658
36.45,5592928190.660421
36.5,4603943912.700963
36.55,3476175971.3453445
36.6,3167370596.655518
36.65,3699596784.642884
36.7,4977100779.903707
36.75,6724975583.363541
36.8,7250610958.911155
36.85,5926427284.647584
36.9,5388860873.885521
36.95,6259501401.866182
37.0,6502713564.722937
37.05,5565882044.01045
37.1,5622081382.337504
37.15,5870917344.849845
37.2,4918054518.109152
37.25,4523838627.903647
37.3,4838702596.239307
37.35,4589070484.686953
37.4,3939450187.9724817
37.45,3855063285.876746
37.5,5025666450.225203
37.55,6450676121.095763
37.6,7408709603.98188
37.65,8649964016.881615
37.7,9455351119.184048
37.75,9240402202.32603
37.8,7604569670.38195
37.85,5694651543.448352
37.9,4696315773.554339
37.95,4186062335.911927
38.0,3868806154.446866
38.05,3726784877.832688
38.1,3554052093.2731204
38.15,3710112101.3054376
38.2,4489662608.843696
38.25,5601029387.063407
38.3,6665187294.910917
38.35,8631837630.215942
38.4,10812713703.869925
38.45,11653016318.518974
38.5,11878459924.17611
38.55,11945921548.44316
38.6,10028095698.172192
38.65,6415111701.293204
38.7,4038018558.841874
38.75,3036685356.6393657
38.8,2508899723.3016076
38.85,2283545495.602727
38.9,2670979461.3335834
38.95,3991479922.875201
39.0,6008575085.93979
39.05,7212799650.530427
39.1,6354660853.915498
39.15,5341136153.951128
39.2,6092587996.963808
39.25,7770880145.21744
39.3,8373086584.181631
39.35,7502842774.970821
39.4,7095674336.884017
39.45,6931041642.05096
39.5,6058110772.216416
39.55,4951245986.024213
39.6,4322170601.909881
39.65,4060219076.127917
39.7,3779496095.0933785
39.75,3733311309.7569013
39.8,4280107608.485476
39.85,4511966149.00498
39.9,4221518657.781299
39.95,4369455761.87177
40.0,5700967913.866476
40.05,7190223580.408175
40.1,7539076394.315045
40.15,7457232985.725941
40.2,6756650583.488209
40.25,5712128074.469875
40.3,4292360530.890925
40.35,3474413176.053972
40.4,3421435821.570181
40.45,3418160764.0911083
40.5,3078811322.5105395
40.55,3124389614.354921
40.6,3978976091.7679615
40.65,4805956094.913488
40.7,4520328633.953219
40.75,3717384315.5729694
40.8,3534098069.2665377
40.85,4286087285.3663025
40.9,5277981779.103349
40.95,5557806326.621567
41.0,4615065385.723629
41.05,3606631921.6390886
41.1,3237321143.477394
41.15,3317426329.926263
41.2,3404896624.7641253
41.25,3571177849.6990194
41.3,3987193346.6398234
41.35,4798683984.694991
41.4,5538238958.206732
41.45,5334297145.854679
41.5,4768944353.428831
41.55,4894495765.365366
41.6,5497853064.432597
41.65,6182190875.329249
41.7,6426714718.20447
41.75,6057825220.615839
41.8,6129977928.775255
41.85,7664475655.739232
41.9,11391006703.836966
41.95,15350160483.877306
42.0,14526828409.324501
42.05,10958327791.026546
42.1,8671456135.642508
42.15,8849690859.205757
42.2,9556917748.098186
42.25,9720591867.776583
42.3,8182831051.265555
42.35,5749531206.944281
42.4,4507519438.151472
42.45,4494878856.202124
42.5,4774760706.00797
42.55,4603764035.375939
42.6,4456840321.279932
42.65,4533707064.172439
42.7,4703690287.692675
42.75,4749696723.513992
42.8,5070343381.8682165
42.85,6822039153.154717
42.9,10552415489.31701
42.95,13499356198.384464
43.0,14537443876.93605
43.05,16139545609.723036
43.1,17576656031.5792
43.15,15931658902.496714
43.2,11353905665.467815
43.25,8000502735.85264
43.3,6401710734.517385
43.35,5454624496.010498
43.4,5373774969.134687
43.45,6256506819.155904
43.5,7551235872.907096
43.55,8512995095.188996
43.6,9064600026.313395
43.65,9374418510.79074
43.7,10593153191.427826
43.75,12554227320.195856
43.8,11151074383.000141
43.85,7987936760.903039
43.9,6501717467.3264475
43.95,7205871414.005364
44.0,8221045210.113049
44.05,8512052662.544243
44.1,8533213594.896059
44.15,11021802413.25443
44.2,16842381656.82913
44.25,20722436897.55257
44.3,20583352260.380447
44.35,21134421541.556843
44.4,22494340660.17046
44.45,25492019394.761646
44.5,24926850021.067066
44.55,19103185891.207848
44.6,11999210843.462574
44.65,8171834940.104887
44.7,7013039360.270971
44.75,6621725777.033592
44.8,6619728231.001153
44.85,6720857120.189753
44.9,6773926770.267003
44.95,6298990227.552793
45.0,5904866902.035672
45.05,5656229144.727847
45.1,4980917126.920442
45.15,4903110799.411269
45.2,6271615295.000744
45.25,8384320212.188474
45.3,9372979531.629204
45.35,8998333787.841473
45.4,8545068633.934952
45.45,8680644286.467915
45.5,8767252363.80126
45.55,8027900210.960691
45.6,6500251075.507103
45.65,5092843296.071581
45.7,4375446068.546251
45.75,4652524431.951273
45.8,5857698500.854631
45.85,8065630120.393976
45.9,11754717202.40552
45.95,15559357251.438066
46.0,15934835848.45328
46.05,14732089449.18614
46.1,14581433803.604185
46.15,15448960388.812464
46.2,15714804361.094576
46.25,15369110722.373232
46.3,13393940724.854397
46.35,11206322986.375046
46.4,9408549682.287018
46.45,7270277923.221053
46.5,5280360949.4374895
46.55,4297785221.250246
46.6,4079736293.983612
46.65,4365489226.90925
46.7,5051038495.063232
46.75,5350541041.958652
46.8,5114341214.159746
46.85,5136834492.960277
46.9,5662134970.863656
46.95,6234944035.541538
47.0,6446592852.894076
47.05,5953114266.141375
47.1,5283473911.717949
47.15,4767520498.669005
47.2,4684442585.504037
47.25,5077009030.59148
47.3,6248360020.639705
47.35,7796490458.286263
47.4,8638324680.80749
47.45,8963398255.99364
47.5,9367857720.966312
47.55,9478808525.55297
47.6,9852111982.04774
47.65,9641965197.768929
47.7,8209206072.117146
47.75,6506950834.045918
47.8,5188017651.725017
47.85,4257555659.3781414
47.9,3808555210.050937
47.95,3988604678.2110066
48.0,4565394411.06309
48.05,5261761078.452455
48.1,5708736571.198741
48.15,5458860090.3657675
48.2,5268110590.471466
48.25,5042454057.518801
48.3,4640859073.746466
48.35,4649408064.307736
48.4,4798359949.918855
48.45,4455765345.017258
48.5,4333825355.608729
48.55,4530219708.371
48.6,4752503430.914245
48.65,4771084803.366325
48.7,4573668624.635542
48.75,4803634911.30349
48.8,5943827782.853657
48.85,7129504343.545632
48.9,7359137504.163449
48.95,6891468968.82789
49.0,6949813126.71917
49.05,7733968112.190824
49.1,8071498629.162916
49.15,6922704632.267547
49.2,5231096629.683497
49.25,4189239851.686135
49.3,3776788778.959696
49.35,3809561452.296873
49.4,4011136900.6431355
49.45,4068440510.954677
49.5,4088493261.1977797
49.55,4462979326.2752285
49.6,5141918967.833072
49.65,5104143185.761581
49.7,4343844943.822982
49.75,3871972435.370426
49.8,4140931480.823429
49.85,4893030632.355319
49.9,5430106466.688513
49.95,4826640160.860736
50.0,3065823945.9744353
