1903.89
1907.37
1899.12
1909.08
1889.91
1874.79
1910.75
1892.19
1880.28
1909.44
1887.83
1900.14
1934.64
1904.17
1888.94
1906.28
1891.89
1903.26
1921.86
1898.16
1893.99
1914.27
1871.33
1889.53
1880.96
1876.97
1904.95
1903.64
1910.52
1889.5
1867.41
1900.22
1885.87
1878.49
1902.27
1872.38
1879.19
1886.83
1869.08
1896.79
1892.42
1881.48
1915.24
1876.6
1873.24
1900.91
1878.71
1882.13
1879.26
1888.13
1902.31
1892.47
1864.06
1873.1
1875.87
1873.69
1882.48
1886.73
1881
1870.33
1892.43
1879.73
1845.41
1891.29
1888.63
1854.16
1872.25
1870.96
1863.43
1887.22
1880.84
1868.53
1907.22
1888.38
1868.82
1895.27
1872.96
1850.82
1867.02
1869.8
1865.39
1905.24
1892.53
1870.73
1870.12
1869.42
1863.85
1889.81
1874.2
1892.23
1891.16
1891
1848.83
1891.17
1892.39
1857.35
1893.22
1888.15
1881.25
1875
1859.18
1883.08
1873.56
1846.44
1898.8
1863.23
1867.38
1881.98
1869.38
1900.37
1882.11
1869.69
1899.04
1884.68
1868.61
1874.28
1873.88
1896.77
1892.62
1877.56
1875.82
1887.02
1869.7
1867.97
1877.39
1902.26
1891.11
1883.44
1879.66
1864.45
1899.72
1900.4
1876.01
1880.35
1891.98
1861.92
1876.11
1897.52
1878.11
1876.37
1864.67
1878.82
1883.18
1894.71
1888.18
1871.26
1883.76
1908.44
1862.92
1877.77
1885.45
1875.38
1882.24
1900.19
1874.39
1861.78
1885.37
1884.87
1876.58
1905.42
1887.54
1863.99
1865.13
1881.33
1864.77
1865.53
1866.23
1862.48
1864.49
1886.14
1852.1
1881.3
1874.84
1853.87
1887.04
1863.2
1858.09
1866.9
1862.8
1876.35
1888.86
1858.95
1872.66
1874.22
1865.39
1875.51
1885.58
1889.1
1881.62
1895.84
1866.03
1860.14
1876.97
1889.42
1883.47
1864.99
1899.26
1893.71
1892.3
1886.72
1873.32
1874.81
1880.74
1873.71
1872.59
1859.92
1884.84
1890.55
1877.52
1889.22
1890.6
1875.19
1857.85
1873.1
1877.73
1870.3
1892.47
1877.42
1880.68
1892.09
1867.55
1863.1
1884.39
1877.43
1868.35
1863.63
1879.32
1892.56
1883.12
1892.02
1869.69
1861.56
1890.16
1894.77
1876.61
1889.3
1879.51
1845.97
1883.42
1893.12
1863.64
1874.46
1902.8
1859.09
1893.93
1909.25
1845.4
1883.29
1886.9
1849.7
1884.05
1877.05
1880.23
1889.97
1852.74
1849.08
1896.34
1871.14
1866.37
1898.53
1859.84
1865.06
1896.62
1877.51
1877.82
1898.9
1881.06
1877.48
1861.08
1865.57
1883.84
1880.86
1878.4
1876.88
1856.31
1878.55
1879.09
1855.77
1889.68
1874.69
1875.6
1868.27
1876.5
1873.59
1886.81
1863.39
1883.97
1890.45
1844.92
1878.72
1909.53
1899.46
1882.44
1858.92
1900.56
1908.39
1881.58
1894.69
1921.17
1889.97
1905.34
1909.19
1883.15
1898.98
1890.67
1877.48
1895.06
1904.17
1899.47
1895.72
1888.26
1895.07
1881.71
1869.98
1890.32
1887.83
1905.57
1881.82
1865.72
1892.66
1900.46
1874.15
1884.98
1870.02
1882.24
1892.64
1880.26
1885.59
1884.81
1896.14
1898.14
1878.99
1876.98
1883.07
1850.13
1878.66
1858.55
1852.31
1876.08
1838.72
1871.37
1882.18
1866.88
1884.69
1881.27
1879.23
1883.64
1859.38
1875.01
1860.35
1853.92
1881.77
1866.45
1874.09
1891.94
1872.63
1860.73
1862.7
1865.51
1869.36
1871.91
1876.33
1868.78
1885.61
1878.23
1835.13
1889.97
1882.16
1865.29
1881.02
1883.8
1873.95
1887.91
1874.4
1870.76
1869.63
1876.06
1877.39
1866.8
1887.44
1873.8
1883.57
1864.49
1879.23
1889.13
1882.95
1870.7
1874.37
1859.03
1874.93
1881.65
1851.58
1873.11
1881.68
1858.43
1882.07
1862.7
1864.82
1849.93
1854.52
1869.73
1890.56
1865.53
1876.41
1861.94
1882.14
1858.04
1874.25
1909.08
1878.82
1893.84
1880.83
1857.85
1872.13
1891.27
1893.4
1873.28
1877.33
1873.76
1892.71
1879.04
1883.29
1866.78
1887.64
1878.12
1870.76
1898.48
1898.42
1874.13
1862.04
1867.64
1901.26
1898.73
1890.94
1885.09
1880.99
1873.06
1863.73
1874.77
1890.93
1879.38
1877.77
1879.96
1888.17
1896.37
1906.77
1919.04
1877.62
1866.48
1882.58
1871.18
1886.49
1903.87
1875.8
1890.92
1897.45
1872.45
1875.26
1873.5
1863.58
1883.28
1882.97
1884.99
1875.92
1876.15
1888.47
1889.43
1890
1878.11
1874.63
1882.85
1904.48
1904.92
1900.6
1886.16
1880.52
1906.74
1894.66
1898.78
1883.86
1896.44
1919.49
1910.98
1913.2
1885.72
1891.5
1899.92
1896.51
1893.28
1915.76
1889.2
1869.88
1889.58
1889.5
1901.94
1907.28
1905.19
1883.26
1886.86
1895.83
1893.37
