0.477741
0.47855
0.485168
0.483411
0.476443
0.472188
0.482378
0.477472
0.474803
0.48267
0.478345
0.477918
0.489685
0.483734
0.480372
0.479777
0.47274
0.476308
0.484762
0.480191
0.481041
0.486184
0.475308
0.48419
0.483098
0.476336
0.482585
0.486139
0.483286
0.47011
0.467077
0.471487
0.4617
0.459813
0.463534
0.457747
0.459806
0.456227
0.453612
0.45906
0.46365
0.459397
0.463499
0.450078
0.446499
0.457373
0.456942
0.454067
0.449716
0.449865
0.453346
0.446235
0.43799
0.443978
0.4474
0.447092
0.45402
0.455995
0.455672
0.454161
0.460474
0.459267
0.445301
0.468028
0.464182
0.459318
0.470779
0.462502
0.460025
0.463726
0.454538
0.457374
0.472055
0.464615
0.463117
0.46179
0.455925
0.452589
0.458536
0.458023
0.462299
0.472386
0.46751
0.454625
0.447703
0.453212
0.449269
0.463988
0.456902
0.456046
0.459301
0.455967
0.447882
0.462757
0.459187
0.45045
0.460592
0.461107
0.454601
0.453257
0.456537
0.463003
0.463538
0.454373
0.469913
0.464295
0.464956
0.468532
0.46441
0.472792
0.471428
0.460804
0.466136
0.46469
0.454578
0.457686
0.456989
0.462886
0.466968
0.462663
0.459836
0.458935
0.453298
0.45192
0.461964
0.467778
0.45966
0.458477
0.454564
0.454948
0.465918
0.470681
0.46011
0.463263
0.467679
0.462275
0.471909
0.475486
0.467923
0.468009
0.465247
0.472176
0.4615
0.476256
0.477269
0.469458
0.46483
0.474453
0.464069
0.466266
0.468014
0.464784
0.456852
0.467137
0.46304
0.461344
0.4611
0.465493
0.46772
0.469706
0.46238
0.452313
0.45218
0.450862
0.458773
0.457903
0.453287
0.442273
0.456116
0.461095
0.456581
0.459011
0.465843
0.459279
0.46549
0.456038
0.454323
0.451871
0.44806
0.456627
0.462765
0.453196
0.455702
0.454451
0.450389
0.457091
0.469303
0.46183
0.463485
0.466902
0.454893
0.452982
0.45465
0.465756
0.467204
0.455274
0.467334
0.469452
0.476717
0.474919
0.474579
0.46502
0.477774
0.476274
0.478818
0.47123
0.474774
0.486502
0.477605
0.474692
0.473044
0.467741
0.461528
0.466973
0.461217
0.465394
0.47552
0.464526
0.468736
0.464059
0.456196
0.45626
0.458642
0.459984
0.460786
0.456009
0.460474
0.46373
0.465688
0.471933
0.462377
0.459988
0.469321
0.464302
0.473048
0.481644
0.474344
0.465806
0.481367
0.484814
0.477218
0.467254
0.478557
0.472704
0.475785
0.482943
0.46549
0.476529
0.472493
0.472718
0.481568
0.470032
0.472871
0.471108
0.461126
0.458181
0.468842
0.461154
0.458081
0.470413
0.457477
0.454286
0.464777
0.455495
0.46089
0.470925
0.458692
0.466526
0.453971
0.456813
0.462874
0.468761
0.465193
0.462153
0.461146
0.459296
0.462051
0.461439
0.468481
0.465701
0.459476
0.460811
0.456855
0.468491
0.471489
0.463319
0.468828
0.466892
0.458487
0.47046
0.478572
0.476818
0.469609
0.466959
0.472366
0.47402
0.465269
0.478807
0.487103
0.482406
0.480283
0.482422
0.469047
0.483676
0.48362
0.465439
0.473923
0.473561
0.481136
0.477838
0.471474
0.476998
0.474443
0.474827
0.476758
0.481413
0.48907
0.482242
0.473041
0.477484
0.476077
0.468823
0.468051
0.467312
0.461214
0.464548
0.461306
0.467576
0.462117
0.465746
0.471506
0.457284
0.454041
0.454901
0.444831
0.4513
0.44273
0.449582
0.451224
0.448475
0.459534
0.458152
0.457815
0.464371
0.458954
0.463445
0.461209
0.455379
0.45785
0.457123
0.447297
0.45893
0.453587
0.460999
0.463096
0.461448
0.459125
0.460595
0.457239
0.459306
0.459618
0.464804
0.459383
0.456291
0.460242
0.450543
0.461515
0.460033
0.465727
0.458782
0.459212
0.457898
0.468284
0.469527
0.467537
0.465412
0.465162
0.47167
0.470096
0.478716
0.469325
0.473429
0.466217
0.474182
0.469251
0.466973
0.466988
0.472289
0.466384
0.480117
0.48253
0.477402
0.480301
0.472495
0.466424
0.478616
0.477891
0.471631
0.465209
0.465969
0.470072
0.474981
0.469625
0.473786
0.459169
0.464378
0.45871
0.461553
0.478291
0.477378
0.473413
0.472441
0.465986
0.471903
0.479242
0.481219
0.474417
0.468601
0.468599
0.479385
0.478506
0.470232
0.466744
0.464402
0.466908
0.466207
0.476057
0.47716
0.46646
0.455645
0.461938
0.474918
0.469889
0.468628
0.469551
0.467286
0.471877
0.475144
0.477136
0.480487
0.486168
0.483438
0.479063
0.478049
0.482609
0.481909
0.482341
0.47372
0.463252
0.468383
0.463454
0.464819
0.470276
0.466543
0.466756
0.464463
0.46402
0.461444
0.462934
0.467715
0.469194
0.474114
0.476778
0.474478
0.477827
0.486856
0.487406
0.482599
0.483773
0.477777
0.479606
0.480693
0.483427
0.475552
0.466808
0.472329
0.476303
0.475325
0.474837
0.474181
0.478435
0.48365
0.473808
0.468943
0.452067
0.465973
0.471759
0.470652
0.472078
0.48349
0.470454
0.466601
0.469066
0.475989
0.485441
0.486336
0.478422
0.476748
0.473982
0.484155
0.470451
