0.669121
0.667294
0.669184
0.6661
0.670244
0.676284
0.665453
0.672291
0.673262
0.66505
0.672458
0.668873
0.658247
0.667723
0.670314
0.665587
0.669854
0.667635
0.662181
0.667789
0.667996
0.663671
0.673948
0.667782
0.670672
0.672494
0.665168
0.66579
0.666273
0.670765
0.677262
0.668807
0.675764
0.675637
0.670933
0.680143
0.677822
0.675834
0.682668
0.67602
0.676516
0.680603
0.670983
0.681363
0.680852
0.673412
0.680611
0.677579
0.678206
0.67798
0.67204
0.674533
0.684186
0.680214
0.679481
0.678459
0.67765
0.674714
0.675925
0.679642
0.673219
0.675715
0.683432
0.671613
0.671432
0.68072
0.674061
0.675313
0.678224
0.671374
0.674678
0.678511
0.668001
0.673677
0.679454
0.671301
0.678474
0.687157
0.680426
0.68046
0.679214
0.671767
0.673069
0.681147
0.682744
0.6818
0.683332
0.673867
0.678482
0.676101
0.674938
0.673294
0.683959
0.672779
0.673655
0.68302
0.670151
0.673018
0.674584
0.675114
0.679755
0.671703
0.673084
0.681526
0.664662
0.677013
0.675333
0.669466
0.677563
0.66696
0.671719
0.674184
0.667902
0.674285
0.678284
0.67732
0.678353
0.671871
0.670995
0.677959
0.677778
0.676203
0.682407
0.680799
0.678985
0.673396
0.675137
0.677606
0.676105
0.682129
0.671793
0.67066
0.677374
0.675642
0.673539
0.678529
0.673152
0.665986
0.672476
0.673064
0.67491
0.672771
0.67389
0.669807
0.670481
0.675957
0.67193
0.668138
0.679497
0.67558
0.672344
0.677017
0.676368
0.670039
0.677408
0.681343
0.675197
0.674554
0.675618
0.667793
0.674048
0.682418
0.681882
0.67796
0.680075
0.680639
0.680952
0.685097
0.681114
0.677373
0.686991
0.680448
0.67834
0.686583
0.676706
0.684885
0.686002
0.683086
0.685176
0.681081
0.67781
0.688445
0.683195
0.682142
0.685334
0.68112
0.676891
0.678461
0.679634
0.676802
0.68441
0.68509
0.679644
0.677036
0.677077
0.680177
0.669757
0.672415
0.671258
0.670289
0.674985
0.673806
0.669772
0.675381
0.671793
0.677659
0.671899
0.668034
0.672801
0.669908
0.670833
0.674163
0.678183
0.673844
0.674304
0.676129
0.668741
0.673805
0.674154
0.672328
0.679533
0.680167
0.676635
0.679734
0.679997
0.681273
0.676839
0.674962
0.675703
0.672412
0.6791
0.681901
0.676154
0.671258
0.676464
0.671311
0.672507
0.682688
0.67239
0.668985
0.677539
0.675578
0.665195
0.680483
0.671171
0.665365
0.688164
0.675719
0.674437
0.684692
0.672802
0.677259
0.676718
0.672882
0.683833
0.685318
0.671869
0.679455
0.681102
0.67175
0.68273
0.681656
0.674158
0.680578
0.678398
0.669604
0.678742
0.67949
0.685066
0.683723
0.67621
0.67625
0.680004
0.677987
0.685249
0.6793
0.678136
0.68337
0.673097
0.678547
0.677584
0.679238
0.677823
0.679487
0.671631
0.679877
0.674021
0.672532
0.683408
0.6731
0.666567
0.669018
0.67219
0.679574
0.668266
0.664529
0.673446
0.667631
0.659683
0.66887
0.664192
0.664011
0.672285
0.667802
0.669259
0.673916
0.668182
0.666581
0.669249
0.66759
0.670239
0.670164
0.672367
0.675334
0.669802
0.670941
0.665208
0.670479
0.677178
0.670179
0.66866
0.676161
0.673716
0.677634
0.674307
0.673055
0.676341
0.673687
0.676596
0.674187
0.671607
0.682289
0.68129
0.679269
0.684904
0.675825
0.68439
0.686563
0.678155
0.689744
0.679674
0.677358
0.682227
0.675466
0.678355
0.678254
0.677205
0.683679
0.67999
0.682529
0.686345
0.67621
0.682706
0.676791
0.671568
0.677577
0.680279
0.677385
0.677253
0.67856
0.675199
0.67627
0.679897
0.674278
0.675007
0.689538
0.672423
0.675314
0.675646
0.673522
0.675069
0.677007
0.670534
0.672308
0.674457
0.671807
0.672167
0.671374
0.674331
0.667062
0.671887
0.669584
0.673506
0.671332
0.670572
0.671701
0.675963
0.670494
0.678267
0.671364
0.668007
0.673088
0.669718
0.668085
0.674636
0.667898
0.675887
0.674256
0.679981
0.679588
0.677201
0.673009
0.679266
0.677521
0.681667
0.674737
0.681622
0.675978
0.667654
0.675216
0.671718
0.67451
0.680994
0.675986
0.668416
0.669134
0.673809
0.673637
0.675062
0.670999
0.673624
0.673426
0.678459
0.67542
0.677507
0.676381
0.667987
0.673429
0.678872
0.681086
0.681188
0.673098
0.673208
0.672886
0.674404
0.676958
0.67673
0.675584
0.672764
0.66946
0.672606
0.671579
0.672842
0.670085
0.668589
0.668176
0.662049
0.675505
0.677098
0.671104
0.678241
0.67338
0.668401
0.677322
0.673442
0.670308
0.680287
0.677583
0.676842
0.678475
0.672075
0.671428
0.669773
0.670913
0.671094
0.666864
0.666796
0.667221
0.670424
0.673257
0.671385
0.66848
0.668147
0.670799
0.676224
0.674671
0.671141
0.673224
0.673214
0.676253
0.674421
0.66715
0.671862
0.671012
0.678365
0.676721
0.67266
0.672117
0.674324
0.665991
0.673817
0.677952
0.671547
0.671584
0.667434
0.665521
0.666775
0.673311
0.672318
0.671272
0.673113
