73571.7
73773.1
73564.8
73905.3
73448.4
72792.4
73977.2
73224.8
73119.2
74022
73206.6
73598.9
74787.1
73725.7
73440.7
73962.3
73491.1
73735.4
74342.7
73718.4
73695.6
74175.8
73044.7
73719.1
73401.5
73202.6
74008.9
73939.8
73886.2
73391.3
72687.3
73606.3
72848.4
72862.2
73373
72379.4
72627.3
72840.9
72111.7
72820.9
72767.5
72330.5
73367.5
72249.8
72304.1
73102.9
72329.7
72653.3
72586.1
72610.3
73252.1
72981.4
71951.7
72371.9
72449.9
72559.1
72645.7
72961.8
72831.1
72432.8
73123.8
72853.7
72031.1
73298.7
73318.4
72318.1
73032.5
72897.1
72584.2
73324.8
72965.8
72553.5
73695
73074.1
72452.8
73332.8
72557.4
71640.6
72349.3
72345.6
72478.4
73281.9
73140.1
72272.7
72103.6
72203.5
72041.6
73053.5
72556.6
72812.1
72937.6
73115.6
71975.5
73171.6
73076.5
72074.5
73458.5
73145.7
72975.9
72918.6
72420.7
73288.9
73138.5
72232.6
74065.3
72714.1
72895
73533.7
72655
73810
73287.2
73019.2
73705.9
73008.3
72577.7
72681.1
72570.4
73270.5
73366.2
72612.6
72632
72801.2
72139.3
72309.7
72502.8
73104.6
72916.1
72650.4
72811.7
72168.7
73279.1
73402.8
72675.3
72861.6
73089
72551.6
73131.1
73918
73204.7
73140.6
72940.6
73172.5
73051
73496.3
73422.4
72827.6
73264.1
73679.9
72448.2
72868.3
73219
72713.6
72783.3
73470.9
72671.7
72251.9
72909.6
72979.1
72864.2
73718
73033.9
72138.1
72194.9
72612.5
72386.6
72326.6
72293.4
71856
72276.3
72675.4
71658
72347
72571.7
71700.5
72747
71878.3
71761.2
72067.6
71847.7
72279.7
72628.6
71506.6
72056.1
72167.3
71831.2
72275.6
72727.2
72558.9
72433.6
72736.7
71928.1
71856.8
72432.5
72711.6
72707.1
72375.8
73501.8
73211.3
73337.4
73443.5
72932.6
73060.1
73500.1
72889.7
73279.1
72644.7
73267.5
73691.4
73169.2
73485.2
73383.9
73021.5
72588.6
73056
73006.2
72809.1
73613.5
73060.2
73022.4
73220.8
72444.4
72376.8
72754.6
72422.9
72394.9
72259.4
72732.8
72935
72855
73211.6
72490.6
72192.8
72806.4
73337.5
72773
73331.6
73201.2
72109.6
73214
73586.6
72657.6
72868.5
74005.9
72343.3
73346.9
73987
71535.7
72853.3
72991.8
71898.5
73169.2
72687.6
72745.8
73160.4
71988.9
71832.8
73270.8
72452.7
72277.5
73283.7
72105.1
72218.7
73022
72333.1
72565.6
73518.6
72528.9
72449
71859.3
72000.4
72800.3
72796.1
72394.2
72609.6
71840.1
72469.2
72593.6
72037.6
73137.1
72549.6
72652.8
72475.9
72627.1
72449.3
73296.7
72407.7
73036.8
73198.5
72033.6
73136.8
73853.6
73583
73235.8
72440
73665.8
74080
73099.2
73735.9
74624.2
73599.3
74117.7
74137.8
73225.4
73717
73556.5
73048.3
73675.1
73852.1
73557.6
73740.4
73449
73457.2
73216.5
72894.8
73496.9
73372.1
74004.4
73422.7
72696.3
73455.5
73622.4
72805.7
73069.9
72647.4
73005.8
73141.6
72786.3
73073.1
72758.9
73018.9
73299.3
72151.8
72257.6
72472.6
71876.3
72841.8
71930.2
71702.6
72591.6
71371.9
72429.3
72677
72158.3
72880.6
72570.2
72581
72693.4
72005
72395.7
72126.4
71725.3
72800.3
72107.7
72737.9
73303.6
72653.5
72364.9
72674.2
72688.3
72548.3
72909.4
72793.9
72405.6
73009
72930.1
71393.2
73210.4
72897
72861.2
73090.9
72923.4
72714.7
73416.7
73223
72989.7
73277.6
73238.3
73324.8
73003.3
73798.8
73268.8
73520.8
73092.7
73329.4
73412.5
73289
72827
73421
72579.6
73325.8
73694.4
73138.1
73506.1
73685.8
72970.2
73706.4
72835.2
73011.4
72396.6
72438.6
72693.9
73146.7
72472.9
72659.5
72217.6
72959.3
72222.4
72825.4
73733.3
72907.6
73287.3
72983.8
72289
72824.5
73649.2
73570.3
73059.7
73078.5
72924.2
73365.7
73079.8
73101.3
72559
72885.5
72661
72782
73696.5
73101
72515
72279.2
72268.4
73137
73125
73160.1
72995.4
72719.9
72744.5
72867.8
73173.2
73534.4
73190.4
73302.4
73164.8
73465.8
73630.2
73675.8
74357.6
72876.4
72705
73354.3
72582.4
73106.4
73650.9
72680.8
73099.6
73441.4
72364.1
72652.9
72732.4
72557.3
73248.3
73318.9
73500.1
73375.2
73355.4
73820.6
73828.2
73781.2
73428.7
73119.7
73323.6
73642.3
73679
73387.6
72798.9
72966.5
73350.2
73123.3
73124.4
72795.7
72993.5
73789.1
73271.6
73364.3
72569.1
72745.5
73184.5
73243.7
73004
73917.4
73058.9
72613.3
73305.9
73301.9
73757.6
73969.7
73830.6
73113.8
73221.9
73335.9
73135.4
