2138.15
2134.76
2125.35
2126.17
2144.74
2125.95
2131.58
2182.6
2145.87
2122.2
2181.52
2181.98
2103.27
2144.43
2184.29
2144.6
2138.98
2147.26
2156.24
2157.26
2131.75
2151.43
2138.5
2127.58
2145.78
2142.99
2148.46
2127.94
2115.58
2153.67
2144.87
2107.61
2120.27
2123.27
2124.69
2137.14
2138.99
2154.04
2132.63
2144.52
2164.53
2134.27
2137.83
2161.7
2132.43
2110.99
2130.35
2140.77
2126.35
2144.63
2127.52
2152.28
2164.59
2150.9
2120.28
2145.23
2165.77
2131.19
2118.01
2144.88
2124.83
2148.2
2151.22
2113.32
2137.62
2149.04
2131.53
2137.83
2131.37
2120.19
2142
2162.04
2131.22
2128.02
2165.49
2143.9
2123.6
2129.3
2140.61
2123.05
2131.98
2115.97
2125.91
2155.12
2142.79
2131.51
2122.46
2130.83
2113.67
2142.03
2139.7
2130.79
2128.77
2162.58
2156.43
2148.2
2167.55
2109.28
2101.15
2158.99
2163.11
2137.06
2108.07
2138.43
2175.46
2139.6
2151.16
2143.02
2124.9
2144.05
2121.88
2156.94
2146.19
2149.24
2142.14
2125.68
2138.4
2162.83
2163.2
2141.13
2127.11
2132.99
2163.02
2165.14
2141.11
2143.48
2129.32
2135.66
2127.93
2121.4
2140.95
2169.89
2147.86
2126.46
2156.89
2160.09
2160.52
2146.28
2154.93
2144.53
2136.07
2161.03
2144.9
2131.55
2171.24
2146.7
2130.15
2154.61
2150.69
2143.61
2130.03
2141.86
2135.19
2158.03
2134.67
2110.09
2155.63
2122.38
2149.28
2146.39
2137
2136.12
2129.49
2108.17
2119.35
2144.51
2121.72
2132.8
2124.35
2151.98
2145.33
2139.37
2147.82
2167.03
2149.67
2132.44
2143.42
2167.15
2127.5
2138.26
2172.71
2139.9
2149.88
2157.47
2144.18
2145.22
2141.07
2136.82
2130.86
2153.79
2147.64
2143.2
2139.41
2135.15
2160.93
2163
2134.03
2136.9
2155.4
2154.91
2159.07
2136.18
2178.6
2159.31
2121.61
2131.46
2147.61
2139.38
2146.14
2157.97
2145.62
2123.08
2091.24
2106.03
2127.11
2141.8
2135.07
2140.43
2155.05
2141.35
2133.32
2114.27
2121.63
2128.14
2130.65
2125.37
2128.72
2141.82
2142
2142.79
2118.72
2123.33
2136.92
2149.78
2143.62
2110.65
2143.94
2170.92
2135.19
2139.36
2154.9
2145.15
2156.37
2159.05
2157.62
2163.04
2144.15
2137.78
2177.4
2133.49
2124.42
2154.24
2134.87
2112.52
2127.21
2149.17
2131.56
2115.98
2140.07
2143.06
2137.15
2156.31
2145.65
2135.19
2161.86
2167.72
2150.06
2135.85
2187.72
2143.09
2133.82
2172.71
2162.82
2137.28
2145.54
2153.57
2142.6
2124.21
2137.73
2112.01
2096.66
2143.73
2134.71
2123.37
2144.44
2104.62
2084.58
2163.47
2116.26
2119.48
2142.22
2165.04
2124.04
2151.87
2180.62
2169.71
2164.35
2147.36
2144.26
2147.52
2171.33
2167.68
2162.53
2154.32
2135.78
2140.05
2174.67
2174.92
2185.97
2151.62
2161.31
2163.34
2144.75
2157.95
2164.88
2149.24
2153.54
2193.45
2171.42
2136.74
2135.27
2205.78
2181.94
2152.66
2180.29
2151.95
2146.97
2201.06
2146.77
2141.67
2147.47
2149.23
2139.24
2154.3
2145.18
2126.87
2103.6
2130.34
2156.62
2148.62
2115.65
2119.55
2144.91
2142.57
2115.55
2148.27
2163.22
2155.14
2160.18
2161.69
2156.22
2160.96
2173.76
2160.11
2129.03
2154
2163.54
2122.55
2123.56
2150.55
2155.09
2131.6
2116.16
2125.12
2129.52
2131.84
2165.7
2163.86
2125.43
2120.42
2135.9
2134.12
2135.38
2135.87
2159.74
2153.12
2164.66
2160.98
2104.85
2121.85
2165.26
2167.57
2138.34
2156.9
2157.17
2140.39
2131.03
2146.77
2156.25
2147.52
2112.87
2140.77
2149.63
2145.15
2147.82
2165.33
2132.53
2120.26
2129.11
2142.81
2142.22
2144.8
2160.51
2137.7
2106.19
2133.64
2138.68
2133.6
2137.07
2160.99
2149.35
2144.77
2144.35
2151.89
2168.26
2157.35
2161.41
2125.02
2118.73
2177.85
2163.18
2117.78
2120.06
2130.33
2137.98
2151.65
2157.31
2150.43
2139.54
2123.74
2117.08
2130.2
2125.97
2149.09
2135.18
2176.41
2142.25
2146.09
2146.13
2141.79
2142.63
2135.94
2144.41
2121.74
2156.43
2098.31
2136.41
2159.25
2137.83
2139.64
2141.76
2111.75
2109.83
2146.92
2121.67
2135.25
2144.98
2141.56
2136.91
2147.03
2142.34
2152.29
2171.16
2144.66
2167.23
2175.18
2126.7
2132.3
2158.8
2165.92
2143.27
2129.92
2137.25
2155.84
2123.49
2103.09
2133.08
2147.26
2143.55
2111.89
2138.27
2161.57
2160.47
2135.63
2138.02
2165.28
2169.74
2168.55
2146.67
2119.82
2141.74
2171.34
2154.27
2148.85
2160.44
2117.87
2135.93
2125.17
2117.88
2130.96
2164.8
