0.491031
0.491975
0.491894
0.494054
0.496471
0.494559
0.48396
0.511277
0.50716
0.49427
0.513003
0.499469
0.488144
0.494578
0.507334
0.499814
0.495998
0.49493
0.499084
0.491958
0.491979
0.493313
0.491342
0.493365
0.495256
0.494848
0.492181
0.483861
0.474605
0.480229
0.48407
0.472411
0.464157
0.472178
0.474756
0.481517
0.485046
0.496701
0.481893
0.48029
0.498301
0.494954
0.489069
0.491357
0.483119
0.482855
0.485158
0.481421
0.482907
0.496553
0.493562
0.504878
0.508575
0.498172
0.494804
0.496016
0.49969
0.488916
0.485197
0.476526
0.476709
0.473956
0.475852
0.469961
0.47
0.471627
0.464083
0.46273
0.455392
0.454067
0.46021
0.466981
0.461468
0.465869
0.471051
0.461326
0.463945
0.47065
0.470984
0.473061
0.469549
0.458152
0.466769
0.474984
0.481197
0.474243
0.479912
0.474961
0.476371
0.484892
0.480996
0.47703
0.479517
0.485842
0.478549
0.474878
0.483384
0.46717
0.467683
0.485097
0.487517
0.482102
0.484607
0.482502
0.496178
0.486783
0.488593
0.493534
0.484066
0.487445
0.484456
0.483829
0.487944
0.482174
0.478315
0.487524
0.489947
0.49421
0.493185
0.481884
0.479089
0.475808
0.499949
0.506206
0.498593
0.490568
0.489686
0.493099
0.504316
0.491727
0.498984
0.509478
0.507306
0.503421
0.520056
0.512715
0.512857
0.509846
0.507433
0.501084
0.506041
0.517637
0.506184
0.50205
0.504837
0.503108
0.495466
0.497547
0.501563
0.502195
0.4997
0.490796
0.494889
0.499202
0.501524
0.48369
0.492762
0.485171
0.49218
0.483372
0.482187
0.476681
0.485587
0.475899
0.474786
0.479275
0.473088
0.465983
0.467835
0.469486
0.476052
0.478874
0.480619
0.490174
0.481638
0.472679
0.472355
0.478194
0.470919
0.480199
0.484453
0.471975
0.47905
0.493567
0.490176
0.48663
0.481788
0.488642
0.482025
0.496652
0.495895
0.497763
0.494488
0.494428
0.502728
0.508368
0.493145
0.495968
0.502325
0.50608
0.49658
0.493322
0.504414
0.49614
0.484456
0.491634
0.485624
0.485519
0.489755
0.490889
0.482795
0.47334
0.462009
0.450828
0.458937
0.4637
0.464745
0.465181
0.460492
0.465761
0.468567
0.470291
0.467805
0.476037
0.47709
0.482936
0.478248
0.481703
0.478541
0.47698
0.474817
0.47871
0.469035
0.480886
0.473754
0.470411
0.487509
0.496504
0.493069
0.496617
0.506308
0.498759
0.503778
0.502384
0.508022
0.500483
0.490072
0.495204
0.505035
0.492547
0.485347
0.487113
0.484328
0.484294
0.478097
0.491957
0.491475
0.493273
0.495519
0.495774
0.497946
0.498428
0.498203
0.499822
0.507028
0.505358
0.494301
0.490698
0.508346
0.500743
0.491822
0.505031
0.50505
0.495993
0.490837
0.497931
0.491509
0.486474
0.487319
0.478679
0.480417
0.486797
0.48851
0.484161
0.494204
0.478964
0.476558
0.489028
0.488644
0.485262
0.494457
0.512938
0.497891
0.509423
0.520441
0.525131
0.506954
0.505574
0.499063
0.503224
0.512472
0.515918
0.511025
0.501878
0.501464
0.502382
0.509586
0.506982
0.507756
0.501116
0.508108
0.506642
0.505311
0.495021
0.488421
0.492071
0.500287
0.51083
0.508032
0.500615
0.494731
0.51061
0.509265
0.491215
0.512405
0.506412
0.496573
0.500509
0.499925
0.498656
0.488359
0.484641
0.496647
0.492445
0.480081
0.465672
0.462749
0.463108
0.471223
0.469511
0.4652
0.466647
0.479033
0.478394
0.472904
0.483641
0.488135
0.494109
0.493991
0.500367
0.490934
0.499264
0.505291
0.499973
0.490722
0.490662
0.500662
0.477929
0.474889
0.486033
0.473658
0.46472
0.467943
0.466044
0.455357
0.474524
0.483558
0.491011
0.46982
0.47087
0.467066
0.48263
0.47841
0.475867
0.473056
0.468253
0.468619
0.470675
0.455316
0.461773
0.468372
0.470578
0.464726
0.468818
0.474772
0.468557
0.475577
0.483478
0.480934
0.484532
0.475904
0.476715
0.479066
0.476428
0.478182
0.48964
0.481241
0.479201
0.483429
0.48496
0.492574
0.49384
0.496126
0.489062
0.482135
0.495774
0.496059
0.495085
0.494291
0.502081
0.501715
0.494711
0.493078
0.496164
0.493225
0.490613
0.489788
0.475615
0.47551
0.4881
0.481363
0.46888
0.463807
0.472005
0.474033
0.487764
0.480189
0.496731
0.492842
0.494766
0.495861
0.498245
0.50491
0.50874
0.514171
0.520658
0.520028
0.517463
0.515869
0.514429
0.517981
0.507486
0.513035
0.494944
0.493787
0.48458
0.496339
0.493765
0.497863
0.489867
0.49135
0.483614
0.481894
0.488794
0.482531
0.486115
0.49429
0.493834
0.495914
0.497556
0.490535
0.491985
0.504136
0.494087
0.498355
0.49439
0.485372
0.484429
0.491674
0.49907
0.492404
0.489624
0.485473
0.486088
0.471044
0.474171
0.474865
0.475357
0.479823
0.476374
0.474965
0.483508
0.485817
0.475523
0.480567
0.491277
0.489457
0.495877
0.495146
0.474729
0.480746
0.494504
0.478011
0.47867
0.489018
0.485457
0.487881
0.480462
0.481971
0.481078
0.496721
