0.625215
0.624693
0.627506
0.628137
0.621722
0.627495
0.628151
0.614801
0.622421
0.629885
0.614031
0.617322
0.635059
0.624101
0.615637
0.623566
0.625674
0.627025
0.624477
0.624036
0.628075
0.625026
0.62889
0.630365
0.625266
0.627802
0.62985
0.63448
0.637723
0.628172
0.631451
0.636452
0.637715
0.63606
0.635415
0.630646
0.630181
0.626131
0.629462
0.628093
0.623452
0.629688
0.629768
0.624122
0.629244
0.636492
0.629349
0.630079
0.630212
0.625647
0.626737
0.622593
0.616756
0.622944
0.630552
0.624307
0.619717
0.62792
0.630672
0.626758
0.631412
0.62875
0.629047
0.637641
0.632624
0.629735
0.635662
0.634639
0.637546
0.639407
0.63232
0.629576
0.635653
0.636088
0.625552
0.632958
0.638006
0.635291
0.63201
0.633462
0.631102
0.635887
0.634146
0.627389
0.628987
0.629073
0.629282
0.629525
0.63466
0.629006
0.62925
0.631686
0.631886
0.623659
0.626198
0.628933
0.623383
0.638596
0.637897
0.626678
0.624252
0.629189
0.633502
0.63005
0.618729
0.627932
0.624924
0.627447
0.630079
0.626395
0.632325
0.626254
0.627122
0.627021
0.627898
0.629712
0.625917
0.621867
0.621133
0.626707
0.62758
0.628405
0.619397
0.617667
0.625093
0.625125
0.628974
0.626649
0.627913
0.628398
0.625271
0.61828
0.622898
0.628367
0.619164
0.616327
0.618756
0.619796
0.619458
0.620654
0.621821
0.615618
0.622303
0.624772
0.618022
0.625445
0.626346
0.622387
0.621391
0.623264
0.625041
0.623478
0.625729
0.620323
0.623433
0.62988
0.621666
0.630018
0.624432
0.625467
0.629078
0.627953
0.629478
0.63599
0.63397
0.630119
0.636245
0.632356
0.634839
0.630477
0.629483
0.629253
0.62905
0.622908
0.627719
0.63468
0.630882
0.625966
0.634221
0.630294
0.622696
0.632802
0.629023
0.626055
0.628346
0.6295
0.627524
0.630318
0.631365
0.625521
0.627149
0.625466
0.625563
0.625639
0.619288
0.61963
0.625915
0.625041
0.621775
0.621114
0.620914
0.62569
0.617879
0.620792
0.63026
0.629194
0.626685
0.629567
0.626164
0.623359
0.625524
0.633794
0.642123
0.640304
0.636253
0.632593
0.635474
0.636311
0.631933
0.632657
0.632425
0.636486
0.63203
0.632303
0.631607
0.630864
0.627987
0.629018
0.629692
0.628258
0.633929
0.631558
0.629661
0.627314
0.628315
0.636323
0.630416
0.620337
0.629391
0.625566
0.621492
0.623547
0.621305
0.623029
0.622677
0.6214
0.627118
0.628024
0.618439
0.629381
0.634598
0.624085
0.629738
0.633224
0.631671
0.624716
0.629397
0.629131
0.624262
0.625958
0.628582
0.621956
0.622237
0.625556
0.618637
0.618704
0.623102
0.626998
0.617034
0.626403
0.628954
0.621744
0.621061
0.626353
0.628858
0.625254
0.626641
0.631757
0.626557
0.633688
0.633477
0.62586
0.625712
0.629956
0.62255
0.630528
0.637208
0.622322
0.630316
0.6299
0.625602
0.618658
0.63066
0.621618
0.616144
0.618894
0.622015
0.624373
0.628511
0.623977
0.619221
0.618961
0.620322
0.626979
0.627496
0.627013
0.621419
0.620666
0.617751
0.62394
0.621259
0.622399
0.626677
0.626909
0.624461
0.627958
0.624974
0.618601
0.62332
0.628561
0.631994
0.616909
0.621811
0.629731
0.619952
0.629263
0.628978
0.61604
0.629427
0.629025
0.627953
0.628644
0.630226
0.626127
0.631143
0.63564
0.641097
0.63628
0.629568
0.629733
0.636285
0.632884
0.628349
0.627795
0.634379
0.627876
0.624144
0.624694
0.621469
0.622876
0.623301
0.622249
0.618785
0.620033
0.631722
0.622967
0.624507
0.632591
0.633832
0.625472
0.628442
0.632639
0.636117
0.635133
0.635398
0.63432
0.627984
0.625919
0.634286
0.632871
0.630889
0.628501
0.632651
0.63183
0.629241
0.630713
0.63022
0.628884
0.642046
0.63812
0.62913
0.627597
0.633348
0.629953
0.628372
0.63315
0.632916
0.629467
0.628638
0.629474
0.635982
0.632803
0.629002
0.631085
0.630861
0.626992
0.633779
0.636476
0.63022
0.629605
0.627317
0.628409
0.624842
0.627733
0.635369
0.629991
0.628286
0.629522
0.627161
0.623405
0.624524
0.625281
0.628028
0.626137
0.623786
0.625748
0.626122
0.634267
0.63721
0.624188
0.631539
0.640533
0.638915
0.634174
0.63357
0.630086
0.630307
0.627435
0.629681
0.631275
0.631225
0.627536
0.627835
0.623108
0.624307
0.612046
0.619197
0.619046
0.616435
0.618161
0.620358
0.621363
0.623089
0.625659
0.620375
0.631474
0.625916
0.619729
0.626009
0.62602
0.625488
0.629979
0.631536
0.623303
0.630011
0.626053
0.622442
0.623691
0.625109
0.624385
0.628565
0.625357
0.619542
0.624721
0.62004
0.618945
0.628384
0.628919
0.623042
0.61982
0.626856
0.630416
0.629626
0.624715
0.632637
0.633386
0.629653
0.626898
0.625925
0.634655
0.630222
0.625981
0.62575
0.629482
0.629119
0.622867
0.621097
0.621794
0.624732
0.631238
0.625417
0.622846
0.626206
0.62395
0.620973
0.628273
0.625836
0.62648
0.630052
0.625678
0.619395
