72619.4
72680
72354.2
72281.5
73027.4
72355.5
72279.9
73849.5
72945.4
72081
73942
73547.8
71493.7
72748.9
73749.2
72811.4
72566.1
72409.8
72705.2
72756.5
72288.7
72641.3
72195
72026.1
72613.4
72320.1
72085
71558.9
71195
72277.5
71902.2
71337.2
71195.9
71381.2
71453.7
71994
72047.1
72513.1
72129.4
72286.6
72824.7
72103.5
72094.3
72746.5
72154.3
71332.8
72142.4
72058.8
72043.6
72569.3
72443
72925.2
73615.3
72884.1
72004.7
72724.9
73263.6
72306.5
71991
72440.5
71906.6
72211.1
72176.9
71204.2
71768.9
72098.2
71425.8
71541
71214.8
71007.5
71803.4
72116.3
71426.9
71378
72580.3
71731
71163.4
71467.6
71838.6
71673.9
71942
71400.5
71596.6
72367.7
72183.9
72174
72150
72122.1
71538.6
72181.7
72153.7
71875.4
71852.7
72800.5
72505.3
72190.1
72832.8
71097.7
71175.7
72449.8
72731.4
72160.7
71669.4
72062.1
73380.6
72305.1
72653.2
72361
72058.7
72482.6
71802.9
72498.9
72398.6
72410.2
72309
72100.7
72537.9
73010.3
73096.6
72446.5
72345.7
72250.7
73301.5
73506.8
72633.5
72629.8
72185.4
72453.1
72307.3
72251.5
72612.9
73433.9
72889.5
72255.1
73329.1
73666.6
73377.4
73254.3
73294.2
73153
73015.8
73751.4
72959.2
72670.9
73464.6
72592.6
72488.2
72949.3
73066.2
72846.7
72639.5
72821.7
72559.7
73192.1
72826.9
72081.6
73034
72065.7
72710.4
72590.1
72173.4
72302.7
72127.5
71389
71616.4
72054.2
71360.4
71799.3
71518.4
72013.3
72127
72153.3
72176.6
72888.3
72329.7
71536.4
71967
72532.3
71588.1
72034.1
72913.2
71748.6
72179.7
72521.9
72257.5
72125
72352.2
72031.4
71912
72583.8
72395.4
72590.3
72579
72570.1
73314.4
73273.9
72538.1
72639.6
73021.1
73098.8
73122.3
72564.3
73481.6
73136.7
72038.1
72160.1
72449
72117.3
72509.3
72835.6
72583.4
71636.4
70707.2
70908.1
71359.5
71772.4
71447
71353
71847.3
71765.2
71791.5
71333.4
71836.3
71805.3
71884.4
71969.1
72298.8
72180.3
72103
72267.6
71621.1
71890
72106.6
72376.4
72261.1
71351.7
72020.3
73190.4
72137.5
72578.6
73054.4
72813.6
73076.3
72874.1
72915.4
73065.2
72399
72294.6
73415
72138.7
71545.6
72750.8
72097.7
71700.9
71877.1
72677.4
72136.8
72167.4
72730.2
72533.2
72230.4
72999.9
72966.9
72579.8
73391.5
73383.6
72865.6
72412.8
73582.2
72481.6
72187.6
73024.8
73105.1
72487.4
72198.7
72614.9
72454.1
71867.4
72463.8
71648.3
71672.2
72544.5
72561.7
72072.9
72930.2
72007.5
71252.5
72956.9
72031.6
72079.2
72574.5
73389
71992.3
73039.5
73688.5
73361.1
72992.9
72717.3
72238.5
72763.5
73322.3
73353.1
73192.1
72415.1
72355.4
72411.1
73062.9
73151.6
73496.8
72767.7
73081.7
72947.9
72449.9
72423.1
72707
72302.2
72647.4
73395.8
72840.1
72232.8
71840.5
73597.1
73016.9
72098.6
73235.8
72152.2
72184.9
73701
72133.4
72179.5
72302.7
72223.2
72041.9
72513.6
71937.3
71428.3
70820.4
71356.5
72117.2
72098.3
71355.9
71739.4
72257.1
72320.9
71570.4
72311.6
72743.9
72680
73057.1
72892.1
72842.3
72965.5
73374
73226.3
71871.4
72881.3
72701.7
71772.7
71632.1
72589.5
72246.4
71767.1
71374.8
71485.3
71455.5
71577
72299.2
72537.7
71580.9
71740.9
71966.2
72239.7
71765.8
71859.1
72154.7
71986.4
72042.6
72195.7
70715.7
71150.7
72167.5
72343.7
71686.8
72073.1
72254.5
71709.2
71735.8
72128.8
72223.9
72128
71389.9
71748.6
72182.1
71943.9
71969.4
72413.5
71638.1
71334.5
72042.6
72113
72376
72250.3
72662.7
72328.1
71458.8
72068.8
72264.4
72122.5
72394.1
72830.2
72699.7
72611.7
72294.1
72512.4
72785.7
72557.4
72514.2
71583
71252.3
72738.8
71892.1
70882.7
71062.2
71593.4
71661.7
72058
72032.7
72362.4
72104.3
71922.3
71927.9
72350.8
72316.3
72864.9
72725
74181.8
73325.1
73343
73653.6
73448
73187.9
73069.5
72867.1
72567.8
73185.9
71899.6
72538
73262.3
72527.3
72526
72587.6
72070.2
71892.5
72842.1
72066.6
72522.2
72942.9
72796.8
72631.7
72715.9
72232.3
72602.8
73284.3
72676.8
73225.5
73355
72253.2
72191.7
72872.6
73251.5
72429.2
72020.2
72110.6
72677.4
71767.4
71682.5
72107.5
72424.4
72537
71539.2
72042.5
72530.5
72557.2
72127.1
72168.8
72893.2
73100.8
73018.8
72675.5
71926.5
72595.9
72895.6
72504.4
72766.5
73115.4
72265.8
72547.3
72472.7
72061.8
72565.6
73301.7
