1769.34
1786.98
1787.99
1785.26
1796.87
1772.65
1792.46
1786.04
1786.82
1778.05
1771.47
1786.72
1767.14
1796.08
1772.68
1778.51
1751.89
1755.05
1774.81
1771.27
1796.21
1763.07
1784.53
1778.61
1776.72
1781.04
1789.92
1772.26
1779.13
1763.62
1777.45
1772.48
1790.11
1776.69
1751.19
1770.39
1779.75
1779.51
1775.8
1779.97
1771.83
1785.98
1795.9
1780.53
1767.13
1766.98
1773.82
1770.6
1782.54
1790.85
1774.2
1774.42
1777.67
1773.87
1771.59
1780.38
1779.43
1768.5
1768.08
1764.18
1780.75
1764.5
1773.19
1775.72
1781.85
1783.6
1784.68
1775.1
1771.22
1781.97
1780.46
1776.86
1782.35
1773.13
1780.52
1781.94
1790.64
1765.43
1773.74
1759.69
1775.98
1789.62
1794.55
1775.46
1779.25
1774.16
1774.45
1770.07
1777.36
1775.89
1764.02
1772.21
1775.68
1778.03
1759.57
1774.96
1777.47
1777.15
1781.17
1771.22
1777.31
1774.23
1792.49
1777.28
1762.48
1773.47
1773.48
1792.37
1775.44
1782.35
1778.21
1760.65
1773.71
1755.58
1767.14
1770.16
1766.08
1789.6
1769.18
1790.65
1778.08
1766.15
1772.88
1773.47
1779.72
1764.78
1783.68
1760.85
1771.21
1767.28
1776.64
1785.83
1775.52
1775.4
1778.7
1776.46
1790.78
1785.07
1784.51
1779.1
1757.41
1799.31
1771.43
1791
1766.43
1778.71
1778.42
1764
1783.72
1778.09
1789.1
1768.3
1759.94
1768.01
1781.76
1783.65
1760.98
1790.91
1762.56
1782.33
1777.2
1766.02
1791.96
1780.61
1777.85
1772.36
1792.31
1776.74
1779.33
1775.54
1782.57
1778.62
1774.66
1794.72
1761.01
1788.09
1765.59
1772.87
1787.45
1761.98
1787.51
1762.91
1795.37
1777.98
1774.88
1781.71
1761.89
1801.32
1790.62
1796.86
1779.2
1770.34
1785.35
1776.71
1793.34
1787.39
1782.52
1767.58
1775.61
1784.33
1781.27
1797.17
1781.02
1778.15
1779.64
1772.41
1783.67
1779.57
1775.36
1782.97
1797.12
1771.59
1784.6
1802.71
1772.25
1784.08
1778.02
1797.03
1753
1780.48
1776.77
1766.45
1781.05
1766.17
1775.63
1770.17
1774.26
1779.42
1772.73
1781.21
1796.03
1774.92
1776.81
1771.02
1789.12
1782.65
1776.22
1775.32
1777.02
1771.81
1782.81
1772.95
1780.41
1771
1781.78
1770.76
1770.89
1791.1
1771.73
1778.48
1776.03
1763.57
1787.06
1777.09
1785.19
1792.01
1753.68
1780.29
1769.64
1777.33
1774.04
1803.48
1786.88
1775.42
1795.23
1780.57
1782.06
1781.29
1785.84
1770.43
1781.32
1780.13
1775.15
1786.56
1773.28
1786.63
1790.8
1777.31
1798.02
1786.16
1781.07
1797.1
1791.39
1790.74
1778.42
1783.39
1787.14
1781.04
1780.94
1793.73
1772.88
1780.42
1779.53
1783.57
1780.12
1783.46
1785.13
1773.28
1766.21
1785.93
1781.19
1782.92
1758.53
1785.59
1777.16
1794.85
1781.43
1759.5
1791.13
1760.58
1787.25
1764.67
1787.57
1787.48
1781.53
1797.78
1769.22
1790.64
1776.02
1779.03
1765.59
1795.04
1770.6
1772.64
1776.18
1793.18
1789.32
1772.83
1778.79
1760.49
1782.69
1796.61
1796.92
1783.95
1779.55
1767.09
1767.63
1768.91
1782.68
1773.45
1757.67
1769.25
1759.88
1759.11
1747.21
1782.18
1782.75
1769.55
1771.29
1763.9
1766.29
1769.63
1773.27
1777.34
1790.15
1762.53
1768.75
1771.74
1786.76
1778.64
1772.55
1788.65
1760.72
1794.32
1782.89
1792.47
1772.49
1790.96
1770.26
1774.07
1771.98
1762.25
1762.8
1778.04
1788.92
1767.7
1771.57
1776.69
1772.52
1776.86
1781.76
1780.3
1775.56
1777.16
1777.64
1787.04
1772.67
1775.51
1769.95
1789.76
1795.82
1780.04
1779.13
1777.63
1783.07
1775.89
1784.21
1787.29
1773.47
1763.32
1753.69
1777.28
1777.71
1789.75
1778.33
1770.3
1773.36
1774.78
1792.2
1794.05
1785.84
1760.63
1774.02
1778.35
1781.88
1766.77
1767.31
1776.61
1772.42
1786.48
1771.97
1774.54
1784.91
1791.22
1780.96
1790.13
1769.94
1775.62
1792.61
1771.14
1783.93
1767.73
1783.73
1772.91
1787.63
1776.84
1781.74
1792.47
1783.15
1783.24
1775.47
1780.35
1802.19
1783.37
1784.27
1763.09
1776.02
1767.44
1792.3
1771.32
1772.2
1760.93
1757.58
1784.08
1777.16
1800.08
1760.22
1774.86
1771.31
1771.54
1785.01
1783.57
1785.36
1764.2
1761.17
1772.74
1786.77
1784.86
1774.29
1761.06
1777.05
1767.95
1789.68
1782.69
1771.58
1770.41
1750.95
1790.63
1779.13
1801.08
1783.46
1767.52
1763.06
1775.33
1797.67
1759.04
1780.17
1766.26
1764.88
1779.41
1789.14
1790.63
1773.83
1767.72
1778.97
1778.64
1772.97
1777.93
1792.11
1783.09
1773.56
