0.432946
0.433504
0.429705
0.434928
0.433152
0.419927
0.431256
0.428697
0.423941
0.422605
0.415627
0.416657
0.413884
0.416017
0.414687
0.416192
0.413364
0.409905
0.42736
0.422702
0.423584
0.419154
0.42406
0.429136
0.431144
0.432039
0.436365
0.43223
0.430339
0.424396
0.434999
0.428047
0.432119
0.423833
0.41321
0.41678
0.422729
0.427505
0.419418
0.416992
0.411777
0.423856
0.42518
0.422388
0.41407
0.414644
0.422461
0.421918
0.423488
0.429251
0.421991
0.424723
0.426226
0.424101
0.424529
0.421983
0.419186
0.419069
0.417567
0.419002
0.418812
0.419287
0.419569
0.412291
0.420644
0.420233
0.41891
0.418257
0.415344
0.423308
0.424807
0.429254
0.427291
0.426896
0.430293
0.4287
0.434176
0.42019
0.415029
0.418952
0.41348
0.419734
0.424466
0.412227
0.423906
0.41834
0.416912
0.413102
0.418006
0.412129
0.410998
0.412901
0.41858
0.417912
0.412205
0.422614
0.435316
0.437229
0.435984
0.437735
0.440978
0.429858
0.440814
0.432426
0.419617
0.423643
0.417714
0.422492
0.410255
0.419512
0.415555
0.408387
0.411479
0.408338
0.414155
0.41802
0.412658
0.417861
0.419135
0.429758
0.428297
0.427333
0.429608
0.437024
0.42973
0.429282
0.43714
0.427647
0.426482
0.427517
0.422023
0.421603
0.419443
0.421
0.422658
0.41803
0.424252
0.427357
0.422278
0.421668
0.416816
0.42736
0.422452
0.422919
0.420224
0.42202
0.420079
0.418222
0.423944
0.419872
0.42119
0.42411
0.41644
0.420391
0.433787
0.432149
0.422388
0.436806
0.424943
0.435344
0.433858
0.427715
0.433872
0.428867
0.43291
0.427869
0.427984
0.4226
0.420769
0.414415
0.415171
0.41818
0.418644
0.416326
0.410595
0.42009
0.418934
0.41756
0.42111
0.425045
0.436224
0.430095
0.435182
0.438151
0.434034
0.432471
0.426237
0.436889
0.440217
0.431676
0.422076
0.422556
0.423794
0.422802
0.426043
0.425697
0.424348
0.419957
0.420333
0.421131
0.424723
0.431505
0.421195
0.420262
0.425888
0.425165
0.434262
0.43072
0.440304
0.444014
0.446378
0.444512
0.445708
0.449495
0.444139
0.448124
0.440006
0.443544
0.419225
0.432233
0.430791
0.415654
0.413238
0.41116
0.415634
0.412077
0.410615
0.406641
0.414725
0.426987
0.426934
0.424039
0.423846
0.419713
0.432828
0.437381
0.440114
0.444078
0.44039
0.434893
0.435342
0.43551
0.435425
0.427998
0.426338
0.428069
0.422038
0.422792
0.430297
0.42066
0.41574
0.409693
0.425277
0.423625
0.423832
0.41841
0.412981
0.423571
0.424555
0.43115
0.436736
0.436708
0.436769
0.434515
0.443812
0.441754
0.433438
0.433397
0.429057
0.426615
0.427734
0.426919
0.422079
0.428476
0.426035
0.433123
0.433191
0.43136
0.432138
0.4335
0.431308
0.436641
0.431273
0.436458
0.431516
0.432742
0.425834
0.432529
0.428754
0.42943
0.416346
0.422808
0.426293
0.425815
0.421516
0.426966
0.423345
0.425253
0.42895
0.432642
0.430782
0.430584
0.427152
0.433938
0.429347
0.436484
0.432341
0.431146
0.430835
0.428101
0.43495
0.424279
0.430919
0.430403
0.422396
0.428707
0.425824
0.423442
0.414292
0.426041
0.430126
0.431739
0.421384
0.42103
0.425094
0.423295
0.428821
0.430137
0.429244
0.423812
0.432833
0.429122
0.433318
0.429769
0.43874
0.431688
0.43181
0.434523
0.430901
0.417857
0.408909
0.408137
0.398955
0.404235
0.407709
0.41343
0.410374
0.41375
0.412354
0.414123
0.421808
0.426435
0.427448
0.434245
0.450463
0.430483
0.431455
0.433102
0.436621
0.433031
0.428898
0.421675
0.412816
0.425846
0.422455
0.428148
0.416928
0.417895
0.416398
0.417235
0.42234
0.414903
0.414371
0.419898
0.415232
0.416164
0.419988
0.421536
0.4208
0.423475
0.424183
0.425347
0.426047
0.422176
0.421483
0.427878
0.423082
0.42818
0.430763
0.431736
0.434501
0.431837
0.432671
0.433101
0.435907
0.436091
0.435582
0.433271
0.424996
0.4069
0.411512
0.413753
0.408436
0.41593
0.40835
0.409872
0.41202
0.407571
0.416299
0.418758
0.415266
0.419083
0.427343
0.428164
0.437737
0.437331
0.426457
0.435016
0.43344
0.435596
0.427757
0.427252
0.432651
0.433105
0.426392
0.429085
0.411151
0.409477
0.423013
0.408719
0.415437
0.416831
0.413588
0.414812
0.41433
0.419075
0.43221
0.435772
0.433446
0.431555
0.433517
0.434644
0.442799
0.43176
0.439132
0.430409
0.425396
0.423599
0.432614
0.418632
0.410433
0.414095
0.414831
0.415613
0.419495
0.426766
0.415045
0.417873
0.415785
0.418335
0.42459
0.426285
0.427904
0.4216
0.415187
0.42081
0.423397
0.423577
0.415114
0.422566
0.424522
0.423568
0.428041
0.432541
0.43116
0.426384
0.413268
0.425925
0.420302
0.430825
0.42199
0.418166
0.411584
0.415224
0.422728
0.417823
0.414496
0.41599
0.412924
0.418078
0.423787
0.421607
0.418948
0.42255
0.422497
0.421288
0.429643
0.433956
0.431036
0.434163
0.429194
