1982.73
1986.89
1985.81
2002.49
1979.58
1980.2
1982.03
1981.09
1994.67
1980.48
1973.48
1986.97
1988.23
1990.76
1991.9
1992.61
2003.49
1992.2
2002.44
1991.56
1996.29
1987.22
2000.58
2004.94
1987.06
1990.84
1995.89
1994.85
1986.43
1994.66
1980.55
1960.95
1984.66
1982.31
1989.71
1985.02
1977.64
1977.82
1971.29
1972.27
1982.7
1975.95
1966.26
1991.02
1971.89
1956.39
1978.28
1983.08
1989.79
1992.51
1988.58
1980.6
1994.85
1984.05
1971.65
1984.34
1983.6
1981.28
1972.44
1973.89
1964.71
1976.09
1972.83
1978.22
1997.22
1973.04
1991.26
1977.26
1984.87
1981.45
1988.18
1982.19
2005.52
1995.52
1990.9
1990.83
1995.68
2004.98
1990.44
1989.68
1985.31
1987.61
1986.6
1986.8
1985.23
1978.69
1972.01
1971.59
1969.47
1973
1961.61
1969.36
1975.29
1959.33
1958.07
1952.9
1957.36
1951.68
1958.71
1950.2
1953.69
1956.64
1948.68
1976.78
1982.9
1958.11
1986.8
1989.33
1991.53
1995.93
1999.19
2001.14
2004.77
2003.93
2012.55
2010.68
1997.68
2000.33
2003.89
2001.28
1987.83
1989.65
1994.18
1991.09
1977.02
1958.96
1955.02
1984.79
1982.6
1972.77
1967.69
1958.25
1967.87
1966.05
1968.51
1976.04
1985.15
1973.46
1973.43
1949.91
1972.65
1979.97
1980.08
1992.14
1972.64
1981.42
1984.33
1980.83
1977.93
1986.42
1983.78
1976.12
1964.94
1969.97
1972.3
1959.56
1956.76
1974.37
1969.72
1958.27
1971.77
1965.83
1968.06
1968.21
1963.61
1976.44
1971.35
1965.37
1987.42
1997.67
1963.75
1984.78
1970.16
1994.39
1980.4
1985.7
1984.3
1993.25
1989.83
1978.24
1971.07
1968.23
1986.13
1977.56
1977.14
1981.61
1985.32
1976.05
1967.83
1991.37
1981.53
1991.16
1988.23
1996.5
1992.06
1995.3
1997.51
1990.42
1995.9
1990.71
1992.5
1990.22
1989.91
1995.66
2009.41
1999.38
1998.33
1989.62
1976.15
1985.2
1999.75
1993.97
1981.27
1977.24
1977.82
1975.52
1965.61
1979.94
1984.19
1993.09
1968.2
1960.01
1984.67
1978.12
1985.69
1977.98
1986.37
1985.32
1973.97
1987.08
1984.14
1982.99
1991.68
1989.17
1983.28
1991.88
1995.65
1983.38
1998.37
1990.12
1998.35
1984.57
1999.74
1978.33
1985.92
1997.62
1989.18
1988.86
1976.08
1975.5
1994.79
1994.35
1969.66
1965.74
1983.36
1982.79
1984.01
1991.76
1998.33
2000.81
1987.99
2003.91
2003.81
2001.13
1991.54
1994.27
2020.59
2003.97
2006.66
1980.99
2006.06
1984.79
1987.88
1985.89
1984.55
2009.15
1991.12
1990.3
1969.91
1982.26
1978.92
1984.5
1995.65
2001.86
1986.94
1974.71
1986.8
1986.1
1978.86
1982.15
1984.08
1988.68
1983.38
1962.81
1962.47
1970.59
1968.32
1980.65
1987.68
1976.04
1983.15
1982.23
1983.86
1993.75
1993.07
1985.73
1971.75
1997.45
1990.59
1992.56
1979.83
2000.09
1991.24
1987.32
1999.34
1979.64
1999.81
1987.98
1998.16
1981.45
1981.11
1983.33
1982.95
1986.56
1981.3
1971.16
1978.24
1987.89
1970.91
1982.37
1988.09
1968.95
1970.55
1984.13
1998.28
1993.29
2002.81
2010.75
1986.19
1997.24
1988.91
1981.37
1979.19
1977.42
1967.59
1958.67
1994.66
1977.03
1957.13
1970.71
1965.5
1968.29
1971.22
1961.61
1962.94
1967.5
1981.34
1975.82
1981.06
1990.68
1992.86
1996.13
1989.33
1998.28
1991.42
2007.48
2001.21
1991.4
1973.15
1988.49
1981.33
1985.97
1978.57
1991.37
1980.39
2000.9
1985.08
1970.03
1988.27
1980.69
1986.12
1985.28
1989.86
1980.48
1973.44
1983.82
1992.21
1980.06
1971.09
1972.21
1979.07
1979.59
1993.08
1990.82
2004.61
1980.6
1976.45
1974.92
1967.73
1979.95
1973.23
1978.82
1967.95
1968.94
1966.36
1975.98
1973.38
1966.52
1987.71
1990.15
1988.82
1977.96
1992.28
1988.79
2000.73
2009.63
2001.63
1995.48
2005.53
2008.47
2007.29
2007.48
2011.13
2018.92
1985.26
1993.67
1999.43
2007.99
1998.47
2002.29
1998.68
1980.54
1976.68
1967.64
1969.5
1972.97
1969.23
1986.75
1957.85
1966.64
1975.64
1971.14
1986.74
2001.32
1998.24
1980.06
1989.25
1989.4
2001.61
2017.09
2015.46
2004.03
2005.27
1991.12
2000.32
2013.45
2005.85
2020.56
1989.62
1995.21
1991.17
1977.41
1986.94
1987.4
2003.22
1968.69
1980.6
1951.92
1986.36
1959.11
1972.39
1990.15
1986.89
1972.06
1965.9
1997.4
1987.7
1982.14
1987.14
2004.06
2012.52
1985.04
2009.52
2002.1
1997
1989.44
2009.73
1994.56
1994.99
1996.32
1983.94
1996.71
1987.59
1980.43
1966.15
1987.13
1977.06
1996.35
1971.61
1977.26
1979.48
