0.367279
0.36189
0.362686
0.368447
0.365425
0.367967
0.363899
0.365263
0.364016
0.360356
0.357047
0.365633
0.365844
0.366804
0.366636
0.360406
0.369786
0.36882
0.372
0.367555
0.368069
0.367317
0.371252
0.374712
0.372485
0.366532
0.369076
0.364522
0.363294
0.365168
0.363398
0.362137
0.365727
0.363681
0.365399
0.367367
0.363731
0.367185
0.364795
0.370982
0.36596
0.365992
0.362349
0.371194
0.363921
0.364018
0.369321
0.364787
0.368186
0.371025
0.365493
0.363897
0.372004
0.36532
0.363194
0.363463
0.359975
0.359709
0.359325
0.359564
0.358218
0.355111
0.363686
0.367414
0.370408
0.365195
0.370192
0.367988
0.369031
0.369664
0.372037
0.369399
0.373437
0.36596
0.361897
0.361747
0.361862
0.3684
0.364422
0.357219
0.362449
0.358301
0.357236
0.360234
0.361723
0.353973
0.352559
0.352419
0.353082
0.346696
0.344964
0.352292
0.351201
0.342874
0.346626
0.349785
0.354115
0.349436
0.355516
0.35492
0.350793
0.354012
0.342468
0.357038
0.362636
0.354022
0.359563
0.359597
0.364238
0.367437
0.371853
0.369518
0.37329
0.374282
0.376984
0.370375
0.366543
0.366805
0.373609
0.373166
0.371981
0.368794
0.365421
0.367728
0.357649
0.351406
0.354047
0.364956
0.36162
0.354591
0.356839
0.354589
0.354157
0.357639
0.352143
0.356432
0.355066
0.354576
0.355749
0.356252
0.361943
0.36207
0.359233
0.358147
0.35882
0.360659
0.371229
0.358764
0.353495
0.362469
0.35853
0.365095
0.361082
0.361231
0.358691
0.355363
0.351251
0.356111
0.36053
0.35693
0.358981
0.360066
0.36085
0.361092
0.360132
0.360253
0.362651
0.360135
0.368247
0.368752
0.364825
0.367984
0.36459
0.367472
0.363802
0.363732
0.360595
0.363379
0.359619
0.361111
0.355459
0.357748
0.361931
0.361205
0.356107
0.35843
0.357619
0.35977
0.362547
0.368074
0.365443
0.362075
0.364646
0.365862
0.363142
0.369237
0.371348
0.365512
0.362341
0.363808
0.365936
0.368714
0.366588
0.364083
0.370944
0.367298
0.373063
0.370455
0.36584
0.370363
0.365306
0.362473
0.361999
0.361496
0.357536
0.357454
0.356658
0.36176
0.364874
0.368606
0.359466
0.35494
0.363802
0.361364
0.360781
0.361938
0.363336
0.362854
0.356683
0.357428
0.361458
0.358437
0.36327
0.364058
0.35632
0.355099
0.356019
0.350483
0.353337
0.360054
0.36293
0.353631
0.354834
0.355975
0.359026
0.361433
0.355757
0.356311
0.353254
0.352244
0.361897
0.362682
0.357269
0.350672
0.353835
0.355441
0.354353
0.361086
0.362303
0.362859
0.359493
0.361927
0.35924
0.356816
0.364402
0.365503
0.369904
0.368281
0.359384
0.355769
0.36392
0.357627
0.371338
0.364144
0.361404
0.359664
0.362217
0.360346
0.352175
0.353014
0.360334
0.361776
0.360365
0.358726
0.357469
0.353404
0.353456
0.350528
0.345014
0.345952
0.345148
0.350335
0.347393
0.343993
0.349125
0.350479
0.349244
0.351931
0.354288
0.351835
0.352455
0.354671
0.357068
0.358013
0.361569
0.358747
0.353074
0.358335
0.359937
0.363531
0.366365
0.365368
0.365982
0.365661
0.364963
0.359564
0.368516
0.363695
0.364749
0.364821
0.356286
0.36032
0.358761
0.355879
0.354904
0.358512
0.362338
0.363734
0.358107
0.360772
0.360864
0.352702
0.349291
0.355981
0.365588
0.359063
0.360454
0.362276
0.357043
0.354086
0.356834
0.350726
0.347721
0.338817
0.34573
0.346027
0.349164
0.342316
0.344287
0.341733
0.340301
0.340318
0.346574
0.343192
0.34848
0.346205
0.356155
0.356187
0.359338
0.36471
0.361293
0.365931
0.365529
0.367987
0.367301
0.365887
0.363105
0.362754
0.356653
0.364586
0.358864
0.361334
0.358647
0.360751
0.359713
0.366912
0.361298
0.362704
0.356713
0.362911
0.363959
0.358217
0.359573
0.357681
0.361346
0.358872
0.353724
0.355269
0.352032
0.350595
0.351477
0.35424
0.354686
0.356838
0.360733
0.357904
0.354235
0.354491
0.352694
0.354392
0.352264
0.359142
0.355244
0.352111
0.351627
0.353062
0.352299
0.34944
0.357485
0.361767
0.361029
0.361726
0.366752
0.368105
0.365745
0.365258
0.366417
0.363119
0.369147
0.367145
0.363108
0.363409
0.363787
0.368648
0.362703
0.363059
0.36261
0.370148
0.367754
0.360594
0.359155
0.361249
0.354359
0.355002
0.354766
0.353093
0.352034
0.355743
0.350049
0.349089
0.355352
0.359613
0.358387
0.363644
0.364227
0.36429
0.370386
0.371084
0.373584
0.375576
0.379584
0.376163
0.374923
0.373048
0.37719
0.376935
0.372762
0.374803
0.368624
0.368947
0.363085
0.354803
0.361908
0.363397
0.36047
0.354651
0.361514
0.353822
0.358785
0.35771
0.3557
0.360568
0.361703
0.348756
0.347129
0.350759
0.356534
0.360779
0.365175
0.365926
0.369292
0.365158
0.377717
0.373682
0.370205
0.369243
0.367977
0.367195
0.365045
0.365658
0.368059
0.362228
0.362661
0.35827
0.355636
0.362007
0.360838
0.366307
0.367082
0.3591
0.364854
