0.678867
0.678844
0.681029
0.67581
0.680487
0.679409
0.677844
0.679876
0.677625
0.679883
0.681517
0.676452
0.676062
0.677019
0.678238
0.677015
0.674265
0.675126
0.673836
0.675635
0.674692
0.676981
0.674294
0.672517
0.676537
0.676613
0.675561
0.676685
0.678056
0.675488
0.677862
0.682983
0.678101
0.67825
0.676885
0.677796
0.67999
0.679041
0.680748
0.679279
0.677669
0.67852
0.680743
0.6744
0.678718
0.683117
0.67782
0.676194
0.675383
0.676504
0.675799
0.677847
0.674723
0.677944
0.680078
0.676823
0.676899
0.6774
0.678123
0.677673
0.680219
0.678662
0.679157
0.67771
0.674032
0.679089
0.676225
0.677559
0.67745
0.677192
0.677351
0.677677
0.673921
0.674937
0.676988
0.677269
0.676132
0.674087
0.677786
0.678388
0.679635
0.68006
0.67929
0.678264
0.680079
0.682726
0.682628
0.6829
0.682562
0.68552
0.686061
0.683145
0.682419
0.686355
0.685656
0.686136
0.685276
0.686822
0.683514
0.685601
0.686064
0.685476
0.687169
0.6806
0.677448
0.683574
0.676747
0.677611
0.677213
0.674946
0.673204
0.672948
0.672399
0.673289
0.672
0.672292
0.673864
0.674291
0.672718
0.673516
0.676558
0.676982
0.67502
0.676225
0.678505
0.68297
0.681641
0.675881
0.678429
0.680597
0.681913
0.68342
0.68143
0.681319
0.682488
0.681757
0.679686
0.681566
0.681192
0.684908
0.681507
0.680348
0.681082
0.679424
0.680936
0.679312
0.677929
0.680112
0.681764
0.679598
0.680557
0.679275
0.680362
0.680082
0.68118
0.68287
0.68517
0.680499
0.68048
0.68174
0.679701
0.682282
0.681723
0.680343
0.683082
0.679152
0.681095
0.683078
0.677082
0.675251
0.681605
0.678472
0.680217
0.676695
0.679857
0.679072
0.679433
0.67698
0.678496
0.681232
0.683623
0.683908
0.679688
0.680132
0.681444
0.679817
0.679494
0.680991
0.68221
0.674683
0.678629
0.675734
0.677368
0.67694
0.676502
0.675267
0.673222
0.675765
0.675239
0.677096
0.676803
0.674416
0.675599
0.673839
0.671261
0.674293
0.674596
0.675746
0.678804
0.676814
0.675233
0.675912
0.678639
0.678661
0.679653
0.680739
0.68226
0.679088
0.677859
0.675518
0.681567
0.683684
0.67894
0.680753
0.68093
0.681517
0.679812
0.679795
0.681277
0.678926
0.680578
0.680734
0.679018
0.679379
0.681036
0.679623
0.679739
0.682867
0.680182
0.681379
0.679653
0.682443
0.68013
0.683568
0.682401
0.680624
0.681176
0.68386
0.684117
0.685131
0.679751
0.680118
0.684824
0.686301
0.682051
0.682719
0.682936
0.679433
0.678069
0.67703
0.682442
0.678775
0.678285
0.678221
0.679652
0.678517
0.673148
0.677925
0.678012
0.683964
0.67872
0.682274
0.680422
0.68105
0.681602
0.67841
0.680991
0.680828
0.685265
0.682692
0.6827
0.682743
0.680791
0.680185
0.683509
0.685711
0.683725
0.684682
0.685962
0.685066
0.685697
0.683155
0.684143
0.687998
0.689342
0.68763
0.687199
0.68574
0.68306
0.68498
0.684721
0.684202
0.684276
0.683402
0.682212
0.682932
0.687297
0.680927
0.6816
0.681281
0.684199
0.679679
0.680361
0.680959
0.679521
0.683234
0.679301
0.680057
0.679006
0.679786
0.682973
0.681801
0.682905
0.680006
0.680935
0.682451
0.680763
0.679984
0.684153
0.68187
0.680773
0.685187
0.683289
0.680748
0.67927
0.680474
0.678773
0.679041
0.68339
0.681567
0.682857
0.685246
0.687333
0.687687
0.689363
0.691662
0.683537
0.687473
0.690315
0.687671
0.688605
0.688571
0.688646
0.689604
0.688705
0.687455
0.684159
0.684098
0.682737
0.679993
0.679965
0.678635
0.680292
0.676654
0.678826
0.676893
0.67749
0.679064
0.681335
0.67748
0.680853
0.678965
0.681263
0.679138
0.681098
0.67682
0.679956
0.682833
0.680285
0.681527
0.679563
0.679291
0.678583
0.682173
0.683556
0.681765
0.681322
0.68305
0.684598
0.683599
0.683781
0.684094
0.682294
0.680981
0.678249
0.682678
0.684104
0.68455
0.686148
0.682859
0.685092
0.684038
0.684974
0.685389
0.684438
0.684488
0.684079
0.686812
0.682546
0.680917
0.680463
0.681916
0.679842
0.680964
0.678979
0.676234
0.677735
0.678381
0.676334
0.675482
0.677485
0.676923
0.676219
0.672728
0.679159
0.677576
0.676575
0.676306
0.677989
0.676661
0.678444
0.680971
0.681041
0.683563
0.684019
0.682539
0.682699
0.680267
0.685618
0.68464
0.682892
0.684069
0.679898
0.677403
0.677233
0.680777
0.678572
0.678193
0.67544
0.672744
0.672667
0.674353
0.673917
0.677304
0.675168
0.672087
0.673352
0.670575
0.676388
0.675797
0.677526
0.68113
0.678811
0.677863
0.676893
0.683301
0.680472
0.686786
0.680073
0.684912
0.681287
0.678559
0.679195
0.684338
0.686585
0.678529
0.679692
0.680934
0.680039
0.677733
0.675167
0.680984
0.675992
0.675263
0.676203
0.678866
0.675767
0.677205
0.678456
0.677318
0.679239
0.677291
0.67832
0.68012
0.683283
0.678624
0.680822
0.676119
0.681048
0.681332
0.680637
