64649.5
64651.7
64444.2
64941.9
64495.6
64597.9
64747.1
64553.5
64767.9
64552.8
64398.1
64880.3
64917.7
64825.9
64709.4
64826.3
65090.8
65007.7
65132.2
64958.7
65049.5
64829.6
65087.9
65259.9
64872.1
64864.9
64965.8
64857.9
64726.8
64972.9
64745.3
64259.8
64722.5
64708.2
64838.8
64751.6
64542.7
64632.9
64470.8
64610.3
64763.8
64682.5
64471.3
65077.7
64663.6
64247.3
64749.3
64905
64983
64875.3
64943
64746.7
65046.5
64737.5
64534.3
64844.7
64837.4
64789.5
64720.4
64763.3
64520.9
64669
64621.8
64759.8
65113.2
64628.3
64902
64774.3
64784.7
64809.4
64794.1
64763
65124
65025.9
64829
64802
64911
65107.9
64752.6
64695.1
64576.4
64536
64609.2
64707
64534.2
64284.1
64293.3
64267.7
64299.5
64022.1
63971.5
64244.6
64312.9
63944.1
64009.3
63964.6
64044.8
63900.7
64210
64014.5
63971.3
64026.2
63868.4
64484.8
64784.9
64204.3
64852
64769.3
64807.4
65025
65193.3
65218.1
65271.3
65185.1
65310.1
65281.7
65129.4
65088.2
65240.4
65163.1
64870.1
64829.5
65017.9
64902
64684
64261.1
64386.3
64935.1
64691.2
64485.2
64360.7
64218.7
64406.3
64416.8
64306.4
64375.4
64571.6
64393.5
64428.9
64079.3
64399
64508.7
64439.3
64596.5
64453
64607.1
64738.9
64531.1
64374.7
64579.9
64488.9
64610.6
64507.4
64533.9
64429.9
64270.5
64054.8
64494.4
64496.2
64377.1
64570.2
64325.9
64378.6
64509.2
64250.5
64622.3
64438
64250.9
64820
64995.6
64389.7
64687.1
64521.2
64857
64555.3
64629.9
64595.6
64829.7
64684.8
64425.1
64199.7
64173
64571.4
64529.3
64405
64559.1
64589.8
64447.8
64332.7
65050.4
64672.1
64949.2
64792.5
64833.5
64875.4
64994.1
65191.5
64946.3
64996.8
64818.5
64846.6
65076.1
64962.2
65131.8
65382
65088
65058.8
64948.1
64655.5
64845.6
64997.4
64932.1
64671.2
64669.1
64574.8
64471.6
64328
64628.4
64745.6
64970
64393.4
64194
64642.5
64470.3
64453.6
64398.1
64559.6
64561.2
64420.8
64643.9
64486.9
64472.2
64635.1
64600.8
64443.6
64577.6
64566.5
64270.7
64524.5
64411.2
64574.7
64310.7
64529.4
64204.9
64314.7
64482.5
64430.3
64177.5
64153.4
64058.4
64565.4
64530.6
64087.1
63949.1
64347.6
64284.7
64264.3
64595.6
64725.6
64824.8
64310.8
64658.3
64705
64711
64574.8
64682.8
65198.7
64739.3
64731
64167.7
64663.5
64326.6
64501.8
64442.2
64390.1
64693
64447.9
64463.3
64045.9
64287.2
64286.5
64282.5
64466.8
64524.2
64210.4
64004.2
64190.2
64100.4
63980.8
64064.4
64005.5
64243.7
64150.9
63791.5
63667.1
63825.6
63865.6
64001.5
64252.7
64072.5
64096.7
64145.3
64138.4
64220.4
64332.5
64264.7
63856.5
64453.9
64390.2
64420.4
64145.6
64572.2
64507.5
64450.8
64587.3
64236.2
64608.2
64536.4
64636.2
64562
64260.8
64371.3
64267.2
64541.2
64453.2
64309.9
64469.4
64543.2
64149.9
64364.7
64468.4
64053.2
64231
64470.8
64611.1
64496.8
64658.4
64632.9
64221.6
64393.4
64271.7
64047.6
63853.2
63820.3
63665.2
63453.5
64207.7
63840.2
63577.4
63821.8
63735.2
63738.4
63731.4
63642.9
63726
63841.9
64149.4
64155.1
64283
64542.4
64545
64671.6
64514.1
64860.9
64653.4
64838
64780.9
64630.7
64415.3
64781.8
64460.9
64640.1
64422.1
64623.7
64437.7
64845
64545.9
64274
64514.7
64397.2
64583.3
64609.1
64676.5
64336.2
64206
64374.6
64416.5
64253.5
64108.3
64201.9
64184.8
64155.5
64324.8
64448.8
64708.4
64288.6
64154.6
64112.8
63963.5
64271.5
64062
64160.8
64073
64034.2
64123.3
64118.6
64156.9
63901.6
64301
64454.8
64497.9
64360.4
64556.8
64450.3
64638.8
64901.1
64757.4
64695.8
64891.6
64973.5
64781.4
64835.1
64902.6
65239.4
64621.7
64772.7
64868.4
64894.3
64733.2
64860.3
64689.8
64449.7
64443.1
64205.3
64162.5
64301.7
64286.6
64516.4
64012.9
64104.4
64268.4
64157.8
64551.4
64789.2
64805.5
64468.1
64677.6
64713.7
64977.5
65237.8
65245.4
65082.2
65124.3
64798.7
65003.7
65301.6
65179
65448.9
64886.4
64943.2
64777.4
64434.7
64654.8
64745.3
64838
64229.9
64497
63904
64534.8
64078.8
64419.9
64678.8
64618.3
64132.6
63922.7
64681.7
64571
64453.3
64538.1
64757.6
65003.8
64448.5
64924.5
64994.6
64904.2
64649.5
64946.1
64808.1
64688.6
64797.4
64614.1
64799.9
64701.6
64530.3
64231.7
64672.6
64463.8
64912.3
64442.5
64415.5
64481.3
