1965.85
1985.48
2017.87
1990.56
1974.36
1992.1
1978
1967.52
1976.74
1970.22
1987.03
1989.96
1981.57
1954.54
1987.77
1988.91
1967.51
1993.91
1970.44
1999.34
2010.68
1969.05
1974.09
1979.4
1983.91
1972.9
1991.75
1994.58
1996.46
1962.95
1960.81
1978.77
1982.73
1964.53
1981.43
1997.4
1978.28
1971.55
1979.54
1978.99
1991.8
1965.6
1987.94
1986.96
1967.36
1996.71
1991.43
1957.26
1989.74
1982.59
1974.94
1998.41
1970.67
2003.31
1974.85
1959.33
1980.99
1995.17
1976.99
1955.34
1980.29
1978.85
1993.41
2003.33
1962.24
1987.73
2000.18
1968.25
1994.14
1981.55
1990.86
1999.56
2009.1
1989.86
1962.14
1972.24
1972.98
1969.47
1968.32
1974.61
1980.85
1988.89
1999.12
1949.72
1998.73
1994.02
1963.55
1978.45
1984.13
1973.02
1989.41
1970.26
1973.94
2009.33
1971.55
1971.28
1976.73
1966.44
1961.24
1992.33
1968.85
1966.23
1985.01
1978.65
1990.29
1953.59
1967.07
2009.86
1977.61
1952.37
1977.16
1998.42
1991.86
1992.03
1981.99
1979.52
1982.5
1965.72
1981.4
1981.35
1984.29
1991.15
1960.63
1978.97
1979.48
1981.16
1974.48
1958.71
1971.95
1962.45
1972.27
1994.2
1994.59
1963.95
1991.77
1998.08
1982.32
1976.76
1990.57
1989.22
1993.31
1988.32
1986.2
1995.98
1959.39
1987
1977.65
1959.26
1979.72
1990.13
1978.72
1989.24
2003.8
1957.44
1966.38
2002.85
1979.55
1956.73
1978.88
1974.6
1977.98
2005.57
1976.88
1980.78
1971.55
1958.42
2004.59
1994.33
1981.56
2005.94
2007.69
1984.54
1966.83
1976.65
1968.39
1963.88
1989.24
1985.56
1971.17
1990.67
1996.34
1968.39
1985.24
1965.97
1968.31
1985.06
1970.53
1994.81
2015.63
1995.07
1990.17
1999.94
2000.19
1960.69
1991.08
2011.56
1972.34
1985.49
1998.64
1991.88
2000.37
1985.51
1974.02
1977.76
1989.49
1996.55
1979.69
1983.9
2007.22
1983.69
1984.43
1981.15
1979.73
1990.23
1973.23
1987.53
1990.39
1991.2
1980.52
1993.73
1969.99
2010.32
1972.05
1961.96
2012.07
1998.88
1975.7
1990.82
1983.72
1985.26
1983.74
1990.03
2002.95
1980.64
1985.79
1990.81
1984.3
1991.63
1991.31
2002.33
1959.26
1970.16
1986.89
1984.68
1992.7
1967.04
1960.76
2007.46
1982.23
1980.15
1972.16
1983.41
1987.74
1988.34
1992.2
1982.95
1947.46
1963.68
1976.92
1965.02
1994.5
1990.49
1979.61
1997.27
1984.09
1976.66
2013.02
1998.51
1970.75
1990.89
1990.57
1996.02
2008.74
1997.66
1998.99
1993.59
1995.21
1984.68
1972.48
1974.09
1991.47
1985.43
1963.6
1980.96
1979.06
1989.34
1978.11
1984.66
2012.05
1985.95
1985.99
1997.45
1989.37
1981.52
1976.19
1984.45
1971.08
1971.23
1950.29
1980.04
1982.37
1984.97
1963.3
1987.66
1996.26
1965.71
1993.4
1982.19
1983.77
1988.22
1975.93
1970.37
1995.5
2002.02
1981.55
1973.91
1984.01
1966.62
1995.04
1992.78
1976.33
1993.7
1980.63
1979.28
1989.12
1986.54
1964.22
1954.14
1959.77
1979.02
1979.67
1980.9
1990.73
1989.46
1996.13
1974.06
1970.65
1986.34
1952.51
1947.98
1976.15
1994.03
1974.26
1994.65
1973.64
1974.6
1977.64
1958.46
1996.91
2000.88
1954.36
1983.75
1996.57
1972.72
1997.91
1983.25
1985.04
2002.83
1977.05
1974.43
1979.65
1950.82
1987.69
1997.88
1950.43
1974.46
2009.34
1992.4
2018.51
1974.8
1973.12
1985.83
2005.7
1979.59
1986.31
2014.17
2001.9
2002.24
2011.03
1978.31
1980.14
1997.59
1993.58
1992.94
2006.73
2005.27
1995.61
1996.86
1997.68
1998.31
1980.09
1999.45
1997.51
2011.47
1992.26
1996.39
1981.4
1994.1
1991.12
1993.64
1987.28
2009.47
1996.74
1980.3
2009.15
1994.82
1992.51
1987.92
1988.46
1995.95
2001.6
2001.53
1983.18
1989.53
1982.15
1998.96
1972.67
1966.87
1986.64
1985.68
1984.83
1984.07
1979.52
2010.58
2007.55
1979.52
1959.89
2018.6
1997.25
1961.7
1980.64
1978.01
1973.06
1995.99
1987.1
1987.33
1986.64
1969.96
1967.02
1981.46
1998.18
2000.28
1990.86
1980.01
1998.79
1998.83
1983.73
1970.69
1988.51
1972.86
1985.61
1994.62
1942.62
1970.09
1988.64
1977.19
1977.1
1979.81
1972.98
1977.63
2009.76
1965.3
1967.66
1983.36
1949.57
1982.65
1974.83
1968.94
1989.27
1973.54
1981.28
1988.26
1964.83
1972.17
1998.45
1981.71
1989.65
1968.72
1971.38
1978.96
1978.34
1983.2
1974.58
1962.49
1977.26
1977.84
1970.29
1961.94
1960.39
1968.32
1991.86
1965.99
1984.2
1976.6
1983.72
1993.68
1978.56
1988.04
1982.67
1974.55
1982.64
