0.467542
0.474479
0.483855
0.471239
0.462243
0.480996
0.480164
0.478941
0.482541
0.479538
0.488204
0.48187
0.47882
0.477533
0.475137
0.476195
0.475713
0.476713
0.470153
0.477969
0.471463
0.453433
0.458548
0.459068
0.464547
0.461555
0.475966
0.478591
0.483927
0.478694
0.460366
0.473336
0.477588
0.475335
0.475313
0.475508
0.474455
0.454039
0.455898
0.460196
0.465387
0.461063
0.477442
0.485474
0.477863
0.482769
0.482498
0.467838
0.484125
0.469719
0.45917
0.468967
0.469996
0.473838
0.461259
0.468677
0.479854
0.480609
0.460607
0.465818
0.464268
0.468945
0.480426
0.483267
0.467648
0.474016
0.485159
0.476398
0.481197
0.471665
0.485434
0.492144
0.485849
0.486122
0.476477
0.469551
0.459155
0.460019
0.470414
0.465093
0.463764
0.477339
0.477452
0.473548
0.496149
0.501838
0.493247
0.489522
0.486477
0.473369
0.477368
0.471212
0.474548
0.484469
0.478083
0.472247
0.48065
0.477823
0.477259
0.487356
0.485401
0.484037
0.493225
0.497926
0.488567
0.482228
0.483291
0.495524
0.487191
0.481136
0.491712
0.496015
0.501566
0.497301
0.491611
0.493692
0.488872
0.496855
0.49859
0.499636
0.484795
0.48913
0.483954
0.490356
0.489011
0.488321
0.48601
0.4833
0.489166
0.486871
0.491528
0.496259
0.479785
0.472567
0.47785
0.481862
0.489533
0.485728
0.488667
0.495453
0.496123
0.492522
0.493693
0.506709
0.498493
0.502859
0.506583
0.501978
0.514075
0.50951
0.504605
0.508147
0.504847
0.486002
0.495967
0.502673
0.482273
0.478135
0.482546
0.474867
0.487126
0.479564
0.478153
0.480801
0.468276
0.473447
0.480491
0.476106
0.484061
0.497042
0.489421
0.478549
0.477464
0.47547
0.477868
0.466738
0.478775
0.47978
0.474048
0.481385
0.479407
0.468909
0.477344
0.477516
0.47338
0.47054
0.4739
0.476226
0.482896
0.472221
0.474855
0.471403
0.476439
0.472242
0.48097
0.486544
0.462259
0.469167
0.472582
0.469408
0.459834
0.45934
0.456094
0.459995
0.46718
0.47055
0.475349
0.482593
0.486531
0.480533
0.484883
0.478652
0.476738
0.479932
0.481216
0.479492
0.478777
0.480256
0.483701
0.481161
0.483537
0.492143
0.484123
0.484917
0.487641
0.485442
0.476144
0.471021
0.45991
0.467172
0.471922
0.477575
0.480714
0.480687
0.484416
0.494546
0.486639
0.484636
0.489475
0.486454
0.475882
0.477795
0.481357
0.477997
0.487525
0.477588
0.479466
0.480655
0.481091
0.4878
0.480393
0.478806
0.482516
0.481345
0.479383
0.473121
0.461522
0.461386
0.461584
0.461538
0.473495
0.477814
0.480043
0.483702
0.483933
0.482288
0.500731
0.491103
0.478209
0.490729
0.486845
0.474557
0.482912
0.480612
0.479334
0.481316
0.482693
0.474866
0.469318
0.469659
0.470265
0.460613
0.45389
0.45523
0.456259
0.458594
0.453727
0.449776
0.464107
0.46878
0.472975
0.470484
0.467742
0.466946
0.472589
0.461825
0.46624
0.465017
0.453232
0.458249
0.465945
0.468279
0.457006
0.472508
0.477668
0.469881
0.475087
0.473087
0.469554
0.472684
0.468025
0.463385
0.461579
0.461769
0.447835
0.448643
0.452775
0.44589
0.45356
0.464244
0.470881
0.477641
0.470145
0.47949
0.4743
0.474717
0.472393
0.464254
0.464993
0.469443
0.464201
0.473082
0.470361
0.475081
0.446407
0.443342
0.436318
0.440202
0.432565
0.43254
0.438286
0.451831
0.449254
0.453304
0.453157
0.455231
0.448975
0.450465
0.459486
0.458411
0.451149
0.464605
0.469384
0.460212
0.472377
0.470831
0.478993
0.478079
0.467283
0.465637
0.474037
0.461952
0.475402
0.475361
0.458049
0.459638
0.476913
0.469536
0.47861
0.461468
0.466713
0.468238
0.482399
0.463359
0.464818
0.480113
0.475436
0.479575
0.482334
0.474778
0.472459
0.474346
0.463696
0.468297
0.471499
0.470803
0.470393
0.469868
0.464801
0.469729
0.46658
0.476999
0.47767
0.487938
0.486564
0.484578
0.481847
0.490425
0.482598
0.480489
0.484358
0.489573
0.486726
0.478877
0.491513
0.489356
0.488062
0.48508
0.482796
0.478557
0.477521
0.476813
0.472223
0.464493
0.4703
0.465647
0.463455
0.462506
0.473587
0.470093
0.468384
0.472802
0.456722
0.474383
0.464711
0.462823
0.471957
0.488959
0.47156
0.463742
0.472228
0.464262
0.463046
0.466917
0.469417
0.462073
0.469132
0.470288
0.467202
0.466368
0.478163
0.474298
0.474549
0.463972
0.467895
0.477122
0.483398
0.487973
0.490658
0.479797
0.486364
0.484872
0.468381
0.468201
0.478968
0.476278
0.466484
0.460469
0.45181
0.467174
0.478994
0.466315
0.460642
0.477881
0.469545
0.473494
0.482744
0.483957
0.478991
0.483311
0.490368
0.496978
0.473514
0.473564
0.480506
0.479078
0.476811
0.468913
0.455728
0.456148
0.455008
0.464719
0.461486
0.455628
0.458386
0.467257
0.470719
0.472874
0.483278
0.480315
0.47977
0.473102
0.46999
0.466255
0.472956
0.486683
0.472951
0.485017
0.479224
0.475651
0.469163
