0.654486
0.651943
0.642066
0.652182
0.656221
0.648653
0.651166
0.65283
0.649341
0.648541
0.645223
0.646095
0.646728
0.654056
0.647532
0.645393
0.651654
0.643993
0.650143
0.646486
0.644095
0.655003
0.652785
0.65495
0.652248
0.652865
0.646405
0.646342
0.644037
0.648292
0.65238
0.649292
0.646303
0.652171
0.645891
0.645625
0.650571
0.654129
0.652923
0.653345
0.648923
0.653562
0.645802
0.644731
0.650814
0.642819
0.644562
0.652648
0.647216
0.651453
0.655531
0.647522
0.655325
0.647197
0.651839
0.655036
0.650198
0.647096
0.654209
0.659056
0.652641
0.654661
0.648036
0.645606
0.65719
0.65047
0.645836
0.653516
0.646998
0.651592
0.647531
0.642766
0.643547
0.646614
0.655506
0.650977
0.655552
0.656495
0.655452
0.655783
0.652631
0.647339
0.645091
0.65604
0.641609
0.640977
0.648762
0.643485
0.646142
0.651359
0.649394
0.655049
0.656063
0.644004
0.654698
0.653613
0.650508
0.651566
0.652337
0.644976
0.651008
0.650088
0.646764
0.647352
0.646107
0.6546
0.653161
0.643763
0.651353
0.65678
0.649431
0.647158
0.646641
0.647496
0.648209
0.650203
0.649113
0.654114
0.648496
0.64914
0.650447
0.649453
0.654332
0.651227
0.650292
0.651211
0.650192
0.653149
0.650768
0.655205
0.652387
0.647511
0.650986
0.657403
0.65153
0.650256
0.653003
0.654001
0.64734
0.648565
0.647017
0.64701
0.647501
0.644025
0.651965
0.64299
0.64616
0.652087
0.645171
0.641793
0.648032
0.645483
0.642439
0.65569
0.651253
0.643891
0.653157
0.657416
0.652097
0.65492
0.652125
0.646421
0.655299
0.65377
0.659156
0.661108
0.650723
0.653216
0.654877
0.647162
0.647705
0.651971
0.656944
0.65409
0.654993
0.660613
0.651663
0.652382
0.660271
0.651592
0.652194
0.656133
0.651522
0.658267
0.656977
0.65315
0.656257
0.650252
0.646792
0.652237
0.651427
0.649127
0.646463
0.656443
0.647996
0.643313
0.656197
0.65293
0.649622
0.654015
0.653859
0.656014
0.657758
0.65653
0.653566
0.648178
0.65075
0.64927
0.64333
0.648586
0.648954
0.649045
0.650951
0.648009
0.652513
0.647908
0.648179
0.648265
0.649162
0.644968
0.651449
0.64209
0.652726
0.65372
0.6446
0.64958
0.655964
0.655314
0.65665
0.657145
0.656181
0.651905
0.646954
0.651151
0.647515
0.647058
0.645242
0.645158
0.64627
0.645487
0.653523
0.650907
0.648167
0.652026
0.648856
0.653981
0.656981
0.64634
0.650605
0.651224
0.653632
0.650925
0.650756
0.649569
0.64875
0.650996
0.660857
0.658885
0.657157
0.660112
0.651187
0.650183
0.653413
0.647781
0.650227
0.651755
0.641728
0.644807
0.652435
0.648015
0.649077
0.647621
0.644009
0.647091
0.648121
0.647531
0.648445
0.650007
0.654851
0.654376
0.649988
0.654201
0.660219
0.657543
0.658251
0.6549
0.656783
0.658105
0.647839
0.65347
0.651197
0.648269
0.650644
0.651753
0.652435
0.653927
0.656314
0.654456
0.659707
0.655393
0.652437
0.649897
0.654988
0.646197
0.643403
0.65052
0.642689
0.648225
0.648843
0.648072
0.652387
0.656042
0.652109
0.654007
0.658725
0.66051
0.6589
0.663093
0.652615
0.651237
0.652678
0.64693
0.648736
0.648605
0.647269
0.648105
0.651999
0.655532
0.65449
0.649707
0.649144
0.650346
0.645604
0.646908
0.654112
0.660137
0.659305
0.656517
0.665025
0.664293
0.657105
0.653637
0.656645
0.652248
0.656137
0.656078
0.65334
0.658579
0.649276
0.647163
0.658319
0.65145
0.646237
0.652597
0.645671
0.647791
0.647191
0.64285
0.648429
0.64929
0.646223
0.658077
0.647172
0.645123
0.659318
0.651962
0.643024
0.647448
0.641441
0.650099
0.652792
0.647107
0.642622
0.651763
0.648999
0.641516
0.646424
0.646405
0.643399
0.65083
0.652614
0.64791
0.649851
0.652007
0.646873
0.648537
0.651228
0.649828
0.651175
0.6486
0.653693
0.647101
0.64689
0.643524
0.646712
0.645235
0.649584
0.645699
0.647882
0.647258
0.648969
0.641376
0.645127
0.648739
0.640878
0.646428
0.646093
0.649377
0.647616
0.648477
0.647092
0.647354
0.65294
0.653042
0.654902
0.652855
0.655943
0.658731
0.65317
0.65448
0.654022
0.654255
0.655395
0.65067
0.649149
0.654677
0.656839
0.643545
0.649617
0.658412
0.652933
0.654803
0.655082
0.650365
0.651873
0.652133
0.650848
0.652792
0.65639
0.653276
0.649011
0.650083
0.651847
0.65593
0.650431
0.647633
0.649568
0.652358
0.64743
0.653053
0.649033
0.646906
0.659008
0.657126
0.649313
0.65438
0.655971
0.655854
0.659569
0.657143
0.647189
0.656208
0.65633
0.648696
0.657374
0.648372
0.648377
0.649506
0.64441
0.648306
0.645093
0.64255
0.649752
0.648276
0.64446
0.649859
0.649453
0.653995
0.656093
0.654759
0.657131
0.654875
0.655852
0.656236
0.653016
0.650605
0.65361
0.652746
0.651109
0.649574
0.647532
0.653841
0.653205
0.653434
0.651223
0.647239
0.651935
0.648087
0.650356
0.651739
0.650805
