72903
73187.4
74313.3
73160.6
72710.4
73558.6
73274.7
73088
73480.8
73571.3
73949.7
73849.9
73777.6
72951
73686
73930.2
73219.9
74090.9
73390
73805.2
74079.2
72845.5
73093
72851.5
73153.2
73084.1
73814.5
73821.7
74085.9
73599.6
73138.4
73486.2
73826.1
73161.8
73873.2
73903.7
73341.8
72942.8
73077.6
73030.4
73528
73006.2
73883.3
74006.1
73314.4
74226.2
74025.6
73108.4
73721.9
73242.5
72786.8
73687.1
72809.8
73724.1
73199.1
72841.9
73383.8
73735.6
72933.9
72397.5
73109.2
72883.5
73628.7
73905.9
72603.1
73353.2
73879.5
73011.3
73746.8
73226.9
73686.1
74232.4
74142.2
73790.6
72789.7
73296
72784.5
72679.9
72795.7
72758.9
73110.3
73708
73964.8
72730.4
74366.2
74439.5
73546.2
74149.4
73844.5
73253
73474.7
72840.4
72727.8
74089.6
72879.5
73000.5
73348.9
73229.8
73143.2
73978
73292.5
73396.3
73773.5
73706.4
73848.5
72890.4
73050.9
74117.4
73253.7
72648.5
73470.5
73728.5
73787.5
73690.1
73609.1
73383.3
73506.5
72944.5
73576.5
73503.5
73355.7
73468.1
72920.3
73267.9
73373.2
73269.7
73384.5
73052.3
73319.6
72823.1
73137.6
73688.3
73295
72579.6
73233.9
73377.4
73068.6
72957.1
73707.9
73568.6
73744.7
73745.4
73689.5
74087.3
73184.9
74206.5
73842.5
73171.3
73955.6
74344.9
73629.1
73919.9
74270.1
72769.2
73265
74102.6
73051.5
72578.2
73170.2
72854.8
73167
73812.6
72812.6
72982.9
72386.5
72172.8
73324.7
73044.8
72859.6
73728.1
73666.3
73184.3
72630.3
72947.2
72846.6
72226.9
73218.9
73138.1
72264.3
73226.9
73159.2
72720.1
73234.8
72484.3
72626.6
73052.2
72706.3
73377.8
73770.3
73154.4
73245.5
73505
73807.8
72685.8
73633.2
74169.2
72712.9
73076.8
73448.9
72955.5
72973
72733.3
72540.4
72676.1
73005.6
73612.6
73321.6
73488.7
74167.2
73566.2
73524.5
73514.2
73298.9
73631.8
73123.5
73643.2
73612.4
73602.7
73501
73979
73242.9
74310.5
73099.6
72988.5
74021.1
73453.7
72738.7
72811
72662.8
72608
72714.7
73191.7
73751.8
73276.5
73687.9
73739.9
73947.5
73957.2
73829.8
73919.4
73010.5
73303.9
73613.8
73178.1
73535.6
72959.4
72626.1
73821.9
73337.9
73268.3
72998.3
73301.9
73320.9
73454.9
73547.6
73293.9
72200.3
72416.4
72606.7
72281.7
73272.4
73385.5
73022.7
73657.6
73380.5
73208.5
74352.4
73997.4
73132.2
73631
73510.6
73675.8
74089
73736.2
73619
73686.1
73582.2
73405.4
72862.4
72915.4
73407.6
72934.8
72270
72564.1
72486
72856.9
72648.1
72502.1
73651.1
73016.4
73271.3
73602.2
73333.5
73208.8
73132.2
72965.4
72700
72906.4
72326.1
72802.1
73132
73417.8
72847.2
73838.3
74158.9
73347.6
74241.2
73607.2
73537.1
73624.5
73137.7
72730.1
73168.8
72956.4
72433.9
72238.2
72414.7
71956.8
73112.1
73266.7
73105
73754.6
73549.2
73564
73715.9
73620.9
73181.1
72786.8
72902.6
73439.3
73503
73367.2
73906.1
73757.1
72944.8
72279
72370.2
72677.5
71747.7
71826.8
72612.5
72997.7
72663.4
73153.3
72719.6
72726.2
73030.9
72450
73488.1
73728
72478.6
73242.8
73833.7
73114.1
73898.4
73656.5
73724.8
74222.6
73584.1
73486.5
73835.3
72505.3
73727
73961.1
72368.8
73185.3
74202.6
73695.5
74385.7
73395.1
73092.3
73734.4
74249
73207.6
73519.4
74377
73812.3
73814.4
74159.4
73312.5
73112.1
73643
73423.1
73180.2
73761.1
73571.7
73267.7
73425.6
73273.8
73564.6
72991.5
73735.1
73759.1
74144.9
73779.4
73948.3
73453.2
73895.2
73646.1
73717.2
73522.9
74393.3
73960.7
73548.8
74451
73811.9
73850.1
73476.6
73676.4
73578.6
73736.1
73706.3
73075.7
73064.3
72856.8
73085.2
72741.1
72433.3
73049.9
72903.7
72954.8
72928.8
72801.9
73330.6
73502.5
72881.8
72641.9
74142.6
73449.5
72468.4
73076.5
72867.7
72836.7
73365
73195.3
73166.1
73310.6
73092.2
72691.5
73038.1
73518
73396.8
73198.2
72742.5
73357.6
73674.5
73455
73140.8
73697.6
73063
73515.5
73757.3
72402.8
72610.2
73483.9
72914.9
72738
72751
72341.2
72608.3
73725
72711.7
72698.2
73553.7
72582.8
73590.6
73589.9
73462
74042.9
73598
73964.6
74257.3
73434.3
73601.4
74037.3
73422.1
73468
72957.8
72724.5
72872.7
72609.6
72859.7
72751.2
72708.6
73067.1
73337.9
73000.7
73097.4
73281.2
73454.4
73686
72975
73046
73020.5
73268.4
73719.3
73188.4
73622.9
73366
73210.4
73315.4
