1848.48
1832.71
1825.82
1844.05
1839.68
1825.65
1837.41
1827.74
1836.8
1839.35
1838.31
1856.21
1845.03
1835.46
1830.47
1829.38
1823.65
1834.55
1841.41
1859.49
1833.4
1845.56
1845.91
1831.47
1843.12
1839.49
1849.39
1852.63
1845.03
1839.01
1852.18
1846
1851.47
1850.07
1840.44
1849.67
1836.05
1852.43
1841.19
1832.86
1836.47
1828.58
1842.21
1857.42
1843.65
1847.94
1844.47
1840.88
1837.14
1833.27
1842.39
1867.9
1856.53
1843.4
1827.94
1843.23
1827.28
1849.58
1855.27
1854.19
1845.96
1848.72
1850.7
1846.56
1834.56
1837.66
1854.25
1837.77
1860.18
1833.84
1855.37
1833.48
1840.2
1854.57
1823.41
1856.34
1830.34
1862.88
1851.99
1828.54
1837.11
1821.56
1845.45
1821.65
1846.13
1837.54
1848.19
1844.68
1821.52
1839.36
1830.42
1840.75
1845.3
1843.14
1844.18
1826.53
1846.09
1835.65
1842.71
1853.3
1838.11
1850.82
1835.37
1838.74
1834.5
1833.76
1856.96
1830.27
1859.04
1846.27
1855.09
1828.7
1839.39
1847.66
1838.16
1854.07
1840.71
1872.74
1839.94
1845.75
1832.38
1840.18
1839.01
1832.78
1857.39
1821.22
1860.13
1823.91
1855.75
1846.55
1838.96
1852.94
1837.19
1845.46
1832.51
1824.1
1843.93
1836.23
1847.46
1832.53
1836.74
1836.21
1855.85
1859.93
1832.83
1829.35
1820.25
1836.04
1846.25
1841.23
1858.42
1840.37
1835.73
1846.24
1833.35
1837.96
1830.99
1837.04
1847.21
1837.82
1840.42
1838.87
1839.12
1853.98
1828.83
1838.66
1831.62
1838.49
1828.92
1827.76
1839.1
1838.99
1841.43
1842.16
1839.98
1819.34
1836.8
1837.02
1830.64
1846.53
1834.67
1850.76
1838.83
1839.16
1834.03
1823.66
1842.04
1827.65
1859
1845.08
1829.73
1836.19
1842.65
1831.04
1830.54
1830.69
1833.95
1848.98
1837.89
1841.96
1843.19
1833.23
1826.02
1829.08
1847.6
1828.91
1844.47
1839.82
1837.51
1837.13
1820.5
1835.4
1842.51
1859.28
1859.2
1850.45
1842.1
1840.55
1839.28
1834.6
1841.29
1835.82
1849.54
1861.12
1841.33
1838.11
1814.15
1823.26
1840.04
1849.96
1835.74
1822.82
1835.04
1846.86
1820.52
1826.61
1821.05
1846.72
1844.43
1829.52
1846.14
1834.02
1851.97
1830.45
1820.05
1856.03
1839.99
1848.16
1817.36
1854.26
1826.48
1838.48
1839.65
1827.4
1840.21
1834.03
1841.79
1830.22
1829.62
1829.48
1831.82
1844.91
1826.08
1837.87
1820.78
1856.25
1825.67
1820.03
1827.88
1835.41
1824.81
1845.8
1838.78
1840.04
1828.42
1832.02
1831.56
1830.18
1837.76
1841.45
1843.92
1838.02
1826.44
1835.81
1839.04
1832.41
1835.95
1817.22
1853.57
1833.66
1854.18
1844.13
1832.69
1841.66
1824.35
1857.87
1845.94
1856.88
1833.35
1850.75
1851.21
1832.29
1842.26
1839.25
1844.18
1856.57
1842.55
1847.23
1823.06
1832.86
1832.02
1848.41
1849
1852.1
1856.73
1861.01
1846.77
1847.2
1846.41
1842.02
1853.56
1830.38
1836.82
1844.52
1845.75
1845.23
1838.58
1837.11
1853.08
1830.05
1858.62
1835.02
1826.67
1852.14
1846.74
1856.55
1824
1840.82
1808.67
1843.2
1828.7
1846.59
1839.4
1845.65
1862.83
1832.44
1833.86
1825.22
1855.17
1840.34
1838.23
1849.89
1860.75
1853.46
1830.23
1856.47
1843.4
1849.64
1840.45
1843.1
1850.97
1856.57
1838.83
1840.83
1846.21
1830.21
1828.89
1844.13
1849.94
1847.56
1833.11
1844.33
1835.25
1847.98
1847.57
1843.79
1844.64
1844.87
1838.13
1846.14
1850.36
1855.79
1838.1
1842.75
1852.34
1842.88
1855.97
1823.89
1844.09
1848.04
1843.52
1853.54
1846.46
1843.17
1827.89
1848.8
1851.33
1858.2
1837.32
1849.45
1858.04
1867.03
1841.71
1841.72
1850.09
1849.72
1846.59
1821.18
1853.98
1840
1844.97
1841.66
1830.11
1837.82
1834.34
1839.71
1837.28
1853.19
1854.82
1838.76
1848.42
1830.4
1832
1844.89
1834.35
1841.14
1833.81
1840.34
1836.28
1847.9
1835.79
1858.36
1851.5
1837.15
1844.03
1826.04
1850.93
1846.44
1841.59
1843.66
1832.73
1863.45
1824.94
1834.75
1826.69
1838
1848.15
1838.54
1826.46
1832.74
1820.86
1840.1
1827.9
1842.96
1858.39
1842.37
1830.91
1825.12
1831.01
1852.13
1831.19
1842.07
1838.03
1829.46
1829.81
1836.73
1826.26
1842.06
1828.51
1841.12
1847.56
1834.07
1842.27
1836.64
1852.82
1830.22
1829.5
1824.07
1848.5
1840.82
1845.13
1848.56
1829.02
1847.91
1834.04
1835.16
1837.04
1822.12
1848.71
1839.68
1839.95
1834.43
1816.39
1828.81
1839.34
1846.36
1837.56
1836.31
1837.59
1846.55
1833.38
