0.431174
0.42852
0.424079
0.425087
0.422368
0.425532
0.42798
0.426423
0.432237
0.432938
0.441488
0.446371
0.440431
0.436626
0.429683
0.429011
0.427032
0.435542
0.439825
0.441734
0.436624
0.443722
0.448446
0.436155
0.440702
0.441561
0.435545
0.445282
0.437481
0.431801
0.439298
0.435743
0.442459
0.440107
0.431459
0.43446
0.435128
0.441879
0.436749
0.438031
0.435025
0.432682
0.43615
0.435652
0.429614
0.431709
0.428254
0.417245
0.42449
0.420852
0.429955
0.436753
0.438118
0.435993
0.43209
0.429877
0.430757
0.436749
0.438292
0.43365
0.431451
0.422276
0.427611
0.421354
0.414244
0.41374
0.425495
0.41983
0.433862
0.420213
0.427076
0.425489
0.425791
0.432807
0.417762
0.433234
0.428828
0.439717
0.438401
0.429195
0.432283
0.423978
0.434939
0.42336
0.434264
0.436754
0.424392
0.430639
0.418575
0.418357
0.41738
0.427427
0.437539
0.432774
0.428351
0.425488
0.427042
0.426561
0.426314
0.430297
0.427375
0.426556
0.421947
0.427627
0.424343
0.422333
0.437789
0.431366
0.433494
0.436112
0.432792
0.423117
0.432224
0.431517
0.43527
0.438582
0.443418
0.451276
0.435858
0.436485
0.43133
0.437112
0.442537
0.440315
0.448218
0.436708
0.44622
0.432456
0.445751
0.438416
0.447634
0.440649
0.43096
0.431813
0.430562
0.431708
0.442474
0.435482
0.43548
0.435585
0.430256
0.439829
0.447581
0.437213
0.42968
0.426376
0.428467
0.437875
0.436729
0.432158
0.441364
0.430114
0.428978
0.439983
0.428678
0.432369
0.42939
0.428168
0.429412
0.426583
0.425294
0.420003
0.426535
0.428625
0.419173
0.423266
0.422206
0.419943
0.419994
0.415841
0.426892
0.424687
0.421612
0.428253
0.424418
0.413179
0.426523
0.428288
0.42586
0.429047
0.425007
0.434182
0.427566
0.42755
0.424898
0.424273
0.423872
0.419628
0.440959
0.433441
0.425069
0.428921
0.430464
0.432093
0.435248
0.429291
0.428218
0.428803
0.436409
0.434836
0.431576
0.430925
0.432853
0.421472
0.430737
0.421523
0.425621
0.4288
0.419545
0.420254
0.417904
0.418959
0.417821
0.426584
0.426242
0.422498
0.419849
0.418999
0.422569
0.4217
0.421313
0.421421
0.422123
0.421974
0.418804
0.413091
0.406675
0.413657
0.421116
0.424822
0.416189
0.408294
0.41864
0.426565
0.417104
0.417097
0.42017
0.422531
0.424558
0.4245
0.429932
0.417755
0.425957
0.417645
0.414247
0.423499
0.419099
0.428971
0.41613
0.43448
0.431383
0.427533
0.425206
0.424397
0.426362
0.428237
0.425514
0.412389
0.413269
0.426075
0.423848
0.426416
0.4238
0.424524
0.424881
0.432795
0.424204
0.419181
0.425014
0.434387
0.423356
0.428523
0.434042
0.431137
0.424871
0.420783
0.422537
0.426455
0.42915
0.428296
0.422827
0.415962
0.417964
0.42191
0.41738
0.419689
0.420015
0.414477
0.431031
0.427066
0.439546
0.419416
0.415248
0.420226
0.418725
0.433916
0.432867
0.430737
0.427953
0.433149
0.439906
0.425358
0.428637
0.426087
0.430528
0.437239
0.436057
0.432718
0.431143
0.427684
0.42712
0.435839
0.434433
0.437746
0.44353
0.434902
0.434362
0.436137
0.431728
0.42626
0.427284
0.421888
0.429934
0.429387
0.434412
0.430932
0.429869
0.422317
0.429481
0.423204
0.426244
0.425037
0.424258
0.428609
0.419755
0.422579
0.410651
0.429082
0.420683
0.425917
0.413247
0.430885
0.433095
0.42546
0.433458
0.424394
0.428427
0.429564
0.430192
0.427479
0.421087
0.428143
0.429259
0.433746
0.424956
0.431213
0.432236
0.436137
0.425927
0.43198
0.437672
0.432862
0.428726
0.4341
0.432582
0.429183
0.420021
0.430401
0.426383
0.429141
0.429516
0.428734
0.420238
0.431734
0.426651
0.428603
0.430499
0.421169
0.423517
0.422041
0.424861
0.422849
0.412542
0.412354
0.412059
0.421116
0.417507
0.414345
0.421567
0.419921
0.423623
0.429268
0.420005
0.428406
0.419682
0.434394
0.434856
0.432311
0.425995
0.429253
0.435998
0.433994
0.426468
0.422094
0.429407
0.4257
0.433102
0.425497
0.435412
0.437673
0.432644
0.439021
0.433221
0.437217
0.443733
0.439831
0.444258
0.434979
0.439774
0.430721
0.436484
0.426882
0.430025
0.428523
0.42884
0.424482
0.42485
0.42425
0.423239
0.425109
0.431642
0.441855
0.438425
0.429654
0.42725
0.425981
0.431604
0.43981
0.436452
0.437235
0.427599
0.432232
0.42467
0.427193
0.429888
0.429832
0.443357
0.437278
0.425789
0.438717
0.42894
0.43323
0.426556
0.435765
0.439458
0.435686
0.436008
0.42366
0.426234
0.436383
0.4276
0.432944
0.43168
0.425032
0.422921
0.425655
0.419617
0.422099
0.418071
0.427113
0.42685
0.42219
0.427053
0.426575
0.430303
0.424218
0.418595
0.421605
0.431411
0.431645
0.431905
0.433195
0.430415
0.435588
0.437259
0.429576
0.425047
0.429273
0.430045
0.427614
0.435538
0.437354
0.429997
0.4334
0.441693
0.442659
0.44374
0.440814
0.440071
0.441115
0.430977
