2theta,Intensity
2.014130280,26848.0
2.040390845,26173.0
2.066651410,25011.0
2.092911975,24222.0
2.119172540,23690.0
2.145433105,22841.0
2.171693670,22579.0
2.197954235,21734.0
2.224214800,21072.0
2.250475365,20532.0
2.276735930,19973.0
2.302996495,19626.0
2.329257060,18992.0
2.355517625,18655.0
2.381778190,18293.0
2.408038755,17893.0
2.434299320,17497.0
2.460559885,16946.0
2.486820450,16581.0
2.513081015,15963.0
2.539341580,15696.0
2.565602145,15338.0
2.591862710,15085.0
2.618123275,14500.0
2.644383840,14485.0
2.670644405,14053.0
2.696904970,13695.0
2.723165535,13627.0
2.749426100,13278.0
2.775686665,12723.0
2.801947230,12605.0
2.828207795,12476.0
2.854468360,12075.0
2.880728925,12013.0
2.906989490,11960.0
2.933250055,11524.0
2.959510620,11418.0
2.985771185,11306.0
3.012031750,11166.0
3.038292315,10732.0
3.064552880,10802.0
3.090813445,10741.0
3.117074010,10380.0
3.143334575,10139.0
3.169595140,10003.0
3.195855705,10036.0
3.222116270,9741.0
3.248376835,9849.0
3.274637400,9733.0
3.300897965,9670.0
3.327158530,9386.0
3.353419095,9363.0
3.379679660,9243.0
3.405940225,9099.0
3.432200790,8945.0
3.458461355,9046.0
3.484721920,8929.0
3.510982485,8786.0
3.537243050,8634.0
3.563503615,8828.0
3.589764180,8628.0
3.616024745,8804.0
3.642285310,8779.0
3.668545875,8700.0
3.694806440,8716.0
3.721067005,8709.0
3.747327570,8740.0
3.773588135,8675.0
3.799848700,8884.0
3.826109265,8573.0
3.852369830,8655.0
3.878630395,8735.0
3.904890960,8864.0
3.931151526,9006.0
3.957412091,9011.0
3.983672656,8930.0
4.009933221,9054.0
4.036193786,9372.0
4.062454351,9540.0
4.088714916,9556.0
4.114975481,9781.0
4.141236046,10072.0
4.167496611,10213.0
4.193757176,10557.0
4.220017741,10782.0
4.246278306,11106.0
4.272538871,11778.0
4.298799436,12017.0
4.325060001,12313.0
4.351320566,12922.0
4.377581131,13523.0
4.403841696,13644.0
4.430102261,14508.0
4.456362826,15349.0
4.482623391,15880.0
4.508883956,16767.0
4.535144521,17203.0
4.561405086,18200.0
4.587665651,18849.0
4.613926216,19832.0
4.640186781,20454.0
4.666447346,20992.0
4.692707911,21495.0
4.718968476,21859.0
4.745229041,21787.0
4.771489606,22174.0
4.797750171,22075.0
4.824010736,21658.0
4.850271301,21161.0
4.876531866,20767.0
4.902792431,19701.0
4.929052996,18915.0
4.955313561,18224.0
4.981574126,17412.0
5.007834691,16524.0
5.034095256,15674.0
5.060355821,14883.0
5.086616386,13958.0
5.112876951,13548.0
5.139137516,12739.0
5.165398081,12268.0
5.191658646,11730.0
5.217919211,10961.0
5.244179776,10806.0
5.270440341,10188.0
5.296700906,9713.0
5.322961471,9497.0
5.349222036,9088.0
5.375482601,8934.0
5.401743166,8451.0
5.428003731,8280.0
5.454264296,7972.0
5.480524861,7777.0
5.506785426,7697.0
5.533045991,7429.0
5.559306556,7282.0
5.585567121,7148.0
5.611827686,6899.0
5.638088251,6815.0
5.664348816,6896.0
5.690609381,6569.0
5.716869946,6531.0
5.743130511,6387.0
5.769391076,6349.0
5.795651641,6295.0
5.821912206,6095.0
5.848172771,6249.0
5.874433336,5986.0
5.900693901,6019.0
5.926954466,5947.0
5.953215031,5877.0
5.979475596,5779.0
6.005736161,5754.0
6.031996726,5762.0
6.058257291,5603.0
6.084517856,5615.0
6.110778421,5486.0
6.137038986,5747.0
6.163299551,5470.0
6.189560116,5526.0
6.215820681,5454.0
6.242081246,5425.0
6.268341811,5433.0
6.294602376,5334.0
6.320862941,5276.0
6.347123506,5414.0
6.373384071,5378.0
6.399644636,5406.0
6.425905201,5164.0
6.452165766,5358.0
6.478426331,5227.0
6.504686896,5136.0
6.530947461,5263.0
6.557208026,5232.0
6.583468591,5069.0
6.609729156,5191.0
6.635989721,5206.0
6.662250286,5003.0
6.688510851,5129.0
6.714771416,5052.0
6.741031981,5058.0
6.767292546,5068.0
6.793553111,5041.0
6.819813676,4958.0
6.846074241,5184.0
6.872334806,5074.0
6.898595371,5079.0
6.924855936,5058.0
6.951116501,5120.0
6.977377066,5041.0
7.003637631,4935.0
7.029898196,4924.0
7.056158761,4853.0
7.082419326,4991.0
7.108679891,4968.0
7.134940456,4839.0
7.161201021,4931.0
7.187461586,4788.0
7.213722151,5003.0
7.239982716,4984.0
7.266243281,5083.0
7.292503846,5049.0
7.318764411,4919.0
7.345024976,4962.0
7.371285541,4855.0
7.397546106,4888.0
7.423806671,5024.0
7.450067236,5040.0
7.476327801,4826.0
7.502588366,5072.0
7.528848931,4904.0
7.555109496,5049.0
7.581370061,4897.0
7.607630626,4985.0
7.633891191,5016.0
7.660151756,5093.0
7.686412321,5137.0
7.712672887,5063.0
7.738933452,5146.0
7.765194017,5102.0
7.791454582,5164.0
7.817715147,5263.0
7.843975712,5153.0
7.870236277,5428.0
7.896496842,5375.0
7.922757407,5565.0
7.949017972,5454.0
7.975278537,5648.0
8.001539102,5624.0
8.027799667,5689.0
8.054060232,5675.0
8.080320797,5945.0
8.106581362,5810.0
8.132841927,5858.0
8.159102492,5938.0
8.185363057,6054.0
8.211623622,5824.0
8.237884187,5985.0
8.264144752,6009.0
8.290405317,6071.0
8.316665882,6070.0
8.342926447,5934.0
8.369187012,5944.0
8.395447577,5920.0
8.421708142,5991.0
8.447968707,5896.0
8.474229272,5947.0
8.500489837,5773.0
8.526750402,5768.0
8.553010967,5653.0
8.579271532,5733.0
8.605532097,5731.0
8.631792662,5763.0
8.658053227,5630.0
8.684313792,5576.0
8.710574357,5600.0
8.736834922,5583.0
8.763095487,5535.0
8.789356052,5514.0
8.815616617,5350.0
8.841877182,5403.0
8.868137747,5380.0
8.894398312,5407.0
8.920658877,5386.0
8.946919442,5330.0
8.973180007,5372.0
8.999440572,5308.0
9.025701137,5253.0
9.051961702,5284.0
9.078222267,5362.0
9.104482832,5439.0
9.130743397,5314.0
9.157003962,5411.0
9.183264527,5353.0
9.209525092,5182.0
9.235785657,5452.0
9.262046222,5278.0
9.288306787,5347.0
9.314567352,5224.0
9.340827917,5432.0
9.367088482,5370.0
9.393349047,5377.0
9.419609612,5490.0
9.445870177,5444.0
9.472130742,5335.0
9.498391307,5487.0
9.524651872,5401.0
9.550912437,5232.0
9.577173002,5405.0
9.603433567,5462.0
9.629694132,5373.0
9.655954697,5316.0
9.682215262,5428.0
9.708475827,5295.0
9.734736392,5321.0
9.760996957,5339.0
9.787257522,5199.0
9.813518087,5227.0
9.839778652,5223.0
9.866039217,5246.0
9.892299782,4975.0
9.918560347,5075.0
9.944820912,5022.0
9.971081477,4935.0
9.997342042,5041.0
10.023602607,4883.0
10.049863172,4952.0
10.076123737,4960.0
10.102384302,4753.0
10.128644867,4911.0
10.154905432,4840.0
10.181165997,4884.0
10.207426562,4878.0
10.233687127,4651.0
10.259947692,4788.0
10.286208257,4690.0
10.312468822,4692.0
10.338729387,4733.0
10.364989952,4785.0
10.391250517,4607.0
10.417511082,4676.0
10.443771647,4627.0
10.470032212,4675.0
10.496292777,4606.0
10.522553342,4682.0
10.548813907,4541.0
10.575074472,4720.0
10.601335037,4589.0
10.627595602,4605.0
10.653856167,4522.0
10.680116732,4457.0
10.706377297,4410.0
10.732637862,4589.0
10.758898427,4508.0
10.785158992,4418.0
10.811419557,4428.0
10.837680122,4466.0
10.863940687,4541.0
10.890201252,4524.0
10.916461817,4522.0
10.942722382,4374.0
10.968982947,4318.0
10.995243512,4395.0
11.021504077,4386.0
11.047764642,4339.0
11.074025207,4329.0
11.100285772,4309.0
11.126546337,4345.0
11.152806902,4283.0
11.179067467,4387.0
11.205328032,4374.0
11.231588597,4311.0
11.257849162,4357.0
11.284109727,4374.0
11.310370292,4394.0
11.336630857,4425.0
11.362891422,4435.0
11.389151987,4343.0
11.415412552,4340.0
11.441673117,4430.0
11.467933682,4300.0
11.494194247,4308.0
11.520454813,4267.0
11.546715378,4255.0
11.572975943,4309.0
11.599236508,4288.0
11.625497073,4365.0
11.651757638,4324.0
11.678018203,4276.0
11.704278768,4230.0
11.730539333,4302.0
11.756799898,4277.0
11.783060463,4343.0
11.809321028,4282.0
11.835581593,4296.0
11.861842158,4365.0
11.888102723,4296.0
11.914363288,4417.0
11.940623853,4304.0
11.966884418,4496.0
11.993144983,4280.0
12.019405548,4268.0
12.045666113,4292.0
12.071926678,4288.0
12.098187243,4214.0
12.124447808,4298.0
12.150708373,4402.0
12.176968938,4392.0
12.203229503,4361.0
12.229490068,4254.0
12.255750633,4471.0
12.282011198,4433.0
12.308271763,4427.0
12.334532328,4446.0
12.360792893,4415.0
12.387053458,4495.0
12.413314023,4488.0
12.439574588,4361.0
12.465835153,4423.0
12.492095718,4454.0
12.518356283,4549.0
12.544616848,4481.0
12.570877413,4521.0
12.597137978,4525.0
12.623398543,4600.0
12.649659108,4404.0
12.675919673,4595.0
12.702180238,4486.0
12.728440803,4510.0
12.754701368,4562.0
12.780961933,4361.0
12.807222498,4509.0
12.833483063,4460.0
12.859743628,4399.0
12.886004193,4514.0
12.912264758,4492.0
12.938525323,4375.0
12.964785888,4394.0
12.991046453,4286.0
13.017307018,4277.0
13.043567583,4353.0
13.069828148,4290.0
13.096088713,4338.0
13.122349278,4349.0
13.148609843,4383.0
13.174870408,4369.0
13.201130973,4335.0
13.227391538,4339.0
13.253652103,4340.0
13.279912668,4211.0
13.306173233,4284.0
13.332433798,4278.0
13.358694363,4126.0
13.384954928,4095.0
13.411215493,4163.0
13.437476058,4235.0
13.463736623,4175.0
13.489997188,4222.0
13.516257753,4129.0
13.542518318,4115.0
13.568778883,4119.0
13.595039448,4095.0
13.621300013,4052.0
13.647560578,4100.0
13.673821143,4108.0
13.700081708,4206.0
13.726342273,4066.0
13.752602838,3984.0
13.778863403,3946.0
13.805123968,4000.0
13.831384533,3954.0
13.857645098,4035.0
13.883905663,4077.0
13.910166228,4062.0
13.936426793,3964.0
13.962687358,3979.0
13.988947923,4000.0
14.015208488,3980.0
14.041469053,3915.0
14.067729618,4129.0
14.093990183,4003.0
14.120250748,3943.0
14.146511313,3972.0
14.172771878,4034.0
14.199032443,3964.0
14.225293008,3917.0
14.251553573,3923.0
14.277814138,3904.0
14.304074703,3914.0
14.330335268,3748.0
14.356595833,3794.0
14.382856398,3865.0
14.409116963,3884.0
14.435377528,3894.0
14.461638093,3689.0
14.487898658,3710.0
14.514159223,3792.0
14.540419788,3826.0
14.566680353,3986.0
14.592940918,3848.0
14.619201483,3810.0
14.645462048,3743.0
14.671722613,3848.0
14.697983178,3721.0
14.724243743,3797.0
14.750504308,3751.0
14.776764873,3925.0
14.803025438,3684.0
14.829286003,3720.0
14.855546568,3798.0
14.881807133,3764.0
14.908067698,3689.0
14.934328263,3713.0
14.960588828,3648.0
14.986849393,3729.0
15.013109958,3726.0
15.039370523,3670.0
15.065631088,3676.0
15.091891653,3735.0
15.118152218,3735.0
15.144412783,3674.0
15.170673348,3801.0
15.196933913,3677.0
15.223194478,3681.0
15.249455043,3659.0
15.275715608,3572.0
15.301976173,3703.0
15.328236739,3796.0
15.354497304,3731.0
15.380757869,3702.0
15.407018434,3661.0
15.433278999,3544.0
15.459539564,3597.0
15.485800129,3653.0
15.512060694,3619.0
15.538321259,3644.0
15.564581824,3611.0
15.590842389,3633.0
15.617102954,3669.0
15.643363519,3687.0
15.669624084,3641.0
15.695884649,3766.0
15.722145214,3604.0
15.748405779,3608.0
15.774666344,3768.0
15.800926909,3697.0
15.827187474,3679.0
15.853448039,3590.0
15.879708604,3725.0
15.905969169,3669.0
15.932229734,3627.0
15.958490299,3709.0
15.984750864,3726.0
16.011011429,3807.0
16.037271994,3742.0
16.063532559,3806.0
16.089793124,3736.0
16.116053689,3716.0
16.142314254,3864.0
16.168574819,3685.0
16.194835384,3864.0
16.221095949,3675.0
16.247356514,3743.0
16.273617079,3726.0
16.299877644,3827.0
16.326138209,3773.0
16.352398774,3841.0
16.378659339,3717.0
16.404919904,3717.0
16.431180469,3789.0
16.457441034,3658.0
16.483701599,3726.0
16.509962164,3676.0
16.536222729,3654.0
16.562483294,3585.0
16.588743859,3786.0
16.615004424,3755.0
16.641264989,3756.0
16.667525554,3673.0
16.693786119,3674.0
16.720046684,3679.0
16.746307249,3700.0
16.772567814,3709.0
16.798828379,3712.0
16.825088944,3632.0
16.851349509,3607.0
16.877610074,3714.0
16.903870639,3741.0
16.930131204,3675.0
16.956391769,3674.0
16.982652334,3592.0
17.008912899,3632.0
17.035173464,3582.0
17.061434029,3570.0
17.087694594,3527.0
17.113955159,3491.0
17.140215724,3635.0
17.166476289,3683.0
17.192736854,3585.0
17.218997419,3631.0
17.245257984,3563.0
17.271518549,3619.0
17.297779114,3600.0
17.324039679,3603.0
17.350300244,3595.0
17.376560809,3667.0
17.402821374,3431.0
17.429081939,3705.0
17.455342504,3493.0
17.481603069,3579.0
17.507863634,3558.0
17.534124199,3538.0
17.560384764,3471.0
17.586645329,3475.0
17.612905894,3510.0
17.639166459,3502.0
17.665427024,3469.0
17.691687589,3391.0
17.717948154,3543.0
17.744208719,3425.0
17.770469284,3539.0
17.796729849,3476.0
17.822990414,3419.0
17.849250979,3474.0
17.875511544,3432.0
17.901772109,3348.0
17.928032674,3472.0
17.954293239,3419.0
17.980553804,3399.0
18.006814369,3377.0
18.033074934,3377.0
18.059335499,3524.0
18.085596064,3443.0
18.111856629,3464.0
18.138117194,3344.0
18.164377759,3477.0
18.190638324,3336.0
18.216898889,3400.0
18.243159454,3452.0
18.269420019,3473.0
18.295680584,3362.0
18.321941149,3461.0
18.348201714,3353.0
18.374462279,3361.0
18.400722844,3374.0
18.426983409,3386.0
18.453243974,3334.0
18.479504539,3254.0
18.505765104,3341.0
18.532025669,3411.0
18.558286234,3311.0
18.584546799,3375.0
18.610807364,3365.0
18.637067929,3176.0
18.663328494,3253.0
18.689589059,3289.0
18.715849624,3278.0
18.742110189,3263.0
18.768370754,3262.0
18.794631319,3330.0
18.820891884,3266.0
18.847152449,3216.0
18.873413014,3315.0
18.899673579,3228.0
18.925934144,3331.0
18.952194709,3292.0
18.978455274,3373.0
19.004715839,3246.0
19.030976404,3328.0
19.057236969,3231.0
19.083497534,3268.0
19.109758100,3345.0
19.136018665,3360.0
19.162279230,3194.0
19.188539795,3292.0
19.214800360,3198.0
19.241060925,3251.0
19.267321490,3185.0
19.293582055,3328.0
19.319842620,3200.0
19.346103185,3217.0
19.372363750,3154.0
19.398624315,3148.0
19.424884880,3307.0
19.451145445,3305.0
19.477406010,3125.0
19.503666575,3168.0
19.529927140,3226.0
19.556187705,3196.0
19.582448270,3149.0
19.608708835,3252.0
19.634969400,3122.0
19.661229965,3139.0
19.687490530,3141.0
19.713751095,3277.0
19.740011660,3162.0
19.766272225,3239.0
19.792532790,3161.0
19.818793355,3173.0
19.845053920,3260.0
19.871314485,3192.0
19.897575050,3092.0
19.923835615,3073.0
19.950096180,3155.0
19.976356745,3026.0
20.002617310,3126.0
20.028877875,3133.0
20.055138440,3221.0
20.081399005,3165.0
20.107659570,3229.0
20.133920135,3179.0
20.160180700,3100.0
20.186441265,3175.0
20.212701830,3145.0
20.238962395,3142.0
20.265222960,3034.0
20.291483525,3031.0
20.317744090,3172.0
20.344004655,3006.0
20.370265220,3125.0
20.396525785,3111.0
20.422786350,3142.0
20.449046915,3150.0
20.475307480,3163.0
20.501568045,3140.0
20.527828610,3186.0
20.554089175,3044.0
20.580349740,3182.0
20.606610305,3130.0
20.632870870,3233.0
20.659131435,2996.0
20.685392000,3094.0
20.711652565,3003.0
20.737913130,3017.0
20.764173695,3084.0
20.790434260,3078.0
20.816694825,3059.0
20.842955390,2951.0
20.869215955,3012.0
20.895476520,3019.0
20.921737085,3089.0
20.947997650,3081.0
20.974258215,3039.0
21.000518780,3087.0
21.026779345,3017.0
21.053039910,3045.0
21.079300475,3071.0
21.105561040,3026.0
21.131821605,2978.0
21.158082170,3087.0
21.184342735,3051.0
21.210603300,3018.0
21.236863865,3023.0
21.263124430,2971.0
21.289384995,3054.0
21.315645560,2963.0
21.341906125,2997.0
21.368166690,2949.0
21.394427255,2974.0
21.420687820,2989.0
21.446948385,2939.0
21.473208950,3057.0
21.499469515,2976.0
21.525730080,3123.0
21.551990645,2938.0
21.578251210,2949.0
21.604511775,3026.0
21.630772340,2908.0
21.657032905,2953.0
21.683293470,3049.0
21.709554035,3057.0
21.735814600,3036.0
21.762075165,3034.0
21.788335730,3115.0
21.814596295,2990.0
21.840856860,2933.0
21.867117425,3000.0
21.893377990,2961.0
21.919638555,2987.0
21.945899120,3066.0
21.972159685,2940.0
21.998420250,3019.0
22.024680815,2922.0
22.050941380,3017.0
22.077201945,2975.0
22.103462510,2994.0
22.129723075,2957.0
22.155983640,2944.0
22.182244205,2964.0
22.208504770,2957.0
22.234765335,3031.0
22.261025900,2953.0
22.287286465,2967.0
22.313547030,2999.0
22.339807595,2979.0
22.366068160,3044.0
22.392328725,2963.0
22.418589290,3026.0
22.444849855,3002.0
22.471110420,2905.0
22.497370985,2922.0
22.523631550,2912.0
22.549892115,2932.0
22.576152680,3006.0
22.602413245,2967.0
22.628673810,3036.0
22.654934375,2984.0
22.681194940,3012.0
22.707455505,2969.0
22.733716070,2986.0
22.759976635,2923.0
22.786237200,2932.0
22.812497765,2862.0
22.838758330,2999.0
22.865018895,2961.0
22.891279460,2964.0
22.917540026,3111.0
22.943800591,2894.0
22.970061156,2990.0
22.996321721,2994.0
23.022582286,3009.0
23.048842851,3045.0
23.075103416,2974.0
23.101363981,2918.0
23.127624546,2931.0
23.153885111,2994.0
23.180145676,2915.0
23.206406241,2931.0
23.232666806,2934.0
23.258927371,3012.0
23.285187936,2954.0
23.311448501,2970.0
23.337709066,2970.0
23.363969631,3024.0
23.390230196,3035.0
23.416490761,3021.0
23.442751326,2937.0
23.469011891,3020.0
23.495272456,2948.0
23.521533021,2934.0
23.547793586,2987.0
23.574054151,2949.0
23.600314716,3017.0
23.626575281,3012.0
23.652835846,3109.0
23.679096411,3010.0
23.705356976,2976.0
23.731617541,3014.0
23.757878106,3002.0
23.784138671,3005.0
23.810399236,3000.0
23.836659801,2944.0
23.862920366,2965.0
23.889180931,3147.0
23.915441496,3069.0
23.941702061,2997.0
23.967962626,3046.0
23.994223191,3025.0
24.020483756,2953.0
24.046744321,3110.0
24.073004886,3156.0
24.099265451,3055.0
24.125526016,3197.0
24.151786581,3112.0
24.178047146,3088.0
24.204307711,3048.0
24.230568276,3039.0
24.256828841,2995.0
24.283089406,3012.0
24.309349971,3033.0
24.335610536,3112.0
24.361871101,3048.0
24.388131666,3023.0
24.414392231,3066.0
24.440652796,3225.0
24.466913361,3048.0
24.493173926,3103.0
24.519434491,3013.0
24.545695056,2973.0
24.571955621,3004.0
24.598216186,3079.0
24.624476751,3021.0
24.650737316,3090.0
24.676997881,3059.0
24.703258446,3067.0
24.729519011,3064.0
24.755779576,3183.0
24.782040141,3092.0
24.808300706,3116.0
24.834561271,3119.0
24.860821836,3111.0
24.887082401,3000.0
24.913342966,2966.0
24.939603531,3170.0
24.965864096,3062.0
24.992124661,3273.0
25.018385226,3063.0
25.044645791,3110.0
25.070906356,3061.0
25.097166921,3116.0
25.123427486,3107.0
25.149688051,3064.0
25.175948616,3248.0
25.202209181,3139.0
25.228469746,3164.0
25.254730311,3027.0
25.280990876,3221.0
25.307251441,3225.0
25.333512006,3193.0
25.359772571,3089.0
25.386033136,3227.0
25.412293701,3169.0
25.438554266,3142.0
25.464814831,3214.0
25.491075396,3253.0
25.517335961,3074.0
25.543596526,3155.0
25.569857091,3141.0
25.596117656,3193.0
25.622378221,3056.0
25.648638786,3150.0
25.674899351,3035.0
25.701159916,3244.0
25.727420481,3199.0
25.753681046,3102.0
25.779941611,3101.0
25.806202176,3149.0
25.832462741,3169.0
25.858723306,3161.0
25.884983871,3061.0
25.911244436,3030.0
25.937505001,3101.0
25.963765566,3218.0
25.990026131,3132.0
26.016286696,3264.0
26.042547261,3110.0
26.068807826,3165.0
26.095068391,3148.0
26.121328956,3050.0
26.147589521,3095.0
26.173850086,3168.0
26.200110651,3062.0
26.226371216,3077.0
26.252631781,3173.0
26.278892346,3011.0
26.305152911,3093.0
26.331413476,3024.0
26.357674041,2904.0
26.383934606,3029.0
26.410195171,3006.0
26.436455736,3065.0
26.462716301,3128.0
26.488976866,2976.0
26.515237431,2988.0
26.541497996,3075.0
26.567758561,2941.0
26.594019126,2892.0
26.620279691,2961.0
26.646540256,2928.0
26.672800821,2934.0
26.699061387,2885.0
26.725321952,2810.0
26.751582517,2799.0
26.777843082,2847.0
26.804103647,2828.0
26.830364212,2806.0
26.856624777,2877.0
26.882885342,2667.0
26.909145907,2716.0
26.935406472,2715.0
26.961667037,2732.0
26.987927602,2687.0
27.014188167,2701.0
27.040448732,2779.0
27.066709297,2683.0
27.092969862,2665.0
27.119230427,2696.0
27.145490992,2597.0
27.171751557,2687.0
27.198012122,2608.0
27.224272687,2568.0
27.250533252,2560.0
27.276793817,2548.0
27.303054382,2487.0
27.329314947,2583.0
27.355575512,2494.0
27.381836077,2516.0
27.408096642,2415.0
27.434357207,2526.0
27.460617772,2476.0
27.486878337,2398.0
27.513138902,2402.0
27.539399467,2370.0
27.565660032,2364.0
27.591920597,2362.0
27.618181162,2418.0
27.644441727,2340.0
27.670702292,2362.0
27.696962857,2342.0
27.723223422,2314.0
27.749483987,2302.0
27.775744552,2127.0
27.802005117,2218.0
27.828265682,2191.0
27.854526247,2265.0
27.880786812,2233.0
27.907047377,2203.0
27.933307942,2252.0
27.959568507,2176.0
27.985829072,2093.0
28.012089637,2210.0
28.038350202,2180.0
28.064610767,2188.0
28.090871332,2200.0
28.117131897,2078.0
28.143392462,2186.0
28.169653027,2092.0
28.195913592,2130.0
28.222174157,2050.0
28.248434722,2095.0
28.274695287,2113.0
28.300955852,1989.0
28.327216417,2068.0
28.353476982,2041.0
28.379737547,1990.0
28.405998112,2016.0
28.432258677,2082.0
28.458519242,2012.0
28.484779807,1954.0
28.511040372,2032.0
28.537300937,1931.0
28.563561502,1985.0
28.589822067,2012.0
28.616082632,2006.0
28.642343197,1917.0
28.668603762,1969.0
28.694864327,1894.0
28.721124892,1936.0
28.747385457,1899.0
28.773646022,1974.0
28.799906587,1912.0
28.826167152,1962.0
28.852427717,1897.0
28.878688282,1937.0
28.904948847,1894.0
28.931209412,1866.0
28.957469977,1884.0
28.983730542,1861.0
29.009991107,1926.0
29.036251672,1776.0
29.062512237,1791.0
29.088772802,1790.0
29.115033367,1786.0
29.141293932,1834.0
29.167554497,1766.0
29.193815062,1718.0
29.220075627,1795.0
29.246336192,1794.0
29.272596757,1805.0
29.298857322,1804.0
29.325117887,1748.0
29.351378452,1806.0
29.377639017,1786.0
29.403899582,1708.0
29.430160147,1695.0
29.456420712,1733.0
29.482681277,1738.0
29.508941842,1713.0
29.535202407,1646.0
29.561462972,1739.0
29.587723537,1692.0
29.613984102,1692.0
29.640244667,1675.0
29.666505232,1665.0
29.692765797,1621.0
29.719026362,1624.0
29.745286927,1718.0
29.771547492,1664.0
29.797808057,1572.0
29.824068622,1601.0
29.850329187,1660.0
29.876589752,1605.0
29.902850317,1558.0
29.929110882,1589.0
29.955371447,1682.0
29.981632012,1583.0
30.007892577,1648.0
30.034153142,1503.0
30.060413707,1621.0
30.086674272,1553.0
30.112934837,1606.0
30.139195402,1554.0
30.165455967,1659.0
30.191716532,1537.0
30.217977097,1544.0
30.244237662,1600.0
30.270498227,1444.0
30.296758792,1477.0
30.323019357,1557.0
30.349279922,1559.0
30.375540487,1587.0
30.401801052,1542.0
30.428061617,1547.0
30.454322182,1550.0
30.480582747,1494.0
30.506843313,1528.0
30.533103878,1530.0
30.559364443,1522.0
30.585625008,1502.0
30.611885573,1481.0
30.638146138,1564.0
30.664406703,1486.0
30.690667268,1480.0
30.716927833,1507.0
30.743188398,1520.0
30.769448963,1476.0
30.795709528,1438.0
30.821970093,1480.0
30.848230658,1480.0
30.874491223,1474.0
30.900751788,1418.0
30.927012353,1513.0
30.953272918,1350.0
30.979533483,1505.0
31.005794048,1589.0
31.032054613,1369.0
31.058315178,1429.0
31.084575743,1455.0
31.110836308,1456.0
31.137096873,1405.0
31.163357438,1439.0
31.189618003,1415.0
31.215878568,1354.0
31.242139133,1377.0
31.268399698,1416.0
31.294660263,1343.0
31.320920828,1368.0
31.347181393,1341.0
31.373441958,1450.0
31.399702523,1305.0
31.425963088,1308.0
31.452223653,1365.0
31.478484218,1375.0
31.504744783,1446.0
31.531005348,1313.0
31.557265913,1375.0
31.583526478,1369.0
31.609787043,1346.0
31.636047608,1330.0
31.662308173,1354.0
31.688568738,1330.0
31.714829303,1334.0
31.741089868,1364.0
31.767350433,1341.0
31.793610998,1302.0
31.819871563,1252.0
31.846132128,1335.0
31.872392693,1330.0
31.898653258,1284.0
31.924913823,1258.0
31.951174388,1321.0
31.977434953,1284.0
32.003695518,1289.0
32.029956083,1223.0
32.056216648,1259.0
32.082477213,1349.0
32.108737778,1303.0
32.134998343,1344.0
32.161258908,1292.0
32.187519473,1229.0
32.213780038,1275.0
32.240040603,1241.0
32.266301168,1343.0
32.292561733,1173.0
32.318822298,1235.0
32.345082863,1283.0
32.371343428,1149.0
32.397603993,1265.0
32.423864558,1221.0
32.450125123,1266.0
32.476385688,1349.0
32.502646253,1272.0
32.528906818,1257.0
32.555167383,1315.0
32.581427948,1288.0
32.607688513,1228.0
32.633949078,1192.0
32.660209643,1245.0
32.686470208,1236.0
32.712730773,1250.0
32.738991338,1258.0
32.765251903,1238.0
32.791512468,1222.0
32.817773033,1235.0
32.844033598,1228.0
32.870294163,1236.0
32.896554728,1261.0
32.922815293,1187.0
32.949075858,1247.0
32.975336423,1192.0
33.001596988,1211.0
33.027857553,1265.0
33.054118118,1195.0
33.080378683,1144.0
33.106639248,1128.0
33.132899813,1196.0
33.159160378,1179.0
33.185420943,1161.0
33.211681508,1152.0
33.237942073,1118.0
33.264202638,1170.0
33.290463203,1225.0
33.316723768,1194.0
33.342984333,1156.0
33.369244898,1154.0
33.395505463,1192.0
33.421766028,1155.0
33.448026593,1169.0
33.474287158,1132.0
33.500547723,1099.0
33.526808288,1174.0
33.553068853,1148.0
33.579329418,1107.0
33.605589983,1151.0
33.631850548,1091.0
33.658111113,1121.0
33.684371678,1155.0
33.710632243,1126.0
33.736892808,1181.0
33.763153373,1117.0
33.789413938,1149.0
33.815674503,1120.0
33.841935068,1133.0
33.868195633,1135.0
33.894456198,1165.0
33.920716763,1147.0
33.946977328,1129.0
33.973237893,1110.0
33.999498458,1117.0
34.025759023,1137.0
34.052019588,1113.0
34.078280153,1044.0
34.104540718,1140.0
34.130801283,1093.0
34.157061848,1153.0
34.183322413,1160.0
34.209582978,1044.0
34.235843543,1080.0
34.262104108,1008.0
34.288364673,1104.0
34.314625239,1082.0
34.340885804,1135.0
34.367146369,1052.0
34.393406934,1175.0
34.419667499,1109.0
34.445928064,1057.0
34.472188629,1083.0
34.498449194,1136.0
34.524709759,1102.0
34.550970324,1094.0
34.577230889,1114.0
34.603491454,1077.0
34.629752019,1059.0
34.656012584,1099.0
34.682273149,978.0
34.708533714,1049.0
34.734794279,1067.0
34.761054844,1087.0
34.787315409,1065.0
34.813575974,1044.0
34.839836539,1033.0
34.866097104,1056.0
34.892357669,1105.0
34.918618234,1087.0
34.944878799,1124.0
34.971139364,1135.0
34.997399929,1136.0
35.023660494,1090.0
35.049921059,1043.0
35.076181624,1014.0
35.102442189,1021.0
35.128702754,1060.0
35.154963319,1131.0
35.181223884,1016.0
35.207484449,1077.0
35.233745014,1005.0
35.260005579,1071.0
35.286266144,1039.0
35.312526709,997.0
35.338787274,1035.0
35.365047839,1044.0
35.391308404,972.0
35.417568969,1046.0
35.443829534,1056.0
35.470090099,1007.0
35.496350664,986.0
35.522611229,1075.0
35.548871794,1058.0
35.575132359,997.0
35.601392924,1036.0
35.627653489,1087.0
35.653914054,1010.0
35.680174619,1038.0
35.706435184,1070.0
35.732695749,968.0
35.758956314,1026.0
35.785216879,972.0
35.811477444,1011.0
35.837738009,959.0
35.863998574,1057.0
35.890259139,997.0
35.916519704,998.0
35.942780269,964.0
35.969040834,1053.0
35.995301399,943.0
36.021561964,983.0
36.047822529,937.0
36.074083094,1072.0
36.100343659,967.0
36.126604224,960.0
36.152864789,1018.0
36.179125354,1004.0
36.205385919,1019.0
36.231646484,1015.0
36.257907049,1037.0
36.284167614,996.0
36.310428179,972.0
36.336688744,976.0
36.362949309,1003.0
36.389209874,971.0
36.415470439,988.0
36.441731004,978.0
36.467991569,1003.0
36.494252134,998.0
36.520512699,958.0
36.546773264,1001.0
36.573033829,910.0
36.599294394,946.0
36.625554959,938.0
36.651815524,1000.0
36.678076089,939.0
36.704336654,973.0
36.730597219,1028.0
36.756857784,965.0
36.783118349,1017.0
36.809378914,937.0
36.835639479,1030.0
36.861900044,996.0
36.888160609,940.0
36.914421174,970.0
36.940681739,919.0
36.966942304,939.0
36.993202869,909.0
37.019463434,944.0
37.045723999,995.0
37.071984564,984.0
37.098245129,951.0
37.124505694,943.0
37.150766259,922.0
37.177026824,988.0
37.203287389,953.0
37.229547954,943.0
37.255808519,921.0
37.282069084,916.0
37.308329649,958.0
37.334590214,899.0
37.360850779,1016.0
37.387111344,980.0
37.413371909,929.0
37.439632474,949.0
37.465893039,939.0
37.492153604,977.0
37.518414169,925.0
37.544674734,888.0
37.570935299,952.0
37.597195864,883.0
37.623456429,895.0
37.649716994,956.0
37.675977559,879.0
37.702238124,900.0
37.728498689,891.0
37.754759254,943.0
37.781019819,887.0
37.807280384,902.0
37.833540949,903.0
37.859801514,933.0
37.886062079,950.0
37.912322644,886.0
37.938583209,889.0
37.964843774,905.0
37.991104339,869.0
38.017364904,902.0
38.043625469,929.0
38.069886034,896.0
38.096146600,849.0
38.122407165,850.0
38.148667730,845.0
38.174928295,888.0
38.201188860,896.0
38.227449425,873.0
38.253709990,932.0
38.279970555,907.0
38.306231120,917.0
38.332491685,932.0
38.358752250,860.0
38.385012815,872.0
38.411273380,908.0
38.437533945,944.0
38.463794510,883.0
38.490055075,909.0
38.516315640,874.0
38.542576205,868.0
38.568836770,853.0
38.595097335,851.0
38.621357900,907.0
38.647618465,863.0
38.673879030,959.0
38.700139595,867.0
38.726400160,874.0
38.752660725,887.0
38.778921290,910.0
38.805181855,875.0
38.831442420,900.0
38.857702985,949.0
38.883963550,891.0
38.910224115,901.0
38.936484680,839.0
38.962745245,906.0
38.989005810,889.0
39.015266375,827.0
39.041526940,856.0
39.067787505,878.0
39.094048070,849.0
39.120308635,871.0
39.146569200,888.0
39.172829765,909.0
39.199090330,897.0
39.225350895,912.0
39.251611460,881.0
39.277872025,845.0
39.304132590,902.0
39.330393155,846.0
39.356653720,835.0
39.382914285,918.0
39.409174850,829.0
39.435435415,912.0
39.461695980,846.0
39.487956545,790.0
39.514217110,848.0
39.540477675,827.0
39.566738240,909.0
39.592998805,821.0
39.619259370,832.0
39.645519935,813.0
39.671780500,834.0
39.698041065,776.0
39.724301630,852.0
39.750562195,812.0
39.776822760,839.0
39.803083325,831.0
39.829343890,811.0
39.855604455,825.0
39.881865020,869.0
39.908125585,839.0
39.934386150,861.0
39.960646715,799.0
39.986907280,821.0
