2theta,Intensity
2.013030280,18879.0
2.039290845,18239.0
2.065551410,17566.0
2.091811975,17231.0
2.118072540,16835.0
2.144333105,16090.0
2.170593670,15603.0
2.196854235,15086.0
2.223114800,14767.0
2.249375365,14179.0
2.275635930,13855.0
2.301896495,13671.0
2.328157060,13472.0
2.354417625,12747.0
2.380678190,12524.0
2.406938755,12422.0
2.433199320,12136.0
2.459459885,11548.0
2.485720450,11508.0
2.511981015,11386.0
2.538241580,11107.0
2.564502145,10918.0
2.590762710,10812.0
2.617023275,10428.0
2.643283840,10326.0
2.669544405,10272.0
2.695804970,9917.0
2.722065535,9803.0
2.748326100,9761.0
2.774586665,9335.0
2.800847230,9262.0
2.827107795,9180.0
2.853368360,9014.0
2.879628925,8971.0
2.905889490,8744.0
2.932150055,8683.0
2.958410620,8641.0
2.984671185,8477.0
3.010931750,8389.0
3.037192315,8234.0
3.063452880,8215.0
3.089713445,7989.0
3.115974010,7908.0
3.142234575,7898.0
3.168495140,7799.0
3.194755705,7632.0
3.221016271,7576.0
3.247276836,7660.0
3.273537401,7503.0
3.299797966,7368.0
3.326058531,7313.0
3.352319096,7288.0
3.378579661,7140.0
3.404840226,7388.0
3.431100791,7235.0
3.457361356,7230.0
3.483621921,7147.0
3.509882486,6955.0
3.536143051,6955.0
3.562403616,7070.0
3.588664181,6959.0
3.614924746,6974.0
3.641185311,6896.0
3.667445876,7149.0
3.693706441,6894.0
3.719967006,6849.0
3.746227571,6970.0
3.772488136,6950.0
3.798748701,7085.0
3.825009266,6955.0
3.851269831,6915.0
3.877530396,7196.0
3.903790961,7086.0
3.930051526,7232.0
3.956312091,7079.0
3.982572656,7267.0
4.008833221,7309.0
4.035093786,7570.0
4.061354351,7510.0
4.087614916,7457.0
4.113875481,7611.0
4.140136046,7652.0
4.166396611,7907.0
4.192657176,7996.0
4.218917741,8405.0
4.245178306,8424.0
4.271438871,8619.0
4.297699436,8674.0
4.323960001,9133.0
4.350220566,9280.0
4.376481131,9727.0
4.402741696,9846.0
4.429002261,10407.0
4.455262826,10595.0
4.481523391,11074.0
4.507783956,11422.0
4.534044521,12099.0
4.560305086,12388.0
4.586565651,12597.0
4.612826216,13578.0
4.639086781,14312.0
4.665347346,14999.0
4.691607911,15612.0
4.717868476,16443.0
4.744129041,17151.0
4.770389606,17786.0
4.796650171,18888.0
4.822910736,19816.0
4.849171301,20495.0
4.875431866,21398.0
4.901692431,22014.0
4.927952996,22346.0
4.954213561,22442.0
4.980474126,22497.0
5.006734691,22402.0
5.032995256,22452.0
5.059255821,21578.0
5.085516386,20953.0
5.111776951,19948.0
5.138037516,19280.0
5.164298081,18577.0
5.190558646,17415.0
5.216819211,16469.0
5.243079776,15737.0
5.269340341,14973.0
5.295600906,14291.0
5.321861471,13603.0
5.348122036,12960.0
5.374382601,12407.0
5.400643166,11969.0
5.426903731,11502.0
5.453164296,11000.0
5.479424861,10600.0
5.505685426,10262.0
5.531945991,9858.0
5.558206556,9613.0
5.584467121,9336.0
5.610727686,9153.0
5.636988252,8882.0
5.663248817,8550.0
5.689509382,8252.0
5.715769947,8298.0
5.742030512,7779.0
5.768291077,7867.0
5.794551642,7829.0
5.820812207,7442.0
5.847072772,7409.0
5.873333337,7145.0
5.899593902,7108.0
5.925854467,6855.0
5.952115032,6889.0
5.978375597,6648.0
6.004636162,6547.0
6.030896727,6484.0
6.057157292,6456.0
6.083417857,6283.0
6.109678422,6299.0
6.135938987,6217.0
6.162199552,6225.0
6.188460117,6187.0
6.214720682,5913.0
6.240981247,5827.0
6.267241812,5751.0
6.293502377,5838.0
6.319762942,5859.0
6.346023507,5578.0
6.372284072,5652.0
6.398544637,5553.0
6.424805202,5558.0
6.451065767,5511.0
6.477326332,5475.0
6.503586897,5571.0
6.529847462,5497.0
6.556108027,5509.0
6.582368592,5386.0
6.608629157,5393.0
6.634889722,5265.0
6.661150287,5372.0
6.687410852,5394.0
6.713671417,5186.0
6.739931982,5245.0
6.766192547,5177.0
6.792453112,5260.0
6.818713677,5225.0
6.844974242,5129.0
6.871234807,5173.0
6.897495372,5245.0
6.923755937,5155.0
6.950016502,5245.0
6.976277067,5231.0
7.002537632,5000.0
7.028798197,5092.0
7.055058762,5027.0
7.081319327,4889.0
7.107579892,5053.0
7.133840457,5016.0
7.160101022,5034.0
7.186361587,4980.0
7.212622152,5039.0
7.238882717,4961.0
7.265143282,4779.0
7.291403847,4897.0
7.317664412,4871.0
7.343924977,4881.0
7.370185542,5051.0
7.396446107,4963.0
7.422706672,5203.0
7.448967237,4966.0
7.475227802,4898.0
7.501488367,4978.0
7.527748932,4894.0
7.554009497,4945.0
7.580270062,5031.0
7.606530627,4967.0
7.632791192,5023.0
7.659051757,4923.0
7.685312322,5114.0
7.711572887,4920.0
7.737833452,4980.0
7.764094017,4940.0
7.790354582,5126.0
7.816615147,5157.0
7.842875712,5072.0
7.869136277,5149.0
7.895396842,5132.0
7.921657407,5324.0
7.947917972,5280.0
7.974178537,5270.0
8.000439102,5348.0
8.026699668,5439.0
8.052960233,5490.0
8.079220798,5597.0
8.105481363,5620.0
8.131741928,5769.0
8.158002493,5724.0
8.184263058,6035.0
8.210523623,5934.0
8.236784188,6082.0
8.263044753,6071.0
8.289305318,6152.0
8.315565883,6286.0
8.341826448,6359.0
8.368087013,6456.0
8.394347578,6459.0
8.420608143,6520.0
8.446868708,6430.0
8.473129273,6506.0
8.499389838,6519.0
8.525650403,6383.0
8.551910968,6327.0
8.578171533,6448.0
8.604432098,6454.0
8.630692663,6332.0
8.656953228,6253.0
8.683213793,6288.0
8.709474358,6207.0
8.735734923,6193.0
8.761995488,6156.0
8.788256053,5881.0
8.814516618,5864.0
8.840777183,5657.0
8.867037748,5850.0
8.893298313,5761.0
8.919558878,5683.0
8.945819443,5561.0
8.972080008,5523.0
8.998340573,5388.0
9.024601138,5501.0
9.050861703,5477.0
9.077122268,5283.0
9.103382833,5361.0
9.129643398,5386.0
9.155903963,5186.0
9.182164528,5102.0
9.208425093,5243.0
9.234685658,5134.0
9.260946223,5077.0
9.287206788,5118.0
9.313467353,5217.0
9.339727918,4970.0
9.365988483,5011.0
9.392249048,5165.0
9.418509613,4903.0
9.444770178,5012.0
9.471030743,4988.0
9.497291308,4957.0
9.523551873,5097.0
9.549812438,4948.0
9.576073003,5058.0
9.602333568,4863.0
9.628594133,4978.0
9.654854698,4971.0
9.681115263,5010.0
9.707375828,5088.0
9.733636393,5175.0
9.759896958,4941.0
9.786157523,5053.0
9.812418088,5040.0
9.838678653,4960.0
9.864939218,4955.0
9.891199783,4953.0
9.917460348,5047.0
9.943720913,4927.0
9.969981478,4902.0
9.996242043,4627.0
10.022502608,4853.0
10.048763173,4730.0
10.075023738,4862.0
10.101284303,4772.0
10.127544868,4763.0
10.153805433,4691.0
10.180065998,4758.0
10.206326563,4643.0
10.232587128,4736.0
10.258847693,4684.0
10.285108258,4596.0
10.311368823,4718.0
10.337629388,4513.0
10.363889953,4580.0
10.390150518,4535.0
10.416411084,4420.0
10.442671649,4486.0
10.468932214,4531.0
10.495192779,4513.0
10.521453344,4424.0
10.547713909,4545.0
10.573974474,4492.0
10.600235039,4330.0
10.626495604,4396.0
10.652756169,4378.0
10.679016734,4404.0
10.705277299,4442.0
10.731537864,4107.0
10.757798429,4309.0
10.784058994,4208.0
10.810319559,4231.0
10.836580124,4352.0
10.862840689,4183.0
10.889101254,4266.0
10.915361819,4196.0
10.941622384,4324.0
10.967882949,4295.0
10.994143514,4286.0
11.020404079,4245.0
11.046664644,4157.0
11.072925209,4146.0
11.099185774,4175.0
11.125446339,4152.0
11.151706904,4329.0
11.177967469,4178.0
11.204228034,4181.0
11.230488599,4224.0
11.256749164,4141.0
11.283009729,4155.0
11.309270294,4201.0
11.335530859,4115.0
11.361791424,4059.0
11.388051989,4095.0
11.414312554,4069.0
11.440573119,4115.0
11.466833684,4102.0
11.493094249,4180.0
11.519354814,4165.0
11.545615379,4165.0
11.571875944,4102.0
11.598136509,4074.0
11.624397074,4127.0
11.650657639,4122.0
11.676918204,4166.0
11.703178769,4136.0
11.729439334,4084.0
11.755699899,3982.0
11.781960464,3990.0
11.808221029,4132.0
11.834481594,3971.0
11.860742159,3922.0
11.887002724,4087.0
11.913263289,4177.0
11.939523854,4137.0
11.965784419,4061.0
11.992044984,4007.0
12.018305549,3994.0
12.044566114,4109.0
12.070826679,4012.0
12.097087244,4145.0
12.123347809,4075.0
12.149608374,4019.0
12.175868939,4084.0
12.202129504,4133.0
12.228390069,4066.0
12.254650634,4197.0
12.280911199,4166.0
12.307171764,4084.0
12.333432329,4173.0
12.359692894,4198.0
12.385953459,4184.0
12.412214024,4213.0
12.438474589,4207.0
12.464735154,4177.0
12.490995719,4109.0
12.517256284,4186.0
12.543516849,4222.0
12.569777414,4257.0
12.596037979,4214.0
12.622298544,4240.0
12.648559109,4341.0
12.674819674,4341.0
12.701080239,4435.0
12.727340804,4268.0
12.753601369,4230.0
12.779861934,4264.0
12.806122499,4345.0
12.832383065,4249.0
12.858643630,4316.0
12.884904195,4354.0
12.911164760,4327.0
12.937425325,4446.0
12.963685890,4165.0
12.989946455,4346.0
13.016207020,4249.0
13.042467585,4307.0
13.068728150,4169.0
13.094988715,4296.0
13.121249280,4189.0
13.147509845,4188.0
13.173770410,4166.0
13.200030975,4076.0
13.226291540,4196.0
13.252552105,4185.0
13.278812670,4170.0
13.305073235,4254.0
13.331333800,4143.0
13.357594365,4171.0
13.383854930,4143.0
13.410115495,4085.0
13.436376060,4001.0
13.462636625,3884.0
13.488897190,4125.0
13.515157755,3950.0
13.541418320,3945.0
13.567678885,4130.0
13.593939450,4030.0
13.620200015,4065.0
13.646460580,4051.0
13.672721145,3944.0
13.698981710,3904.0
13.725242275,3935.0
13.751502840,3844.0
13.777763405,3850.0
13.804023970,3953.0
13.830284535,3827.0
13.856545100,3977.0
13.882805665,3889.0
13.909066230,3889.0
13.935326795,3932.0
13.961587360,3698.0
13.987847925,3806.0
14.014108490,3743.0
14.040369055,3800.0
14.066629620,3793.0
14.092890185,3775.0
14.119150750,3852.0
14.145411315,3822.0
14.171671880,3678.0
14.197932445,3670.0
14.224193010,3694.0
14.250453575,3705.0
14.276714140,3756.0
14.302974705,3664.0
14.329235270,3575.0
14.355495835,3705.0
14.381756400,3586.0
14.408016965,3733.0
14.434277530,3697.0
14.460538095,3651.0
14.486798660,3628.0
14.513059225,3635.0
14.539319790,3546.0
14.565580355,3657.0
14.591840920,3631.0
14.618101485,3485.0
14.644362050,3586.0
14.670622615,3504.0
14.696883180,3522.0
14.723143745,3481.0
14.749404310,3639.0
14.775664875,3529.0
14.801925440,3607.0
14.828186005,3647.0
14.854446570,3562.0
14.880707135,3552.0
14.906967700,3515.0
14.933228265,3643.0
14.959488830,3528.0
14.985749395,3533.0
15.012009960,3570.0
15.038270525,3439.0
15.064531090,3539.0
15.090791655,3605.0
15.117052220,3519.0
15.143312785,3600.0
15.169573350,3467.0
15.195833915,3400.0
15.222094481,3460.0
15.248355046,3525.0
15.274615611,3455.0
15.300876176,3507.0
15.327136741,3446.0
15.353397306,3496.0
15.379657871,3516.0
15.405918436,3391.0
15.432179001,3497.0
15.458439566,3331.0
15.484700131,3354.0
15.510960696,3492.0
15.537221261,3405.0
15.563481826,3383.0
15.589742391,3356.0
15.616002956,3391.0
15.642263521,3348.0
15.668524086,3460.0
15.694784651,3489.0
15.721045216,3418.0
15.747305781,3416.0
15.773566346,3407.0
15.799826911,3355.0
15.826087476,3388.0
15.852348041,3432.0
15.878608606,3333.0
15.904869171,3365.0
15.931129736,3359.0
15.957390301,3356.0
15.983650866,3347.0
16.009911431,3273.0
16.036171996,3250.0
16.062432561,3416.0
16.088693126,3353.0
16.114953691,3395.0
16.141214256,3475.0
16.167474821,3447.0
16.193735386,3341.0
16.219995951,3380.0
16.246256516,3410.0
16.272517081,3377.0
16.298777646,3472.0
16.325038211,3453.0
16.351298776,3500.0
16.377559341,3448.0
16.403819906,3364.0
16.430080471,3341.0
16.456341036,3347.0
16.482601601,3340.0
16.508862166,3357.0
16.535122731,3403.0
16.561383296,3315.0
16.587643861,3300.0
16.613904426,3477.0
16.640164991,3422.0
16.666425556,3352.0
16.692686121,3348.0
16.718946686,3389.0
16.745207251,3202.0
16.771467816,3398.0
16.797728381,3387.0
16.823988946,3375.0
16.850249511,3254.0
16.876510076,3458.0
16.902770641,3273.0
16.929031206,3392.0
16.955291771,3286.0
16.981552336,3380.0
17.007812901,3234.0
17.034073466,3234.0
17.060334031,3339.0
17.086594596,3343.0
17.112855161,3296.0
17.139115726,3263.0
17.165376291,3259.0
17.191636856,3255.0
17.217897421,3278.0
17.244157986,3221.0
17.270418551,3321.0
17.296679116,3253.0
17.322939681,3278.0
17.349200246,3334.0
17.375460811,3283.0
17.401721376,3185.0
17.427981941,3293.0
17.454242506,3161.0
17.480503071,3271.0
17.506763636,3244.0
17.533024201,3220.0
17.559284766,3280.0
17.585545331,3163.0
17.611805896,3190.0
17.638066462,3183.0
17.664327027,3190.0
17.690587592,3229.0
17.716848157,3236.0
17.743108722,3107.0
17.769369287,3169.0
17.795629852,3250.0
17.821890417,3193.0
17.848150982,3228.0
17.874411547,3167.0
17.900672112,3146.0
17.926932677,3129.0
17.953193242,3134.0
17.979453807,3147.0
18.005714372,3124.0
18.031974937,3071.0
18.058235502,3163.0
18.084496067,3093.0
18.110756632,3198.0
18.137017197,3176.0
18.163277762,3101.0
18.189538327,3019.0
18.215798892,3134.0
18.242059457,3115.0
18.268320022,3035.0
18.294580587,3062.0
18.320841152,3117.0
18.347101717,3054.0
18.373362282,3075.0
18.399622847,3126.0
18.425883412,3010.0
18.452143977,3018.0
18.478404542,3107.0
18.504665107,3207.0
18.530925672,3130.0
18.557186237,2969.0
18.583446802,2994.0
18.609707367,3000.0
18.635967932,2998.0
18.662228497,2999.0
18.688489062,3034.0
18.714749627,2979.0
18.741010192,3068.0
18.767270757,2905.0
18.793531322,3121.0
18.819791887,3002.0
18.846052452,2962.0
18.872313017,3059.0
18.898573582,3094.0
18.924834147,2992.0
18.951094712,3002.0
18.977355277,3100.0
19.003615842,2913.0
19.029876407,2906.0
19.056136972,2927.0
19.082397537,3034.0
19.108658102,2932.0
19.134918667,3003.0
19.161179232,2993.0
19.187439797,3033.0
19.213700362,3018.0
19.239960927,3009.0
19.266221492,2966.0
19.292482057,2943.0
19.318742622,3034.0
19.345003187,2967.0
19.371263752,2954.0
19.397524317,2890.0
19.423784882,3042.0
19.450045447,2919.0
19.476306012,2989.0
19.502566577,2922.0
19.528827142,2942.0
19.555087707,3010.0
19.581348272,2989.0
19.607608837,2986.0
19.633869402,2879.0
19.660129967,2876.0
19.686390532,2898.0
19.712651097,2895.0
19.738911662,3069.0
19.765172227,2957.0
19.791432792,2975.0
19.817693357,3002.0
19.843953922,2918.0
19.870214487,2967.0
19.896475052,2926.0
19.922735617,2815.0
19.948996182,2935.0
19.975256747,2941.0
20.001517312,2892.0
20.027777878,2903.0
20.054038443,2978.0
20.080299008,2864.0
20.106559573,2981.0
20.132820138,2933.0
20.159080703,2971.0
20.185341268,2908.0
20.211601833,2910.0
20.237862398,2965.0
20.264122963,2880.0
20.290383528,2913.0
20.316644093,2940.0
20.342904658,2868.0
20.369165223,2981.0
20.395425788,2940.0
20.421686353,2965.0
20.447946918,2837.0
20.474207483,2999.0
20.500468048,2920.0
20.526728613,2826.0
20.552989178,2853.0
20.579249743,2863.0
20.605510308,2852.0
20.631770873,2953.0
20.658031438,2868.0
20.684292003,2930.0
20.710552568,2890.0
20.736813133,2818.0
20.763073698,2907.0
20.789334263,2828.0
20.815594828,2863.0
20.841855393,2848.0
20.868115958,2902.0
20.894376523,2768.0
20.920637088,2899.0
20.946897653,2979.0
20.973158218,2887.0
20.999418783,2792.0
21.025679348,2983.0
21.051939913,2886.0
21.078200478,2928.0
21.104461043,2872.0
21.130721608,2937.0
21.156982173,2914.0
21.183242738,2776.0
21.209503303,2877.0
21.235763868,3015.0
21.262024433,2934.0
21.288284998,2855.0
21.314545563,2901.0
21.340806128,2868.0
21.367066693,2843.0
21.393327258,2973.0
21.419587823,2889.0
21.445848388,2944.0
21.472108953,2946.0
21.498369518,2963.0
21.524630083,2937.0
21.550890648,2881.0
21.577151213,2851.0
21.603411778,2867.0
21.629672343,2861.0
21.655932908,2890.0
21.682193473,2851.0
21.708454038,2899.0
21.734714603,3118.0
21.760975168,2846.0
21.787235733,2863.0
21.813496298,2779.0
21.839756863,2926.0
21.866017428,2823.0
21.892277993,3003.0
21.918538558,2907.0
21.944799123,2870.0
21.971059688,2828.0
21.997320253,2913.0
22.023580818,2918.0
22.049841383,2766.0
22.076101948,2855.0
22.102362513,2884.0
22.128623078,2909.0
22.154883643,2845.0
22.181144208,3034.0
22.207404773,2919.0
22.233665338,2853.0
22.259925903,2922.0
22.286186468,2969.0
22.312447033,2964.0
22.338707598,2929.0
22.364968163,2775.0
22.391228728,2902.0
22.417489294,2975.0
22.443749859,2886.0
22.470010424,2923.0
22.496270989,2834.0
22.522531554,2902.0
22.548792119,2944.0
22.575052684,2949.0
22.601313249,2925.0
22.627573814,2949.0
22.653834379,2924.0
22.680094944,2907.0
22.706355509,2943.0
22.732616074,3017.0
22.758876639,2884.0
22.785137204,2930.0
22.811397769,2966.0
22.837658334,2906.0
22.863918899,3001.0
22.890179464,2908.0
22.916440029,2881.0
22.942700594,2931.0
22.968961159,2936.0
22.995221724,2873.0
23.021482289,3040.0
23.047742854,3098.0
23.074003419,2939.0
23.100263984,2973.0
23.126524549,2945.0
23.152785114,2960.0
23.179045679,3030.0
23.205306244,3031.0
23.231566809,3035.0
23.257827374,3044.0
23.284087939,2908.0
23.310348504,3000.0
23.336609069,2922.0
23.362869634,2952.0
23.389130199,2976.0
23.415390764,3064.0
23.441651329,2939.0
23.467911894,3020.0
23.494172459,3078.0
23.520433024,3017.0
23.546693589,3081.0
23.572954154,2931.0
23.599214719,3115.0
23.625475284,3102.0
23.651735849,3097.0
23.677996414,3167.0
23.704256979,3068.0
23.730517544,3127.0
23.756778109,3091.0
23.783038674,3173.0
23.809299239,3136.0
23.835559804,3047.0
23.861820369,3010.0
23.888080934,3026.0
23.914341499,3003.0
23.940602064,3198.0
23.966862629,3240.0
23.993123194,3088.0
24.019383759,3209.0
24.045644324,3287.0
24.071904889,3218.0
24.098165454,3065.0
24.124426019,3278.0
24.150686584,3166.0
24.176947149,3258.0
24.203207714,2967.0
24.229468279,3087.0
24.255728844,3204.0
24.281989409,3226.0
24.308249974,3251.0
24.334510539,3220.0
24.360771104,3161.0
24.387031669,3201.0
24.413292234,3336.0
24.439552799,3186.0
24.465813364,3279.0
24.492073929,3218.0
24.518334494,3280.0
24.544595059,3227.0
24.570855624,3262.0
24.597116189,3249.0
24.623376754,3255.0
24.649637319,3405.0
24.675897884,3263.0
24.702158449,3318.0
24.728419014,3328.0
24.754679579,3282.0
24.780940144,3394.0
24.807200709,3441.0
24.833461275,3399.0
24.859721840,3357.0
24.885982405,3393.0
24.912242970,3402.0
24.938503535,3388.0
24.964764100,3437.0
24.991024665,3352.0
25.017285230,3388.0
25.043545795,3415.0
25.069806360,3450.0
25.096066925,3388.0
25.122327490,3465.0
25.148588055,3439.0
25.174848620,3479.0
25.201109185,3580.0
25.227369750,3474.0
25.253630315,3412.0
25.279890880,3492.0
25.306151445,3591.0
25.332412010,3539.0
25.358672575,3645.0
25.384933140,3574.0
25.411193705,3485.0
25.437454270,3468.0
25.463714835,3603.0
25.489975400,3585.0
25.516235965,3530.0
25.542496530,3729.0
25.568757095,3596.0
25.595017660,3688.0
25.621278225,3727.0
25.647538790,3653.0
25.673799355,3701.0
25.700059920,3819.0
25.726320485,3703.0
25.752581050,3812.0
25.778841615,3777.0
25.805102180,3734.0
25.831362745,3729.0
25.857623310,3650.0
25.883883875,3799.0
25.910144440,3787.0
25.936405005,3801.0
25.962665570,3827.0
25.988926135,3750.0
26.015186700,3785.0
26.041447265,3897.0
26.067707830,3905.0
26.093968395,3845.0
26.120228960,3793.0
26.146489525,3931.0
26.172750090,3871.0
26.199010655,3957.0
26.225271220,3842.0
26.251531785,3858.0
26.277792350,3984.0
26.304052915,3897.0
26.330313480,3965.0
26.356574045,4079.0
26.382834610,4017.0
26.409095175,4023.0
26.435355740,3957.0
26.461616305,4120.0
26.487876870,4104.0
26.514137435,4038.0
26.540398000,4036.0
26.566658565,4086.0
26.592919130,4195.0
26.619179695,4182.0
26.645440260,4106.0
26.671700825,4141.0
26.697961390,4197.0
26.724221955,4081.0
26.750482520,4272.0
26.776743085,4132.0
26.803003650,4075.0
26.829264215,4197.0
26.855524780,4146.0
26.881785345,4055.0
26.908045910,4151.0
26.934306475,4127.0
26.960567040,4081.0
26.986827605,4133.0
27.013088170,4226.0
27.039348735,4016.0
27.065609300,4071.0
27.091869865,3985.0
27.118130430,4067.0
27.144390995,4027.0
27.170651560,4101.0
27.196912125,4108.0
27.223172691,4071.0
27.249433256,4063.0
27.275693821,4034.0
27.301954386,3907.0
27.328214951,4011.0
27.354475516,3971.0
27.380736081,3911.0
27.406996646,4064.0
27.433257211,3941.0
27.459517776,3901.0
27.485778341,3875.0
27.512038906,3892.0
27.538299471,3821.0
27.564560036,3755.0
27.590820601,3838.0
27.617081166,3835.0
27.643341731,3734.0
27.669602296,3656.0
27.695862861,3543.0
27.722123426,3625.0
27.748383991,3597.0
27.774644556,3560.0
27.800905121,3696.0
27.827165686,3542.0
27.853426251,3414.0
27.879686816,3496.0
27.905947381,3357.0
27.932207946,3365.0
27.958468511,3402.0
27.984729076,3389.0
28.010989641,3396.0
28.037250206,3327.0
28.063510771,3362.0
28.089771336,3176.0
28.116031901,3198.0
28.142292466,3297.0
28.168553031,3196.0
28.194813596,3277.0
28.221074161,3135.0
28.247334726,3162.0
28.273595291,3206.0
28.299855856,3240.0
28.326116421,3057.0
28.352376986,3050.0
28.378637551,3008.0
28.404898116,2974.0
28.431158681,3000.0
28.457419246,3011.0
28.483679811,2809.0
28.509940376,2858.0
28.536200941,2855.0
28.562461506,2833.0
28.588722071,2804.0
28.614982636,2994.0
28.641243201,2891.0
28.667503766,2758.0
28.693764331,2808.0
28.720024896,2695.0
28.746285461,2677.0
28.772546026,2694.0
28.798806591,2680.0
28.825067156,2724.0
28.851327721,2735.0
28.877588286,2767.0
28.903848851,2848.0
28.930109416,2656.0
28.956369981,2565.0
28.982630546,2584.0
29.008891111,2561.0
29.035151676,2605.0
29.061412241,2595.0
29.087672806,2520.0
29.113933371,2541.0
29.140193936,2492.0
29.166454501,2536.0
29.192715066,2560.0
29.218975631,2467.0
29.245236196,2411.0
29.271496761,2423.0
29.297757326,2495.0
29.324017891,2478.0
29.350278456,2320.0
29.376539021,2322.0
29.402799586,2412.0
29.429060151,2422.0
29.455320716,2398.0
29.481581281,2371.0
29.507841846,2282.0
29.534102411,2396.0
29.560362976,2408.0
29.586623541,2278.0
29.612884106,2396.0
29.639144672,2365.0
29.665405237,2341.0
29.691665802,2279.0
29.717926367,2255.0
29.744186932,2315.0
29.770447497,2283.0
29.796708062,2322.0
29.822968627,2192.0
29.849229192,2256.0
29.875489757,2197.0
29.901750322,2142.0
29.928010887,2182.0
29.954271452,2166.0
29.980532017,2241.0
30.006792582,2159.0
30.033053147,2105.0
30.059313712,2199.0
30.085574277,2149.0
30.111834842,2084.0
30.138095407,2163.0
30.164355972,2076.0
30.190616537,2054.0
30.216877102,2118.0
30.243137667,2095.0
30.269398232,2069.0
30.295658797,2203.0
30.321919362,2125.0
30.348179927,1994.0
30.374440492,2160.0
30.400701057,1993.0
30.426961622,2088.0
30.453222187,2046.0
30.479482752,2066.0
30.505743317,2071.0
30.532003882,2018.0
30.558264447,1995.0
30.584525012,2021.0
30.610785577,2020.0
30.637046142,1959.0
30.663306707,1965.0
30.689567272,1926.0
30.715827837,1940.0
30.742088402,2034.0
30.768348967,1965.0
30.794609532,1923.0
30.820870097,1952.0
30.847130662,1939.0
30.873391227,1963.0
30.899651792,1986.0
30.925912357,1957.0
30.952172922,1877.0
30.978433487,1996.0
31.004694052,1908.0
31.030954617,1870.0
31.057215182,1833.0
31.083475747,1903.0
31.109736312,1960.0
31.135996877,1926.0
31.162257442,1937.0
31.188518007,1861.0
31.214778572,1898.0
31.241039137,1864.0
31.267299702,1826.0
31.293560267,1878.0
31.319820832,1895.0
31.346081397,1908.0
31.372341962,1902.0
31.398602527,1869.0
31.424863092,1910.0
31.451123657,1852.0
31.477384222,1789.0
31.503644787,1835.0
31.529905352,1797.0
31.556165917,1840.0
31.582426482,1789.0
31.608687047,1789.0
31.634947612,1799.0
31.661208177,1765.0
31.687468742,1887.0
31.713729307,1765.0
31.739989872,1784.0
31.766250437,1793.0
31.792511002,1771.0
31.818771567,1736.0
31.845032132,1693.0
31.871292697,1777.0
31.897553262,1731.0
31.923813827,1882.0
31.950074392,1740.0
31.976334957,1770.0
32.002595522,1741.0
32.028856088,1720.0
32.055116653,1728.0
32.081377218,1757.0
32.107637783,1780.0
32.133898348,1665.0
32.160158913,1751.0
32.186419478,1747.0
32.212680043,1831.0
32.238940608,1738.0
32.265201173,1754.0
32.291461738,1737.0
32.317722303,1615.0
32.343982868,1714.0
32.370243433,1653.0
32.396503998,1718.0
32.422764563,1673.0
32.449025128,1687.0
32.475285693,1755.0
32.501546258,1632.0
32.527806823,1639.0
32.554067388,1686.0
32.580327953,1718.0
32.606588518,1683.0
32.632849083,1668.0
32.659109648,1604.0
32.685370213,1673.0
32.711630778,1672.0
32.737891343,1687.0
32.764151908,1667.0
32.790412473,1650.0
32.816673038,1631.0
32.842933603,1702.0
32.869194168,1642.0
32.895454733,1664.0
32.921715298,1572.0
32.947975863,1678.0
32.974236428,1620.0
33.000496993,1671.0
33.026757558,1640.0
33.053018123,1574.0
33.079278688,1581.0
33.105539253,1583.0
33.131799818,1708.0
33.158060383,1557.0
33.184320948,1577.0
33.210581513,1588.0
33.236842078,1569.0
33.263102643,1631.0
33.289363208,1617.0
33.315623773,1600.0
33.341884338,1627.0
33.368144903,1480.0
33.394405468,1634.0
33.420666033,1589.0
33.446926598,1578.0
33.473187163,1643.0
33.499447728,1501.0
33.525708293,1505.0
33.551968858,1543.0
33.578229423,1535.0
33.604489988,1572.0
33.630750553,1656.0
33.657011118,1553.0
33.683271683,1502.0
33.709532248,1579.0
33.735792813,1501.0
33.762053378,1497.0
33.788313943,1532.0
33.814574508,1576.0
33.840835073,1472.0
33.867095638,1570.0
33.893356203,1587.0
33.919616768,1584.0
33.945877333,1500.0
33.972137898,1544.0
33.998398463,1516.0
34.024659028,1494.0
34.050919593,1571.0
34.077180158,1444.0
34.103440723,1493.0
34.129701288,1503.0
34.155961853,1416.0
34.182222418,1492.0
34.208482983,1493.0
34.234743548,1568.0
34.261004113,1543.0
34.287264678,1456.0
34.313525243,1533.0
34.339785808,1474.0
34.366046373,1467.0
34.392306938,1516.0
34.418567504,1511.0
34.444828069,1434.0
34.471088634,1527.0
34.497349199,1423.0
34.523609764,1460.0
34.549870329,1444.0
34.576130894,1473.0
34.602391459,1440.0
34.628652024,1542.0
34.654912589,1501.0
34.681173154,1411.0
34.707433719,1388.0
34.733694284,1475.0
34.759954849,1441.0
34.786215414,1340.0
34.812475979,1547.0
34.838736544,1448.0
34.864997109,1446.0
34.891257674,1457.0
34.917518239,1560.0
34.943778804,1379.0
34.970039369,1336.0
34.996299934,1416.0
35.022560499,1464.0
35.048821064,1521.0
35.075081629,1367.0
35.101342194,1445.0
35.127602759,1525.0
35.153863324,1479.0
35.180123889,1426.0
35.206384454,1373.0
35.232645019,1415.0
35.258905584,1425.0
35.285166149,1405.0
35.311426714,1323.0
35.337687279,1446.0
35.363947844,1441.0
35.390208409,1390.0
35.416468974,1444.0
35.442729539,1459.0
35.468990104,1376.0
35.495250669,1391.0
35.521511234,1439.0
35.547771799,1389.0
35.574032364,1353.0
35.600292929,1348.0
35.626553494,1317.0
35.652814059,1435.0
35.679074624,1351.0
35.705335189,1370.0
35.731595754,1381.0
35.757856319,1410.0
35.784116884,1375.0
35.810377449,1375.0
35.836638014,1344.0
35.862898579,1356.0
35.889159144,1376.0
35.915419709,1413.0
35.941680274,1332.0
35.967940839,1271.0
35.994201404,1339.0
36.020461969,1320.0
36.046722534,1364.0
36.072983099,1310.0
36.099243664,1321.0
36.125504229,1340.0
36.151764794,1436.0
36.178025359,1385.0
36.204285924,1373.0
36.230546489,1324.0
36.256807054,1334.0
36.283067619,1303.0
36.309328184,1353.0
36.335588749,1306.0
36.361849314,1359.0
36.388109879,1432.0
36.414370444,1286.0
36.440631009,1367.0
36.466891574,1296.0
36.493152139,1346.0
36.519412704,1378.0
36.545673269,1306.0
36.571933834,1350.0
36.598194399,1328.0
36.624454964,1351.0
36.650715529,1361.0
36.676976094,1309.0
36.703236659,1291.0
36.729497224,1288.0
36.755757789,1380.0
36.782018354,1303.0
36.808278919,1301.0
36.834539485,1270.0
36.860800050,1289.0
36.887060615,1278.0
36.913321180,1264.0
36.939581745,1332.0
36.965842310,1382.0
36.992102875,1357.0
37.018363440,1315.0
37.044624005,1252.0
37.070884570,1272.0
37.097145135,1294.0
37.123405700,1290.0
37.149666265,1290.0
37.175926830,1283.0
37.202187395,1358.0
37.228447960,1314.0
37.254708525,1336.0
37.280969090,1299.0
37.307229655,1294.0
37.333490220,1311.0
37.359750785,1290.0
37.386011350,1349.0
37.412271915,1272.0
37.438532480,1260.0
37.464793045,1266.0
37.491053610,1282.0
37.517314175,1324.0
37.543574740,1230.0
37.569835305,1283.0
37.596095870,1315.0
37.622356435,1262.0
37.648617000,1270.0
37.674877565,1247.0
37.701138130,1236.0
37.727398695,1262.0
37.753659260,1264.0
37.779919825,1302.0
37.806180390,1216.0
37.832440955,1266.0
37.858701520,1230.0
37.884962085,1204.0
37.911222650,1246.0
37.937483215,1205.0
37.963743780,1243.0
37.990004345,1239.0
38.016264910,1216.0
38.042525475,1221.0
38.068786040,1284.0
38.095046605,1226.0
38.121307170,1245.0
38.147567735,1224.0
38.173828300,1279.0
38.200088865,1277.0
38.226349430,1294.0
38.252609995,1284.0
38.278870560,1267.0
38.305131125,1259.0
38.331391690,1219.0
38.357652255,1269.0
38.383912820,1147.0
38.410173385,1263.0
38.436433950,1186.0
38.462694515,1225.0
38.488955080,1230.0
38.515215645,1259.0
38.541476210,1265.0
38.567736775,1196.0
38.593997340,1176.0
38.620257905,1208.0
38.646518470,1277.0
38.672779035,1275.0
38.699039600,1248.0
38.725300165,1179.0
38.751560730,1225.0
38.777821295,1167.0
38.804081860,1241.0
38.830342425,1137.0
38.856602990,1159.0
38.882863555,1216.0
38.909124120,1214.0
38.935384685,1210.0
38.961645250,1219.0
38.987905815,1182.0
39.014166380,1202.0
39.040426945,1248.0
39.066687510,1188.0
39.092948075,1223.0
39.119208640,1226.0
39.145469205,1158.0
39.171729770,1193.0
39.197990335,1193.0
39.224250901,1212.0
39.250511466,1209.0
39.276772031,1209.0
39.303032596,1155.0
39.329293161,1227.0
39.355553726,1226.0
39.381814291,1211.0
39.408074856,1137.0
39.434335421,1199.0
39.460595986,1239.0
39.486856551,1154.0
39.513117116,1244.0
39.539377681,1217.0
39.565638246,1191.0
39.591898811,1150.0
39.618159376,1200.0
39.644419941,1182.0
39.670680506,1082.0
39.696941071,1169.0
39.723201636,1184.0
39.749462201,1123.0
39.775722766,1090.0
39.801983331,1147.0
39.828243896,1221.0
39.854504461,1193.0
39.880765026,1219.0
39.907025591,1228.0
39.933286156,1177.0
39.959546721,1171.0
39.985807286,1128.0
40.012067851,1174.0
40.038328416,1202.0
40.064588981,1141.0
40.090849546,1187.0
40.117110111,1202.0
40.143370676,1133.0
40.169631241,1180.0
40.195891806,1179.0
40.222152371,1184.0
40.248412936,1182.0
40.274673501,1170.0
40.300934066,1069.0
40.327194631,1183.0
40.353455196,1196.0
40.379715761,1187.0
40.405976326,1169.0
40.432236891,1067.0
40.458497456,1141.0
40.484758021,1201.0
40.511018586,1117.0
40.537279151,1182.0
40.563539716,1094.0
40.589800281,1140.0
40.616060846,1146.0
40.642321411,1177.0
40.668581976,1109.0
40.694842541,1163.0
40.721103106,1127.0
40.747363671,1185.0
40.773624236,1114.0
40.799884801,1157.0
40.826145366,1171.0
40.852405931,1186.0
40.878666496,1189.0
40.904927061,1233.0
40.931187626,1131.0
40.957448191,1175.0
40.983708756,1132.0
41.009969321,1142.0
41.036229886,1156.0
41.062490451,1134.0
41.088751016,1142.0
41.115011581,1116.0
41.141272146,1157.0
41.167532711,1135.0
41.193793276,1139.0
41.220053841,1164.0
41.246314406,1186.0
41.272574971,1112.0
41.298835536,1136.0
41.325096101,1147.0
41.351356666,1113.0
41.377617231,1149.0
41.403877796,1131.0
41.430138361,1178.0
41.456398926,1197.0
41.482659491,1087.0
41.508920056,1171.0
41.535180621,1118.0
41.561441186,1076.0
41.587701751,1146.0
41.613962316,1157.0
41.640222882,1159.0
41.666483447,1101.0
41.692744012,1146.0
41.719004577,1110.0
41.745265142,1134.0
41.771525707,1133.0
41.797786272,1128.0
41.824046837,1142.0
41.850307402,1099.0
41.876567967,1103.0
41.902828532,1095.0
41.929089097,1165.0
41.955349662,1166.0
41.981610227,1125.0
42.007870792,1153.0
42.034131357,1154.0
42.060391922,1168.0
42.086652487,1121.0
42.112913052,1144.0
42.139173617,1120.0
42.165434182,1117.0
42.191694747,1124.0
42.217955312,1158.0
42.244215877,1219.0
42.270476442,1069.0
42.296737007,1121.0
42.322997572,1124.0
42.349258137,1247.0
42.375518702,1156.0
42.401779267,1130.0
42.428039832,1139.0
42.454300397,1090.0
42.480560962,1147.0
42.506821527,1088.0
42.533082092,1108.0
42.559342657,1149.0
42.585603222,1115.0
42.611863787,1073.0
42.638124352,1096.0
42.664384917,1168.0
42.690645482,1160.0
42.716906047,1106.0
42.743166612,1135.0
42.769427177,1141.0
42.795687742,1129.0
42.821948307,1121.0
42.848208872,1148.0
42.874469437,1196.0
42.900730002,1083.0
42.926990567,1073.0
42.953251132,1182.0
42.979511697,1193.0
43.005772262,1164.0
43.032032827,1175.0
43.058293392,1161.0
43.084553957,1134.0
43.110814522,1098.0
43.137075087,1157.0
43.163335652,1098.0
43.189596217,1144.0
43.215856782,1145.0
43.242117347,1103.0
43.268377912,1143.0
43.294638477,1104.0
43.320899042,1140.0
43.347159607,1127.0
43.373420172,1153.0
43.399680737,1217.0
43.425941302,1177.0
43.452201867,1114.0
43.478462432,1108.0
43.504722997,1110.0
43.530983562,1127.0
43.557244127,1095.0
43.583504692,1084.0
43.609765257,1136.0
43.636025822,1178.0
43.662286387,1185.0
43.688546952,1182.0
43.714807517,1102.0
43.741068082,1131.0
43.767328647,1069.0
43.793589212,1158.0
43.819849777,1179.0
43.846110342,1150.0
43.872370907,1155.0
43.898631472,1108.0
43.924892037,1128.0
43.951152602,1108.0
43.977413167,1154.0
44.003673732,1132.0
44.029934298,1071.0
44.056194863,1185.0
44.082455428,1122.0
44.108715993,1127.0
44.134976558,1121.0
44.161237123,1164.0
44.187497688,1175.0
44.213758253,1149.0
44.240018818,1103.0
44.266279383,1073.0
44.292539948,1211.0
44.318800513,1109.0
44.345061078,1134.0
44.371321643,1096.0
44.397582208,1123.0
44.423842773,1090.0
44.450103338,1088.0
44.476363903,1138.0
44.502624468,1091.0
44.528885033,1101.0
44.555145598,1145.0
44.581406163,1113.0
44.607666728,1096.0
44.633927293,1131.0
44.660187858,1112.0
44.686448423,1048.0
44.712708988,1096.0
44.738969553,1139.0
44.765230118,1097.0
44.791490683,1156.0
44.817751248,1083.0
44.844011813,1087.0
44.870272378,1171.0
44.896532943,1108.0
44.922793508,1097.0
44.949054073,1095.0
44.975314638,1088.0
45.001575203,1080.0
45.027835768,1119.0
45.054096333,1090.0
45.080356898,1040.0
45.106617463,1003.0
45.132878028,1073.0
45.159138593,1099.0
45.185399158,1113.0
45.211659723,1115.0
45.237920288,1082.0
45.264180853,1057.0
45.290441418,1104.0
45.316701983,1111.0
45.342962548,1078.0
45.369223113,1095.0
45.395483678,1051.0
45.421744243,1137.0
45.448004808,1032.0
45.474265373,1020.0
45.500525938,1048.0
45.526786503,1108.0
45.553047068,1022.0
45.579307633,1053.0
45.605568198,1030.0
45.631828763,1019.0
45.658089328,1056.0
45.684349893,1039.0
45.710610458,1024.0
45.736871023,978.0
45.763131588,1053.0
45.789392153,1103.0
45.815652718,1022.0
45.841913283,1107.0
45.868173848,1076.0
45.894434413,1021.0
45.920694978,1037.0
45.946955543,959.0
45.973216108,1026.0
45.999476673,1047.0
46.025737238,1064.0
46.051997803,996.0
46.078258368,1083.0
46.104518933,1069.0
46.130779498,986.0
46.157040063,1018.0
46.183300628,989.0
46.209561193,969.0
46.235821758,1037.0
46.262082323,989.0
46.288342888,995.0
46.314603453,1000.0
46.340864018,1014.0
46.367124583,1011.0
46.393385148,1008.0
46.419645714,966.0
46.445906279,1020.0
46.472166844,1028.0
46.498427409,987.0
46.524687974,988.0
46.550948539,1014.0
46.577209104,978.0
46.603469669,954.0
46.629730234,939.0
46.655990799,977.0
46.682251364,1043.0
46.708511929,1009.0
46.734772494,945.0
46.761033059,1008.0
46.787293624,976.0
46.813554189,935.0
46.839814754,940.0
46.866075319,990.0
46.892335884,918.0
46.918596449,921.0
46.944857014,964.0
46.971117579,1003.0
46.997378144,969.0
47.023638709,888.0
47.049899274,1011.0
47.076159839,941.0
47.102420404,971.0
47.128680969,958.0
47.154941534,938.0
47.181202099,958.0
47.207462664,917.0
47.233723229,922.0
47.259983794,979.0
47.286244359,923.0
47.312504924,916.0
47.338765489,907.0
47.365026054,934.0
47.391286619,926.0
47.417547184,951.0
47.443807749,918.0
47.470068314,923.0
47.496328879,889.0
47.522589444,929.0
47.548850009,876.0
47.575110574,897.0
47.601371139,881.0
47.627631704,937.0
47.653892269,905.0
47.680152834,906.0
47.706413399,849.0
47.732673964,867.0
47.758934529,911.0
47.785195094,882.0
47.811455659,919.0
47.837716224,904.0
47.863976789,870.0
47.890237354,851.0
47.916497919,922.0
47.942758484,849.0
47.969019049,944.0
47.995279614,856.0
48.021540179,903.0
48.047800744,864.0
48.074061309,867.0
48.100321874,856.0
48.126582439,872.0
48.152843004,855.0
48.179103569,878.0
48.205364134,875.0
48.231624699,836.0
48.257885264,848.0
48.284145829,860.0
48.310406394,944.0
48.336666959,863.0
48.362927524,792.0
48.389188089,906.0
48.415448654,880.0
48.441709219,875.0
48.467969784,899.0
48.494230349,852.0
48.520490914,901.0
48.546751479,852.0
48.573012044,824.0
48.599272609,875.0
48.625533174,758.0
48.651793739,837.0
48.678054304,846.0
48.704314869,859.0
48.730575434,886.0
48.756835999,836.0
48.783096564,833.0
48.809357129,829.0
48.835617695,854.0
48.861878260,851.0
48.888138825,816.0
48.914399390,800.0
48.940659955,841.0
48.966920520,850.0
48.993181085,818.0
49.019441650,803.0
49.045702215,829.0
49.071962780,863.0
49.098223345,820.0
49.124483910,838.0
49.150744475,808.0
49.177005040,853.0
49.203265605,812.0
49.229526170,863.0
49.255786735,831.0
49.282047300,840.0
49.308307865,824.0
49.334568430,798.0
49.360828995,784.0
49.387089560,863.0
49.413350125,807.0
49.439610690,845.0
49.465871255,792.0
49.492131820,827.0
49.518392385,832.0
49.544652950,813.0
49.570913515,821.0
49.597174080,766.0
49.623434645,739.0
49.649695210,827.0
49.675955775,815.0
49.702216340,829.0
49.728476905,793.0
49.754737470,790.0
49.780998035,855.0
49.807258600,792.0
49.833519165,877.0
49.859779730,798.0
49.886040295,841.0
49.912300860,822.0
49.938561425,830.0
49.964821990,844.0
49.991082555,832.0
50.017343120,822.0
