2theta,Intensity
2.013030280,17310.0
2.039290845,16338.0
2.065551410,15884.0
2.091811975,15255.0
2.118072540,14947.0
2.144333105,14268.0
2.170593670,13642.0
2.196854235,13020.0
2.223114800,12644.0
2.249375365,12574.0
2.275635930,12156.0
2.301896495,11428.0
2.328157060,11470.0
2.354417625,11175.0
2.380678190,10931.0
2.406938755,10572.0
2.433199320,10387.0
2.459459885,10199.0
2.485720450,9879.0
2.511981015,9694.0
2.538241580,9456.0
2.564502145,9396.0
2.590762710,9375.0
2.617023275,9153.0
2.643283840,8833.0
2.669544405,8793.0
2.695804970,8726.0
2.722065535,8427.0
2.748326100,8086.0
2.774586665,8145.0
2.800847230,8023.0
2.827107795,8031.0
2.853368360,7948.0
2.879628925,7884.0
2.905889490,7591.0
2.932150055,7577.0
2.958410620,7432.0
2.984671185,7174.0
3.010931750,7218.0
3.037192315,7110.0
3.063452880,7134.0
3.089713445,7131.0
3.115974010,7050.0
3.142234575,6745.0
3.168495140,6901.0
3.194755705,6748.0
3.221016271,6875.0
3.247276836,6650.0
3.273537401,6734.0
3.299797966,6648.0
3.326058531,6559.0
3.352319096,6542.0
3.378579661,6399.0
3.404840226,6527.0
3.431100791,6546.0
3.457361356,6529.0
3.483621921,6550.0
3.509882486,6501.0
3.536143051,6564.0
3.562403616,6336.0
3.588664181,6217.0
3.614924746,6371.0
3.641185311,6317.0
3.667445876,6492.0
3.693706441,6450.0
3.719967006,6447.0
3.746227571,6552.0
3.772488136,6444.0
3.798748701,6467.0
3.825009266,6463.0
3.851269831,6597.0
3.877530396,6463.0
3.903790961,6659.0
3.930051526,6611.0
3.956312091,6839.0
3.982572656,6806.0
4.008833221,6924.0
4.035093786,7056.0
4.061354351,7268.0
4.087614916,7123.0
4.113875481,7406.0
4.140136046,7590.0
4.166396611,7814.0
4.192657176,7829.0
4.218917741,8039.0
4.245178306,8406.0
4.271438871,8370.0
4.297699436,8730.0
4.323960001,9026.0
4.350220566,9148.0
4.376481131,9664.0
4.402741696,9810.0
4.429002261,10374.0
4.455262826,10871.0
4.481523391,11108.0
4.507783956,11620.0
4.534044521,12083.0
4.560305086,12636.0
4.586565651,13294.0
4.612826216,14127.0
4.639086781,14814.0
4.665347346,15542.0
4.691607911,16365.0
4.717868476,17344.0
4.744129041,18353.0
4.770389606,19075.0
4.796650171,20368.0
4.822910736,21119.0
4.849171301,21850.0
4.875431866,22531.0
4.901692431,23273.0
4.927952996,23655.0
4.954213561,23145.0
4.980474126,23026.0
5.006734691,22177.0
5.032995256,21566.0
5.059255821,20436.0
5.085516386,19292.0
5.111776951,18424.0
5.138037516,17116.0
5.164298081,16036.0
5.190558646,15309.0
5.216819211,14341.0
5.243079776,13269.0
5.269340341,12661.0
5.295600906,12172.0
5.321861471,11466.0
5.348122036,11078.0
5.374382601,10486.0
5.400643166,10110.0
5.426903731,9690.0
5.453164296,9419.0
5.479424861,8904.0
5.505685426,8999.0
5.531945991,8809.0
5.558206556,8320.0
5.584467121,7941.0
5.610727686,7838.0
5.636988252,7594.0
5.663248817,7226.0
5.689509382,7295.0
5.715769947,7195.0
5.742030512,6932.0
5.768291077,6848.0
5.794551642,6833.0
5.820812207,6645.0
5.847072772,6563.0
5.873333337,6358.0
5.899593902,6368.0
5.925854467,6158.0
5.952115032,6294.0
5.978375597,6156.0
6.004636162,6043.0
6.030896727,6053.0
6.057157292,5972.0
6.083417857,5744.0
6.109678422,5695.0
6.135938987,5703.0
6.162199552,5543.0
6.188460117,5620.0
6.214720682,5662.0
6.240981247,5441.0
6.267241812,5451.0
6.293502377,5432.0
6.319762942,5248.0
6.346023507,5334.0
6.372284072,5299.0
6.398544637,5288.0
6.424805202,5225.0
6.451065767,5271.0
6.477326332,5199.0
6.503586897,5239.0
6.529847462,5159.0
6.556108027,5038.0
6.582368592,5144.0
6.608629157,5015.0
6.634889722,4997.0
6.661150287,5041.0
6.687410852,4908.0
6.713671417,5088.0
6.739931982,4846.0
6.766192547,4969.0
6.792453112,4834.0
6.818713677,4904.0
6.844974242,4921.0
6.871234807,4799.0
6.897495372,4799.0
6.923755937,4931.0
6.950016502,4717.0
6.976277067,4734.0
7.002537632,4864.0
7.028798197,4785.0
7.055058762,4710.0
7.081319327,4800.0
7.107579892,4726.0
7.133840457,4796.0
7.160101022,4641.0
7.186361587,4422.0
7.212622152,4786.0
7.238882717,4793.0
7.265143282,4627.0
7.291403847,4771.0
7.317664412,4755.0
7.343924977,4809.0
7.370185542,4760.0
7.396446107,4731.0
7.422706672,4824.0
7.448967237,4778.0
7.475227802,4702.0
7.501488367,4758.0
7.527748932,4727.0
7.554009497,4837.0
7.580270062,4681.0
7.606530627,4795.0
7.632791192,4776.0
7.659051757,4942.0
7.685312322,4928.0
7.711572887,4945.0
7.737833452,4992.0
7.764094017,5086.0
7.790354582,5020.0
7.816615147,5219.0
7.842875712,5178.0
7.869136277,5229.0
7.895396842,5387.0
7.921657407,5234.0
7.947917972,5375.0
7.974178537,5500.0
8.000439102,5488.0
8.026699668,5554.0
8.052960233,5663.0
8.079220798,5840.0
8.105481363,5908.0
8.131741928,6002.0
8.158002493,6125.0
8.184263058,6161.0
8.210523623,6226.0
8.236784188,6410.0
8.263044753,6446.0
8.289305318,6740.0
8.315565883,6599.0
8.341826448,6819.0
8.368087013,6763.0
8.394347578,6778.0
8.420608143,6846.0
8.446868708,6935.0
8.473129273,6771.0
8.499389838,6749.0
8.525650403,6671.0
8.551910968,6747.0
8.578171533,6694.0
8.604432098,6347.0
8.630692663,6330.0
8.656953228,6145.0
8.683213793,6235.0
8.709474358,5888.0
8.735734923,5918.0
8.761995488,5720.0
8.788256053,5760.0
8.814516618,5675.0
8.840777183,5574.0
8.867037748,5469.0
8.893298313,5442.0
8.919558878,5296.0
8.945819443,5318.0
8.972080008,5120.0
8.998340573,4942.0
9.024601138,5257.0
9.050861703,5016.0
9.077122268,4956.0
9.103382833,4920.0
9.129643398,5060.0
9.155903963,4812.0
9.182164528,4800.0
9.208425093,4768.0
9.234685658,4709.0
9.260946223,4656.0
9.287206788,4799.0
9.313467353,4637.0
9.339727918,4688.0
9.365988483,4712.0
9.392249048,4678.0
9.418509613,4599.0
9.444770178,4645.0
9.471030743,4620.0
9.497291308,4625.0
9.523551873,4698.0
9.549812438,4673.0
9.576073003,4655.0
9.602333568,4724.0
9.628594133,4748.0
9.654854698,4593.0
9.681115263,4695.0
9.707375828,4697.0
9.733636393,4604.0
9.759896958,4780.0
9.786157523,4569.0
9.812418088,4568.0
9.838678653,4494.0
9.864939218,4610.0
9.891199783,4578.0
9.917460348,4639.0
9.943720913,4501.0
9.969981478,4621.0
9.996242043,4583.0
10.022502608,4556.0
10.048763173,4452.0
10.075023738,4370.0
10.101284303,4363.0
10.127544868,4411.0
10.153805433,4338.0
10.180065998,4428.0
10.206326563,4292.0
10.232587128,4341.0
10.258847693,4331.0
10.285108258,4160.0
10.311368823,4145.0
10.337629388,4263.0
10.363889953,4228.0
10.390150518,4312.0
10.416411084,4219.0
10.442671649,4280.0
10.468932214,4192.0
10.495192779,4175.0
10.521453344,4110.0
10.547713909,4138.0
10.573974474,4088.0
10.600235039,4109.0
10.626495604,4046.0
10.652756169,4169.0
10.679016734,4017.0
10.705277299,4092.0
10.731537864,4097.0
10.757798429,4006.0
10.784058994,4038.0
10.810319559,4038.0
10.836580124,3970.0
10.862840689,4019.0
10.889101254,3945.0
10.915361819,3989.0
10.941622384,3989.0
10.967882949,4031.0
10.994143514,3949.0
11.020404079,3976.0
11.046664644,3894.0
11.072925209,3825.0
11.099185774,3819.0
11.125446339,3738.0
11.151706904,3870.0
11.177967469,3893.0
11.204228034,3791.0
11.230488599,4033.0
11.256749164,3863.0
11.283009729,3822.0
11.309270294,3942.0
11.335530859,3922.0
11.361791424,3792.0
11.388051989,3812.0
11.414312554,3852.0
11.440573119,3760.0
11.466833684,3729.0
11.493094249,3808.0
11.519354814,3807.0
11.545615379,3865.0
11.571875944,3970.0
11.598136509,3793.0
11.624397074,3816.0
11.650657639,3808.0
11.676918204,3766.0
11.703178769,3784.0
11.729439334,3754.0
11.755699899,3899.0
11.781960464,3861.0
11.808221029,3789.0
11.834481594,3720.0
11.860742159,3833.0
11.887002724,3812.0
11.913263289,3712.0
11.939523854,3775.0
11.965784419,3852.0
11.992044984,3781.0
12.018305549,3957.0
12.044566114,3861.0
12.070826679,3735.0
12.097087244,3775.0
12.123347809,3838.0
12.149608374,3752.0
12.175868939,3929.0
12.202129504,3878.0
12.228390069,3899.0
12.254650634,3931.0
12.280911199,3955.0
12.307171764,3848.0
12.333432329,3919.0
12.359692894,3943.0
12.385953459,3881.0
12.412214024,3942.0
12.438474589,4009.0
12.464735154,3902.0
12.490995719,4017.0
12.517256284,3921.0
12.543516849,4154.0
12.569777414,4156.0
12.596037979,4112.0
12.622298544,4052.0
12.648559109,4097.0
12.674819674,4158.0
12.701080239,4085.0
12.727340804,4123.0
12.753601369,4131.0
12.779861934,4075.0
12.806122499,4211.0
12.832383065,4173.0
12.858643630,4007.0
12.884904195,4107.0
12.911164760,4142.0
12.937425325,4095.0
12.963685890,4170.0
12.989946455,4112.0
13.016207020,4069.0
13.042467585,4035.0
13.068728150,4151.0
13.094988715,4038.0
13.121249280,4026.0
13.147509845,3806.0
13.173770410,3917.0
13.200030975,3908.0
13.226291540,3866.0
13.252552105,3843.0
13.278812670,3765.0
13.305073235,3770.0
13.331333800,3835.0
13.357594365,3768.0
13.383854930,3818.0
13.410115495,3849.0
13.436376060,3744.0
13.462636625,3844.0
13.488897190,3649.0
13.515157755,3693.0
13.541418320,3683.0
13.567678885,3736.0
13.593939450,3598.0
13.620200015,3758.0
13.646460580,3615.0
13.672721145,3498.0
13.698981710,3590.0
13.725242275,3643.0
13.751502840,3476.0
13.777763405,3625.0
13.804023970,3554.0
13.830284535,3505.0
13.856545100,3502.0
13.882805665,3525.0
13.909066230,3428.0
13.935326795,3452.0
13.961587360,3467.0
13.987847925,3465.0
14.014108490,3469.0
14.040369055,3515.0
14.066629620,3356.0
14.092890185,3337.0
14.119150750,3497.0
14.145411315,3439.0
14.171671880,3342.0
14.197932445,3344.0
14.224193010,3351.0
14.250453575,3446.0
14.276714140,3368.0
14.302974705,3345.0
14.329235270,3396.0
14.355495835,3275.0
14.381756400,3277.0
14.408016965,3304.0
14.434277530,3383.0
14.460538095,3357.0
14.486798660,3329.0
14.513059225,3360.0
14.539319790,3206.0
14.565580355,3232.0
14.591840920,3225.0
14.618101485,3250.0
14.644362050,3301.0
14.670622615,3293.0
14.696883180,3051.0
14.723143745,3195.0
14.749404310,3243.0
14.775664875,3238.0
14.801925440,3307.0
14.828186005,3247.0
14.854446570,3205.0
14.880707135,3140.0
14.906967700,3085.0
14.933228265,3099.0
14.959488830,3175.0
14.985749395,3193.0
15.012009960,3058.0
15.038270525,3067.0
15.064531090,3246.0
15.090791655,3163.0
15.117052220,3164.0
15.143312785,3149.0
15.169573350,3044.0
15.195833915,3137.0
15.222094481,3026.0
15.248355046,3102.0
15.274615611,3087.0
15.300876176,3134.0
15.327136741,3082.0
15.353397306,3027.0
15.379657871,3094.0
15.405918436,3106.0
15.432179001,2997.0
15.458439566,3169.0
15.484700131,2995.0
15.510960696,3014.0
15.537221261,3131.0
15.563481826,3087.0
15.589742391,3076.0
15.616002956,2931.0
15.642263521,3105.0
15.668524086,2964.0
15.694784651,3165.0
15.721045216,2942.0
15.747305781,3063.0
15.773566346,3091.0
15.799826911,3016.0
15.826087476,3017.0
15.852348041,3086.0
15.878608606,3021.0
15.904869171,2948.0
15.931129736,3082.0
15.957390301,3017.0
15.983650866,3079.0
16.009911431,3011.0
16.036171996,3092.0
16.062432561,2957.0
16.088693126,2951.0
16.114953691,3123.0
16.141214256,3021.0
16.167474821,3015.0
16.193735386,3083.0
16.219995951,2974.0
16.246256516,3111.0
16.272517081,2979.0
16.298777646,3050.0
16.325038211,3031.0
16.351298776,2989.0
16.377559341,3051.0
16.403819906,2982.0
16.430080471,3038.0
16.456341036,3059.0
16.482601601,2956.0
16.508862166,3096.0
16.535122731,3018.0
16.561383296,3107.0
16.587643861,2956.0
16.613904426,3080.0
16.640164991,3067.0
16.666425556,3056.0
16.692686121,2969.0
16.718946686,3173.0
16.745207251,3065.0
16.771467816,2997.0
16.797728381,3073.0
16.823988946,2896.0
16.850249511,3076.0
16.876510076,2974.0
16.902770641,2943.0
16.929031206,2971.0
16.955291771,3068.0
16.981552336,2890.0
17.007812901,3024.0
17.034073466,2962.0
17.060334031,2914.0
17.086594596,2932.0
17.112855161,2908.0
17.139115726,2920.0
17.165376291,2917.0
17.191636856,2907.0
17.217897421,2993.0
17.244157986,2999.0
17.270418551,2937.0
17.296679116,2979.0
17.322939681,2846.0
17.349200246,2921.0
17.375460811,2918.0
17.401721376,2866.0
17.427981941,2763.0
17.454242506,2914.0
17.480503071,2811.0
17.506763636,2932.0
17.533024201,2888.0
17.559284766,2845.0
17.585545331,2862.0
17.611805896,2825.0
17.638066462,2886.0
17.664327027,2859.0
17.690587592,2775.0
17.716848157,2704.0
17.743108722,2780.0
17.769369287,2855.0
17.795629852,2810.0
17.821890417,2769.0
17.848150982,2719.0
17.874411547,2814.0
17.900672112,2753.0
17.926932677,2773.0
17.953193242,2740.0
17.979453807,2646.0
18.005714372,2776.0
18.031974937,2784.0
18.058235502,2751.0
18.084496067,2778.0
18.110756632,2593.0
18.137017197,2709.0
18.163277762,2703.0
18.189538327,2797.0
18.215798892,2770.0
18.242059457,2730.0
18.268320022,2728.0
18.294580587,2749.0
18.320841152,2725.0
18.347101717,2633.0
18.373362282,2747.0
18.399622847,2636.0
18.425883412,2749.0
18.452143977,2696.0
18.478404542,2675.0
18.504665107,2611.0
18.530925672,2636.0
18.557186237,2843.0
18.583446802,2756.0
18.609707367,2680.0
18.635967932,2667.0
18.662228497,2680.0
18.688489062,2724.0
18.714749627,2644.0
18.741010192,2547.0
18.767270757,2605.0
18.793531322,2528.0
18.819791887,2618.0
18.846052452,2686.0
18.872313017,2594.0
18.898573582,2590.0
18.924834147,2613.0
18.951094712,2640.0
18.977355277,2530.0
19.003615842,2599.0
19.029876407,2596.0
19.056136972,2528.0
19.082397537,2535.0
19.108658102,2592.0
19.134918667,2567.0
19.161179232,2525.0
19.187439797,2641.0
19.213700362,2595.0
19.239960927,2618.0
19.266221492,2565.0
19.292482057,2591.0
19.318742622,2538.0
19.345003187,2527.0
19.371263752,2572.0
19.397524317,2635.0
19.423784882,2514.0
19.450045447,2523.0
19.476306012,2555.0
19.502566577,2589.0
19.528827142,2597.0
19.555087707,2502.0
19.581348272,2505.0
19.607608837,2489.0
19.633869402,2527.0
19.660129967,2632.0
19.686390532,2535.0
19.712651097,2510.0
19.738911662,2489.0
19.765172227,2564.0
19.791432792,2600.0
19.817693357,2606.0
19.843953922,2541.0
19.870214487,2476.0
19.896475052,2493.0
19.922735617,2571.0
19.948996182,2563.0
19.975256747,2475.0
20.001517312,2474.0
20.027777878,2571.0
20.054038443,2483.0
20.080299008,2543.0
20.106559573,2416.0
20.132820138,2571.0
20.159080703,2597.0
20.185341268,2480.0
20.211601833,2461.0
20.237862398,2474.0
20.264122963,2492.0
20.290383528,2474.0
20.316644093,2556.0
20.342904658,2598.0
20.369165223,2472.0
20.395425788,2480.0
20.421686353,2498.0
20.447946918,2490.0
20.474207483,2490.0
20.500468048,2481.0
20.526728613,2559.0
20.552989178,2509.0
20.579249743,2527.0
20.605510308,2518.0
20.631770873,2452.0
20.658031438,2456.0
20.684292003,2493.0
20.710552568,2530.0
20.736813133,2425.0
20.763073698,2466.0
20.789334263,2497.0
20.815594828,2516.0
20.841855393,2443.0
20.868115958,2560.0
20.894376523,2493.0
20.920637088,2553.0
20.946897653,2524.0
20.973158218,2395.0
20.999418783,2489.0
21.025679348,2504.0
21.051939913,2399.0
21.078200478,2502.0
21.104461043,2432.0
21.130721608,2397.0
21.156982173,2473.0
21.183242738,2495.0
21.209503303,2470.0
21.235763868,2449.0
21.262024433,2357.0
21.288284998,2497.0
21.314545563,2474.0
21.340806128,2531.0
21.367066693,2434.0
21.393327258,2434.0
21.419587823,2407.0
21.445848388,2437.0
21.472108953,2454.0
21.498369518,2501.0
21.524630083,2460.0
21.550890648,2435.0
21.577151213,2335.0
21.603411778,2458.0
21.629672343,2421.0
21.655932908,2430.0
21.682193473,2583.0
21.708454038,2442.0
21.734714603,2421.0
21.760975168,2524.0
21.787235733,2438.0
21.813496298,2394.0
21.839756863,2412.0
21.866017428,2469.0
21.892277993,2437.0
21.918538558,2419.0
21.944799123,2445.0
21.971059688,2427.0
21.997320253,2384.0
22.023580818,2415.0
22.049841383,2556.0
22.076101948,2489.0
22.102362513,2444.0
22.128623078,2416.0
22.154883643,2492.0
22.181144208,2382.0
22.207404773,2396.0
22.233665338,2499.0
22.259925903,2394.0
22.286186468,2417.0
22.312447033,2559.0
22.338707598,2520.0
22.364968163,2449.0
22.391228728,2374.0
22.417489294,2367.0
22.443749859,2374.0
22.470010424,2522.0
22.496270989,2465.0
22.522531554,2371.0
22.548792119,2442.0
22.575052684,2429.0
22.601313249,2473.0
22.627573814,2552.0
22.653834379,2322.0
22.680094944,2550.0
22.706355509,2441.0
22.732616074,2413.0
22.758876639,2473.0
22.785137204,2542.0
22.811397769,2512.0
22.837658334,2440.0
22.863918899,2397.0
22.890179464,2475.0
22.916440029,2431.0
22.942700594,2483.0
22.968961159,2451.0
22.995221724,2342.0
23.021482289,2415.0
23.047742854,2455.0
23.074003419,2459.0
23.100263984,2424.0
23.126524549,2443.0
23.152785114,2493.0
23.179045679,2483.0
23.205306244,2497.0
23.231566809,2527.0
23.257827374,2433.0
23.284087939,2435.0
23.310348504,2467.0
23.336609069,2506.0
23.362869634,2520.0
23.389130199,2461.0
23.415390764,2467.0
23.441651329,2482.0
23.467911894,2523.0
23.494172459,2478.0
23.520433024,2496.0
23.546693589,2465.0
23.572954154,2452.0
23.599214719,2512.0
23.625475284,2526.0
23.651735849,2541.0
23.677996414,2467.0
23.704256979,2563.0
23.730517544,2501.0
23.756778109,2426.0
23.783038674,2399.0
23.809299239,2575.0
23.835559804,2530.0
23.861820369,2501.0
23.888080934,2561.0
23.914341499,2594.0
23.940602064,2607.0
23.966862629,2456.0
23.993123194,2557.0
24.019383759,2587.0
24.045644324,2571.0
24.071904889,2470.0
24.098165454,2657.0
24.124426019,2537.0
24.150686584,2457.0
24.176947149,2675.0
24.203207714,2455.0
24.229468279,2493.0
24.255728844,2535.0
24.281989409,2617.0
24.308249974,2694.0
24.334510539,2665.0
24.360771104,2624.0
24.387031669,2637.0
24.413292234,2678.0
24.439552799,2641.0
24.465813364,2631.0
24.492073929,2624.0
24.518334494,2667.0
24.544595059,2637.0
24.570855624,2553.0
24.597116189,2741.0
24.623376754,2723.0
24.649637319,2589.0
24.675897884,2612.0
24.702158449,2610.0
24.728419014,2731.0
24.754679579,2714.0
24.780940144,2690.0
24.807200709,2682.0
24.833461275,2671.0
24.859721840,2824.0
24.885982405,2719.0
24.912242970,2776.0
24.938503535,2749.0
24.964764100,2865.0
24.991024665,2821.0
25.017285230,2795.0
25.043545795,2750.0
25.069806360,2909.0
25.096066925,2761.0
25.122327490,2766.0
25.148588055,2960.0
25.174848620,2892.0
25.201109185,2878.0
25.227369750,2845.0
25.253630315,2873.0
25.279890880,2886.0
25.306151445,2925.0
25.332412010,2950.0
25.358672575,2885.0
25.384933140,2883.0
25.411193705,2878.0
25.437454270,2915.0
25.463714835,2932.0
25.489975400,2923.0
25.516235965,3066.0
25.542496530,2966.0
25.568757095,3142.0
25.595017660,3053.0
25.621278225,3052.0
25.647538790,3169.0
25.673799355,3008.0
25.700059920,3001.0
25.726320485,2983.0
25.752581050,3117.0
25.778841615,3139.0
25.805102180,3090.0
25.831362745,3261.0
25.857623310,3175.0
25.883883875,3261.0
25.910144440,3131.0
25.936405005,3204.0
25.962665570,3143.0
25.988926135,3156.0
26.015186700,3315.0
26.041447265,3321.0
26.067707830,3378.0
26.093968395,3310.0
26.120228960,3342.0
26.146489525,3305.0
26.172750090,3336.0
26.199010655,3387.0
26.225271220,3323.0
26.251531785,3402.0
26.277792350,3450.0
26.304052915,3465.0
26.330313480,3361.0
26.356574045,3360.0
26.382834610,3537.0
26.409095175,3566.0
26.435355740,3559.0
26.461616305,3618.0
26.487876870,3578.0
26.514137435,3620.0
26.540398000,3578.0
26.566658565,3581.0
26.592919130,3697.0
26.619179695,3677.0
26.645440260,3651.0
26.671700825,3608.0
26.697961390,3796.0
26.724221955,3573.0
26.750482520,3698.0
26.776743085,3771.0
26.803003650,3621.0
26.829264215,3725.0
26.855524780,3709.0
26.881785345,3795.0
26.908045910,3701.0
26.934306475,3829.0
26.960567040,3738.0
26.986827605,3732.0
27.013088170,3670.0
27.039348735,3632.0
27.065609300,3816.0
27.091869865,3583.0
27.118130430,3739.0
27.144390995,3589.0
27.170651560,3726.0
27.196912125,3682.0
27.223172691,3711.0
27.249433256,3668.0
27.275693821,3585.0
27.301954386,3543.0
27.328214951,3568.0
27.354475516,3528.0
27.380736081,3482.0
27.406996646,3540.0
27.433257211,3459.0
27.459517776,3397.0
27.485778341,3438.0
27.512038906,3223.0
27.538299471,3267.0
27.564560036,3332.0
27.590820601,3294.0
27.617081166,3228.0
27.643341731,3219.0
27.669602296,3172.0
27.695862861,3125.0
27.722123426,3238.0
27.748383991,3119.0
27.774644556,3079.0
27.800905121,3059.0
27.827165686,3010.0
27.853426251,2896.0
27.879686816,3027.0
27.905947381,3014.0
27.932207946,2955.0
27.958468511,2888.0
27.984729076,2819.0
28.010989641,2870.0
28.037250206,2741.0
28.063510771,2799.0
28.089771336,2755.0
28.116031901,2666.0
28.142292466,2648.0
28.168553031,2730.0
28.194813596,2570.0
28.221074161,2658.0
28.247334726,2611.0
28.273595291,2672.0
28.299855856,2565.0
28.326116421,2564.0
28.352376986,2500.0
28.378637551,2578.0
28.404898116,2475.0
28.431158681,2474.0
28.457419246,2484.0
28.483679811,2480.0
28.509940376,2512.0
28.536200941,2379.0
28.562461506,2392.0
28.588722071,2425.0
28.614982636,2368.0
28.641243201,2353.0
28.667503766,2295.0
28.693764331,2334.0
28.720024896,2285.0
28.746285461,2347.0
28.772546026,2183.0
28.798806591,2242.0
28.825067156,2238.0
28.851327721,2294.0
28.877588286,2226.0
28.903848851,2164.0
28.930109416,2179.0
28.956369981,2042.0
28.982630546,2160.0
29.008891111,2082.0
29.035151676,2139.0
29.061412241,2096.0
29.087672806,2099.0
29.113933371,2146.0
29.140193936,2106.0
29.166454501,2077.0
29.192715066,2068.0
29.218975631,2062.0
29.245236196,2098.0
29.271496761,1994.0
29.297757326,2073.0
29.324017891,1975.0
29.350278456,1986.0
29.376539021,2038.0
29.402799586,2014.0
29.429060151,1984.0
29.455320716,1945.0
29.481581281,1942.0
29.507841846,1889.0
29.534102411,1872.0
29.560362976,1981.0
29.586623541,1945.0
29.612884106,1923.0
29.639144672,1865.0
29.665405237,2021.0
29.691665802,1927.0
29.717926367,1780.0
29.744186932,1764.0
29.770447497,1894.0
29.796708062,1883.0
29.822968627,1942.0
29.849229192,1843.0
29.875489757,1899.0
29.901750322,1891.0
29.928010887,1854.0
29.954271452,1903.0
29.980532017,1834.0
30.006792582,1882.0
30.033053147,1834.0
30.059313712,1794.0
30.085574277,1763.0
30.111834842,1836.0
30.138095407,1782.0
30.164355972,1692.0
30.190616537,1707.0
30.216877102,1743.0
30.243137667,1752.0
30.269398232,1764.0
30.295658797,1772.0
30.321919362,1728.0
30.348179927,1796.0
30.374440492,1692.0
30.400701057,1750.0
30.426961622,1786.0
30.453222187,1737.0
30.479482752,1658.0
30.505743317,1774.0
30.532003882,1709.0
30.558264447,1638.0
30.584525012,1651.0
30.610785577,1691.0
30.637046142,1599.0
30.663306707,1705.0
30.689567272,1696.0
30.715827837,1627.0
30.742088402,1740.0
30.768348967,1685.0
30.794609532,1632.0
30.820870097,1644.0
30.847130662,1712.0
30.873391227,1620.0
30.899651792,1656.0
30.925912357,1691.0
30.952172922,1635.0
30.978433487,1610.0
31.004694052,1604.0
31.030954617,1657.0
31.057215182,1563.0
31.083475747,1663.0
31.109736312,1598.0
31.135996877,1608.0
31.162257442,1604.0
31.188518007,1628.0
31.214778572,1537.0
31.241039137,1614.0
31.267299702,1589.0
31.293560267,1538.0
31.319820832,1572.0
31.346081397,1532.0
31.372341962,1533.0
31.398602527,1515.0
31.424863092,1545.0
31.451123657,1598.0
31.477384222,1568.0
31.503644787,1548.0
31.529905352,1509.0
31.556165917,1573.0
31.582426482,1476.0
31.608687047,1567.0
31.634947612,1444.0
31.661208177,1507.0
31.687468742,1545.0
31.713729307,1593.0
31.739989872,1475.0
31.766250437,1525.0
31.792511002,1402.0
31.818771567,1479.0
31.845032132,1465.0
31.871292697,1450.0
31.897553262,1575.0
31.923813827,1368.0
31.950074392,1471.0
31.976334957,1417.0
32.002595522,1419.0
32.028856088,1457.0
32.055116653,1453.0
32.081377218,1452.0
32.107637783,1484.0
32.133898348,1412.0
32.160158913,1492.0
32.186419478,1432.0
32.212680043,1456.0
32.238940608,1362.0
32.265201173,1451.0
32.291461738,1414.0
32.317722303,1410.0
32.343982868,1461.0
32.370243433,1439.0
32.396503998,1431.0
32.422764563,1400.0
32.449025128,1385.0
32.475285693,1348.0
32.501546258,1361.0
32.527806823,1391.0
32.554067388,1346.0
32.580327953,1407.0
32.606588518,1364.0
32.632849083,1270.0
32.659109648,1333.0
32.685370213,1308.0
32.711630778,1360.0
32.737891343,1366.0
32.764151908,1386.0
32.790412473,1473.0
32.816673038,1339.0
32.842933603,1285.0
32.869194168,1382.0
32.895454733,1340.0
32.921715298,1338.0
32.947975863,1380.0
32.974236428,1316.0
33.000496993,1376.0
33.026757558,1314.0
33.053018123,1390.0
33.079278688,1369.0
33.105539253,1278.0
33.131799818,1331.0
33.158060383,1388.0
33.184320948,1373.0
33.210581513,1349.0
33.236842078,1331.0
33.263102643,1347.0
33.289363208,1342.0
33.315623773,1283.0
33.341884338,1256.0
33.368144903,1346.0
33.394405468,1279.0
33.420666033,1299.0
33.446926598,1326.0
33.473187163,1345.0
33.499447728,1254.0
33.525708293,1250.0
33.551968858,1281.0
33.578229423,1327.0
33.604489988,1290.0
33.630750553,1250.0
33.657011118,1295.0
33.683271683,1276.0
33.709532248,1266.0
33.735792813,1246.0
33.762053378,1343.0
33.788313943,1246.0
33.814574508,1235.0
33.840835073,1271.0
33.867095638,1262.0
33.893356203,1220.0
33.919616768,1290.0
33.945877333,1296.0
33.972137898,1327.0
33.998398463,1214.0
34.024659028,1197.0
34.050919593,1217.0
34.077180158,1250.0
34.103440723,1210.0
34.129701288,1232.0
34.155961853,1254.0
34.182222418,1244.0
34.208482983,1229.0
34.234743548,1240.0
34.261004113,1176.0
34.287264678,1215.0
34.313525243,1256.0
34.339785808,1181.0
34.366046373,1269.0
34.392306938,1203.0
34.418567504,1181.0
34.444828069,1206.0
34.471088634,1240.0
34.497349199,1214.0
34.523609764,1321.0
34.549870329,1220.0
34.576130894,1212.0
34.602391459,1175.0
34.628652024,1241.0
34.654912589,1206.0
34.681173154,1168.0
34.707433719,1152.0
34.733694284,1208.0
34.759954849,1145.0
34.786215414,1143.0
34.812475979,1169.0
34.838736544,1200.0
34.864997109,1177.0
34.891257674,1256.0
34.917518239,1213.0
34.943778804,1213.0
34.970039369,1183.0
34.996299934,1177.0
35.022560499,1116.0
35.048821064,1301.0
35.075081629,1148.0
35.101342194,1135.0
35.127602759,1176.0
35.153863324,1151.0
35.180123889,1205.0
35.206384454,1189.0
35.232645019,1136.0
35.258905584,1149.0
35.285166149,1139.0
35.311426714,1170.0
35.337687279,1200.0
35.363947844,1188.0
35.390208409,1161.0
35.416468974,1156.0
35.442729539,1131.0
35.468990104,1095.0
35.495250669,1145.0
35.521511234,1116.0
35.547771799,1100.0
35.574032364,1119.0
35.600292929,1159.0
35.626553494,1169.0
35.652814059,1146.0
35.679074624,1097.0
35.705335189,1183.0
35.731595754,1141.0
35.757856319,1116.0
35.784116884,1154.0
35.810377449,1080.0
35.836638014,1192.0
35.862898579,1167.0
35.889159144,1135.0
35.915419709,1156.0
35.941680274,1168.0
35.967940839,1130.0
35.994201404,1085.0
36.020461969,1103.0
36.046722534,1088.0
36.072983099,1153.0
36.099243664,1118.0
36.125504229,1107.0
36.151764794,1078.0
36.178025359,1101.0
36.204285924,1158.0
36.230546489,1141.0
36.256807054,1076.0
36.283067619,1072.0
36.309328184,1047.0
36.335588749,1204.0
36.361849314,1057.0
36.388109879,1054.0
36.414370444,1115.0
36.440631009,1035.0
36.466891574,1119.0
36.493152139,1012.0
36.519412704,1145.0
36.545673269,1090.0
36.571933834,1117.0
36.598194399,1104.0
36.624454964,1091.0
36.650715529,1096.0
36.676976094,1031.0
36.703236659,1043.0
36.729497224,1126.0
36.755757789,1105.0
36.782018354,1100.0
36.808278919,1034.0
36.834539485,1060.0
36.860800050,1115.0
36.887060615,1058.0
36.913321180,1094.0
36.939581745,1052.0
36.965842310,1041.0
36.992102875,1032.0
37.018363440,1125.0
37.044624005,1025.0
37.070884570,1063.0
37.097145135,1094.0
37.123405700,1090.0
37.149666265,1105.0
37.175926830,1119.0
37.202187395,1046.0
37.228447960,1043.0
37.254708525,1021.0
37.280969090,1091.0
37.307229655,1021.0
37.333490220,1015.0
37.359750785,1082.0
37.386011350,1055.0
37.412271915,1033.0
37.438532480,1011.0
37.464793045,1040.0
37.491053610,1037.0
37.517314175,1010.0
37.543574740,1000.0
37.569835305,1030.0
37.596095870,991.0
37.622356435,1039.0
37.648617000,1015.0
37.674877565,1046.0
37.701138130,1083.0
37.727398695,1088.0
37.753659260,1096.0
37.779919825,1044.0
37.806180390,1049.0
37.832440955,1066.0
37.858701520,1042.0
37.884962085,987.0
37.911222650,1062.0
37.937483215,1021.0
37.963743780,1042.0
37.990004345,944.0
38.016264910,1053.0
38.042525475,978.0
38.068786040,986.0
38.095046605,1030.0
38.121307170,1018.0
38.147567735,973.0
38.173828300,1043.0
38.200088865,1050.0
38.226349430,979.0
38.252609995,1063.0
38.278870560,1021.0
38.305131125,971.0
38.331391690,1019.0
38.357652255,1001.0
38.383912820,1001.0
38.410173385,966.0
38.436433950,956.0
38.462694515,1036.0
38.488955080,1001.0
38.515215645,1000.0
38.541476210,1019.0
38.567736775,1022.0
38.593997340,951.0
38.620257905,1016.0
38.646518470,973.0
38.672779035,1031.0
38.699039600,991.0
38.725300165,1021.0
38.751560730,1018.0
38.777821295,1027.0
38.804081860,998.0
38.830342425,1020.0
38.856602990,1057.0
38.882863555,1033.0
38.909124120,1002.0
38.935384685,1013.0
38.961645250,1047.0
38.987905815,969.0
39.014166380,1015.0
39.040426945,941.0
39.066687510,981.0
39.092948075,951.0
39.119208640,931.0
39.145469205,952.0
39.171729770,985.0
39.197990335,1005.0
39.224250901,951.0
39.250511466,964.0
39.276772031,1016.0
39.303032596,953.0
39.329293161,960.0
39.355553726,972.0
39.381814291,978.0
39.408074856,1041.0
39.434335421,1040.0
39.460595986,969.0
39.486856551,1020.0
39.513117116,896.0
39.539377681,936.0
39.565638246,935.0
39.591898811,921.0
39.618159376,1015.0
39.644419941,910.0
39.670680506,937.0
39.696941071,950.0
39.723201636,894.0
39.749462201,908.0
39.775722766,929.0
39.801983331,928.0
39.828243896,997.0
39.854504461,964.0
39.880765026,899.0
39.907025591,969.0
39.933286156,972.0
39.959546721,923.0
39.985807286,930.0
40.012067851,875.0
40.038328416,925.0
40.064588981,990.0
40.090849546,927.0
40.117110111,945.0
40.143370676,914.0
40.169631241,992.0
40.195891806,940.0
40.222152371,923.0
40.248412936,969.0
40.274673501,973.0
40.300934066,962.0
40.327194631,928.0
40.353455196,909.0
40.379715761,939.0
40.405976326,952.0
40.432236891,943.0
40.458497456,885.0
40.484758021,886.0
40.511018586,966.0
40.537279151,904.0
40.563539716,890.0
40.589800281,924.0
40.616060846,909.0
40.642321411,934.0
40.668581976,929.0
40.694842541,904.0
40.721103106,922.0
40.747363671,985.0
40.773624236,913.0
40.799884801,924.0
40.826145366,939.0
40.852405931,865.0
40.878666496,919.0
40.904927061,946.0
40.931187626,914.0
40.957448191,950.0
40.983708756,905.0
41.009969321,1004.0
41.036229886,928.0
41.062490451,850.0
41.088751016,889.0
41.115011581,944.0
41.141272146,870.0
41.167532711,912.0
41.193793276,929.0
41.220053841,938.0
41.246314406,928.0
41.272574971,911.0
41.298835536,924.0
41.325096101,911.0
41.351356666,924.0
41.377617231,880.0
41.403877796,864.0
41.430138361,898.0
41.456398926,904.0
41.482659491,893.0
41.508920056,863.0
41.535180621,866.0
41.561441186,893.0
41.587701751,899.0
41.613962316,906.0
41.640222882,927.0
41.666483447,950.0
41.692744012,944.0
41.719004577,883.0
41.745265142,899.0
41.771525707,923.0
41.797786272,909.0
41.824046837,921.0
41.850307402,923.0
41.876567967,936.0
41.902828532,938.0
41.929089097,953.0
41.955349662,909.0
41.981610227,876.0
42.007870792,864.0
42.034131357,893.0
42.060391922,920.0
42.086652487,865.0
42.112913052,877.0
42.139173617,833.0
42.165434182,893.0
42.191694747,933.0
42.217955312,876.0
42.244215877,896.0
42.270476442,892.0
42.296737007,898.0
42.322997572,845.0
42.349258137,856.0
42.375518702,913.0
42.401779267,886.0
42.428039832,845.0
42.454300397,930.0
42.480560962,886.0
42.506821527,878.0
42.533082092,855.0
42.559342657,892.0
42.585603222,864.0
42.611863787,884.0
42.638124352,932.0
42.664384917,887.0
42.690645482,890.0
42.716906047,873.0
42.743166612,860.0
42.769427177,923.0
42.795687742,898.0
42.821948307,898.0
42.848208872,974.0
42.874469437,899.0
42.900730002,878.0
42.926990567,859.0
42.953251132,901.0
42.979511697,921.0
43.005772262,935.0
43.032032827,905.0
43.058293392,882.0
43.084553957,901.0
43.110814522,890.0
43.137075087,880.0
43.163335652,943.0
43.189596217,880.0
43.215856782,893.0
43.242117347,880.0
43.268377912,897.0
43.294638477,889.0
43.320899042,837.0
43.347159607,841.0
43.373420172,917.0
43.399680737,940.0
43.425941302,906.0
43.452201867,937.0
43.478462432,870.0
43.504722997,872.0
43.530983562,924.0
43.557244127,927.0
43.583504692,903.0
43.609765257,938.0
43.636025822,894.0
43.662286387,909.0
43.688546952,898.0
43.714807517,858.0
43.741068082,919.0
43.767328647,903.0
43.793589212,871.0
43.819849777,898.0
43.846110342,987.0
43.872370907,942.0
43.898631472,896.0
43.924892037,894.0
43.951152602,899.0
43.977413167,879.0
44.003673732,907.0
44.029934298,911.0
44.056194863,884.0
44.082455428,857.0
44.108715993,863.0
44.134976558,916.0
44.161237123,922.0
44.187497688,830.0
44.213758253,830.0
44.240018818,866.0
44.266279383,899.0
44.292539948,852.0
44.318800513,942.0
44.345061078,904.0
44.371321643,874.0
44.397582208,855.0
44.423842773,876.0
44.450103338,861.0
44.476363903,847.0
44.502624468,840.0
44.528885033,832.0
44.555145598,899.0
44.581406163,911.0
44.607666728,832.0
44.633927293,894.0
44.660187858,812.0
44.686448423,784.0
44.712708988,868.0
44.738969553,862.0
44.765230118,850.0
44.791490683,899.0
44.817751248,801.0
44.844011813,803.0
44.870272378,874.0
44.896532943,839.0
44.922793508,861.0
44.949054073,845.0
44.975314638,844.0
45.001575203,815.0
45.027835768,818.0
45.054096333,852.0
45.080356898,909.0
45.106617463,818.0
45.132878028,777.0
45.159138593,781.0
45.185399158,851.0
45.211659723,817.0
45.237920288,827.0
45.264180853,784.0
45.290441418,849.0
45.316701983,841.0
45.342962548,802.0
45.369223113,865.0
45.395483678,763.0
45.421744243,816.0
45.448004808,832.0
45.474265373,823.0
45.500525938,817.0
45.526786503,790.0
45.553047068,875.0
45.579307633,810.0
45.605568198,792.0
45.631828763,811.0
45.658089328,820.0
45.684349893,761.0
45.710610458,819.0
45.736871023,791.0
45.763131588,814.0
45.789392153,860.0
45.815652718,843.0
45.841913283,784.0
45.868173848,837.0
45.894434413,728.0
45.920694978,814.0
45.946955543,789.0
45.973216108,753.0
45.999476673,777.0
46.025737238,798.0
46.051997803,777.0
46.078258368,770.0
46.104518933,759.0
46.130779498,734.0
46.157040063,755.0
46.183300628,848.0
46.209561193,806.0
46.235821758,824.0
46.262082323,837.0
46.288342888,843.0
46.314603453,805.0
46.340864018,750.0
46.367124583,793.0
46.393385148,769.0
46.419645714,725.0
46.445906279,773.0
46.472166844,772.0
46.498427409,771.0
46.524687974,779.0
46.550948539,775.0
46.577209104,741.0
46.603469669,765.0
46.629730234,800.0
46.655990799,700.0
46.682251364,748.0
46.708511929,754.0
46.734772494,756.0
46.761033059,730.0
46.787293624,754.0
46.813554189,730.0
46.839814754,720.0
46.866075319,759.0
46.892335884,747.0
46.918596449,756.0
46.944857014,762.0
46.971117579,756.0
46.997378144,742.0
47.023638709,761.0
47.049899274,715.0
47.076159839,705.0
47.102420404,755.0
47.128680969,738.0
47.154941534,700.0
47.181202099,780.0
47.207462664,788.0
47.233723229,694.0
47.259983794,733.0
47.286244359,739.0
47.312504924,716.0
47.338765489,748.0
47.365026054,707.0
47.391286619,719.0
47.417547184,697.0
47.443807749,756.0
47.470068314,702.0
47.496328879,740.0
47.522589444,690.0
47.548850009,767.0
47.575110574,683.0
47.601371139,696.0
47.627631704,709.0
47.653892269,734.0
47.680152834,695.0
47.706413399,726.0
47.732673964,715.0
47.758934529,672.0
47.785195094,703.0
47.811455659,707.0
47.837716224,687.0
47.863976789,656.0
47.890237354,655.0
47.916497919,643.0
47.942758484,656.0
47.969019049,701.0
47.995279614,677.0
48.021540179,661.0
48.047800744,656.0
48.074061309,669.0
48.100321874,712.0
48.126582439,698.0
48.152843004,732.0
48.179103569,708.0
48.205364134,712.0
48.231624699,664.0
48.257885264,672.0
48.284145829,682.0
48.310406394,635.0
48.336666959,696.0
48.362927524,650.0
48.389188089,686.0
48.415448654,676.0
48.441709219,647.0
48.467969784,624.0
48.494230349,649.0
48.520490914,631.0
48.546751479,642.0
48.573012044,647.0
48.599272609,684.0
48.625533174,649.0
48.651793739,702.0
48.678054304,676.0
48.704314869,639.0
48.730575434,667.0
48.756835999,706.0
48.783096564,642.0
48.809357129,625.0
48.835617695,632.0
48.861878260,673.0
48.888138825,598.0
48.914399390,692.0
48.940659955,656.0
48.966920520,643.0
48.993181085,668.0
49.019441650,627.0
49.045702215,639.0
49.071962780,640.0
49.098223345,645.0
49.124483910,684.0
49.150744475,621.0
49.177005040,618.0
49.203265605,652.0
49.229526170,608.0
49.255786735,631.0
49.282047300,656.0
49.308307865,652.0
49.334568430,611.0
49.360828995,647.0
49.387089560,663.0
49.413350125,606.0
49.439610690,591.0
49.465871255,628.0
49.492131820,605.0
49.518392385,628.0
49.544652950,586.0
49.570913515,596.0
49.597174080,596.0
49.623434645,609.0
49.649695210,645.0
49.675955775,672.0
49.702216340,631.0
49.728476905,619.0
49.754737470,693.0
49.780998035,644.0
49.807258600,595.0
49.833519165,663.0
49.859779730,590.0
49.886040295,619.0
49.912300860,633.0
49.938561425,583.0
49.964821990,560.0
49.991082555,625.0
50.017343120,630.0
