1803.2
1797.93
1793.51
1790.46
1795.73
1801.55
1799.59
1804.05
1805.46
1799.48
1807.34
1802.76
1798.53
1798.49
1802.87
1801.23
1798.27
1799.4
1798.53
1795.03
1797.41
1801.62
1804.84
1802.16
1807.7
1802.91
1798.31
1800.43
1798.2
1799.51
1799.56
1803.69
1799.37
1796.56
1798.87
1805.24
1809.15
1800.7
1796.42
1803.37
1801.41
1803.68
1801.7
1800.95
1797.17
1801.45
1799.15
1801
1798.01
1799.11
1803.33
1805.17
1799.95
1803.26
1800.57
1800.88
1799.13
1794.96
1797.56
1797.32
1799.28
1803.31
1800.99
1800.88
1799.53
1795.76
1797.88
1800.82
1802.15
1794.55
1801.5
1801.42
1794.41
1800.52
1805.79
1801.23
1803.69
1803.39
1802.79
1800.44
1801
1797.9
1803.43
1800.17
1792.59
1797.2
1802.97
1805.22
1798.13
1799.64
1792.62
1798.68
1802.42
1802.82
1799.89
1802.54
1800.53
1803.05
1799.07
1791.52
1800.68
1805.42
1808.1
1803.35
1804.68
1805
1801.24
1793.94
1795.52
1798.7
1805.37
1805.65
1805.01
1796.35
1804.59
1808.85
1799.46
1793.94
1797.12
1798.88
1800.84
1803.17
1796.83
1800.98
1801.87
1803.08
1805.8
1798.93
1800.37
1806.45
1803.21
1798.56
1802.41
1804.16
1800.06
1798.01
1805.18
1799.57
1796.76
1799.74
1800.15
1799.85
1798.65
1795.58
1793.1
1794.5
1802.17
1806.34
1803.6
1799.23
1797.67
1798.43
1799.37
1797.87
1797.83
1795.24
1802.49
1810.88
1804.47
1799.12
1802.26
1802.53
1798.41
1799.19
1799.43
1798.84
1798.63
1805.79
1808.92
1799.99
1798.44
1806.6
1806.59
1803.32
1800.25
1795.66
1793.87
1797.76
1796.64
1793.37
1796.56
1797.73
1801.18
1808.97
1800.02
1794.19
1799.23
1808.54
1799.02
1796.55
1798.84
1797.32
1798.41
1799.18
1794.67
1794.64
1797.54
1801.36
1805.84
1802.5
1796.29
1802.74
1804.72
1804.5
1806.05
1800.98
1801.16
1801.66
1796.54
1796.62
1794.97
1795.1
1791.34
1791.78
1799.5
1803.75
1801.43
1801.97
1805.06
1801.15
1798.6
1797.56
1793.34
1789.23
1800.86
1807.22
1800.68
1804.03
1799.49
1793.81
1793
1801.29
1799.12
1799.79
1802.71
1810.14
1808.25
1803.28
1800.38
1793.08
1796.48
1798.15
1802.18
1799.52
1797.84
1802.45
1798.72
1798.39
1794.46
1793.66
1796.21
1803.34
1805.24
1801.71
1791.68
1810.64
1805.86
1808.12
1808.38
1807.07
1808.77
1803.77
1800.25
1796.43
1805.42
1798.67
1798.84
1791.96
1794.22
1795.72
1792.94
1801.21
1797.48
1804.73
1805.36
1804.91
1803.45
1797.65
1795.14
1795.31
1796.42
1795.35
1799.84
1807.08
1802.26
1810.34
1805.79
1803.74
1804.19
1797.22
1795.81
1796.41
1796.87
1799.39
1798.86
1800.36
1801.44
1802.11
1796.63
1795.23
1798.4
1802.15
1796.9
1803.38
1807.42
1803.01
1801.21
1802.17
1802.26
1792.29
1801.41
1797.54
1798.24
1799.8
1804.92
1802.6
1804.65
1802.77
1806.92
1800.37
1802.82
1795.27
1791.08
1797.34
1804.33
1795.44
1796.2
1801
1796.36
1804.12
1799.26
1796.91
1796.06
1799.63
1807.03
1809.71
1803.75
1800.15
1793.89
1795.72
1798.58
1800.14
1799.33
1808.35
1804.1
1791.45
1794.86
1799.22
1800.43
1795.22
1797.26
1792.37
1800.96
1799.83
1801.17
1803.9
1802.38
1800.11
1798.15
1797.38
1800.64
1802.4
1794.15
1798.74
1802.83
1807.76
1802.95
1805.2
1798.56
1801.1
1806
1804.25
1804.87
1798.6
1798.72
1803.07
1803.85
1807.12
1800.29
1804.2
1805.3
1803.96
1792.36
1792.45
1800.11
1792.81
1799.09
1797.77
1804.06
1805.19
1803.13
1805.54
1801.35
1797.38
1796
1800.76
1791.74
1797.49
1802.62
1804.03
1795.65
1789.28
1801.34
1800.27
1790.99
1789.99
1795.81
1801.4
1801.41
1806.37
1802.68
1794.85
1795.79
1802.06
1805.97
1797.8
1797.55
1795.5
1804.53
1801.56
1801.53
1797.06
1792.03
1796.19
1794.75
1801.1
1801.19
1799.2
1795.36
1804.58
1803.14
1804.26
1802.13
1799.15
1797.93
1800.58
1799.32
1795.88
1804.28
1801.89
1799.79
1793.52
1801.31
1800.61
1802.21
1791.62
1797.89
1804.81
1806.06
1804.2
1803.23
1799.92
1798.76
1803.98
1801.59
1801.94
1801.28
1802.22
1807.1
1802.44
1799.76
1798.73
1792.42
1799.32
1798.73
1799.64
1792.98
1793.04
1802.88
1807.22
1799.81
1791.88
1795.34
1801.26
1797.94
1799.09
1806.52
1804.23
1808.4
1803.3
1805.72
1797.49
1796.75
1798.52
1799.25
1797.57
1805.12
1805.1
1799.76
1800.16
1796.7
1791.07
1794.02
1790.78
1797.09
1796.47
1803.42
1796.82
1800.06
1801.16
1801.52
