0.431021
0.431052
0.426292
0.426593
0.430574
0.426228
0.427913
0.424127
0.426385
0.423239
0.421479
0.421774
0.421606
0.418602
0.424028
0.426473
0.423792
0.422935
0.42711
0.425016
0.422421
0.428624
0.432283
0.432126
0.43231
0.424933
0.431948
0.427725
0.422047
0.431533
0.428022
0.429025
0.419841
0.423159
0.427721
0.425397
0.427428
0.428909
0.425193
0.428033
0.427389
0.430111
0.424697
0.422931
0.418013
0.421843
0.420371
0.42376
0.421915
0.424342
0.426437
0.428207
0.429487
0.431396
0.431167
0.42835
0.426843
0.430999
0.429586
0.427596
0.429918
0.434859
0.429608
0.425804
0.428753
0.423888
0.427512
0.425107
0.425387
0.42879
0.425183
0.424353
0.420585
0.425507
0.431026
0.423204
0.423455
0.425337
0.417907
0.424313
0.422841
0.420129
0.423223
0.422576
0.427024
0.426385
0.430265
0.429818
0.427197
0.42936
0.428512
0.432009
0.432233
0.429708
0.43007
0.428282
0.429197
0.431196
0.427643
0.424623
0.425219
0.426638
0.426316
0.42843
0.425601
0.423066
0.419815
0.417196
0.415702
0.419606
0.423631
0.42326
0.424547
0.421344
0.42712
0.431363
0.42644
0.42666
0.423747
0.430886
0.431438
0.431479
0.428381
0.432759
0.426922
0.430929
0.431428
0.430515
0.425316
0.427373
0.420408
0.419514
0.424514
0.418998
0.420088
0.419504
0.424434
0.422019
0.419185
0.421997
0.425611
0.423688
0.42325
0.424066
0.419115
0.419091
0.429945
0.425029
0.426103
0.423937
0.424036
0.425352
0.432158
0.429026
0.42766
0.428116
0.428894
0.430499
0.431471
0.429316
0.42938
0.431164
0.431323
0.426405
0.428211
0.427155
0.428664
0.426249
0.422947
0.423001
0.426342
0.427318
0.426345
0.42771
0.42598
0.420531
0.424044
0.431305
0.425398
0.42521
0.427957
0.428511
0.422952
0.422882
0.426183
0.424378
0.423261
0.430421
0.425426
0.424089
0.425961
0.42284
0.426268
0.42408
0.42676
0.430484
0.427577
0.427029
0.425228
0.423026
0.428099
0.427015
0.429297
0.426561
0.425084
0.423882
0.425098
0.426825
0.424235
0.420807
0.417997
0.419533
0.421255
0.416642
0.420998
0.427614
0.424653
0.42251
0.421884
0.426226
0.424339
0.424326
0.420951
0.428216
0.431603
0.433934
0.42754
0.430092
0.434801
0.427331
0.429047
0.430579
0.430992
0.429854
0.427421
0.428497
0.429863
0.425408
0.423113
0.426068
0.426105
0.423935
0.422221
0.423887
0.425826
0.425835
0.42871
0.425177
0.422749
0.420067
0.423281
0.422819
0.431011
0.429689
0.431189
0.434483
0.436357
0.433474
0.436095
0.430375
0.429735
0.431774
0.428813
0.424855
0.428964
0.424075
0.420435
0.418522
0.419427
0.41982
0.420886
0.424764
0.422542
0.424945
0.426935
0.429812
0.42056
0.424131
0.427058
0.429715
0.431733
0.423291
0.421461
0.424143
0.425596
0.426284
0.422296
0.424081
0.426397
0.424191
0.426267
0.427485
0.424039
0.430677
0.430028
0.429104
0.433658
0.427806
0.42823
0.426586
0.42393
0.427185
0.425517
0.425977
0.42476
0.421714
0.423507
0.424018
0.425743
0.419059
0.423541
0.427984
0.428043
0.428555
0.424918
0.428999
0.430661
0.429706
0.431495
0.430553
0.428582
0.427832
0.423021
0.428745
0.427719
0.428262
0.423175
0.425979
0.424628
0.425226
0.424058
0.426155
0.417927
0.420904
0.426016
0.426328
0.426414
0.427479
0.424117
0.423433
0.422575
0.428684
0.429953
0.430541
0.426841
0.424189
0.426898
0.429092
0.431017
0.426641
0.430473
0.42533
0.426453
0.429238
0.421363
0.423008
0.426537
0.426185
0.422108
0.423579
0.42713
0.426717
0.424075
0.425266
0.428454
0.42595
0.428893
0.421168
0.422781
0.426671
0.425995
0.424188
0.426967
0.428251
0.426447
0.423087
0.423362
0.426637
0.424935
0.42536
0.42412
0.418893
0.420749
0.420897
0.422085
0.420953
0.421652
0.421311
0.427748
0.425119
0.423197
0.422698
0.421136
0.429906
0.426676
0.424342
0.428526
0.428659
0.425819
0.426024
0.424862
0.425332
0.430029
0.427176
0.42479
0.425879
0.424661
0.426722
0.43146
0.435698
0.427272
0.418523
0.424563
0.429459
0.426891
0.422644
0.424658
0.423739
0.422718
0.424024
0.423462
0.422547
0.419352
0.422095
0.426953
0.432064
0.426633
0.423825
0.428825
0.430608
0.431516
0.423052
0.427861
0.423353
0.425244
0.427013
0.426812
0.430081
0.427537
0.425531
0.425637
0.426232
0.423701
0.421284
0.420258
0.414784
0.420212
0.420803
0.422566
0.422389
0.426582
0.419695
0.421053
0.426854
0.420978
0.42307
0.42393
0.42349
0.429561
0.428584
0.423559
0.421818
0.421265
0.425437
0.422507
0.428101
0.424713
0.424958
0.425123
0.427913
0.428685
0.420313
0.422187
0.422462
0.426482
0.424969
0.425566
0.424974
0.422554
0.419668
0.419579
0.421038
0.42545
0.422824
0.422463
0.427584
0.431665
0.432487
0.429809
0.431454
0.428989
0.425035
0.424671
0.421699
0.425879
0.427356
0.428776
0.429209
0.426075
0.424898
0.433403
