0.701436
0.702931
0.705307
0.70559
0.704485
0.703067
0.702635
0.704192
0.702807
0.703306
0.702288
0.704169
0.70524
0.70393
0.70357
0.703444
0.703962
0.703811
0.703176
0.704288
0.703879
0.701469
0.70093
0.701184
0.700115
0.701287
0.702245
0.702164
0.702924
0.702149
0.701677
0.700814
0.702647
0.703439
0.70295
0.702089
0.701093
0.703335
0.703993
0.703996
0.704276
0.70447
0.704031
0.704607
0.706517
0.704054
0.704934
0.704016
0.703933
0.703835
0.702722
0.702153
0.701613
0.700825
0.70197
0.70114
0.702054
0.703019
0.702226
0.702376
0.701683
0.699844
0.700638
0.701419
0.702036
0.703016
0.703294
0.701784
0.70289
0.705086
0.70401
0.703817
0.705366
0.704259
0.702974
0.704153
0.703735
0.703756
0.704304
0.703883
0.704756
0.704545
0.701758
0.702832
0.703317
0.702026
0.699569
0.700296
0.701471
0.701819
0.703986
0.702917
0.701011
0.701251
0.702211
0.702808
0.702864
0.702696
0.703858
0.705724
0.703952
0.701609
0.702922
0.702566
0.702535
0.704382
0.705072
0.707102
0.707237
0.706218
0.703442
0.703271
0.704281
0.704888
0.703159
0.701652
0.703498
0.704698
0.704037
0.702429
0.700758
0.699918
0.701868
0.700929
0.700362
0.699265
0.700001
0.701486
0.702223
0.700403
0.701699
0.703195
0.70355
0.704061
0.703821
0.7048
0.702896
0.70455
0.705336
0.704586
0.703303
0.704134
0.704864
0.705865
0.706249
0.70629
0.702415
0.701129
0.701708
0.702935
0.703557
0.703731
0.702674
0.702367
0.703051
0.702302
0.702582
0.699963
0.700704
0.702669
0.702563
0.702748
0.703262
0.704338
0.703703
0.703882
0.70296
0.700686
0.700639
0.703703
0.703661
0.702053
0.702091
0.702189
0.703476
0.705457
0.705902
0.704065
0.703654
0.70475
0.70412
0.703988
0.702207
0.701535
0.702358
0.70299
0.702483
0.700865
0.702824
0.70347
0.702724
0.703182
0.703001
0.703484
0.704533
0.70386
0.703966
0.702528
0.701585
0.702872
0.704665
0.702552
0.701923
0.701736
0.701823
0.703026
0.703367
0.703645
0.704012
0.704995
0.705746
0.706342
0.706618
0.706441
0.703883
0.701567
0.702534
0.70452
0.702405
0.703069
0.704626
0.705432
0.707128
0.70603
0.702806
0.699799
0.700129
0.69985
0.702237
0.704372
0.703109
0.700608
0.702256
0.703339
0.701104
0.700122
0.700224
0.702855
0.703515
0.704895
0.704834
0.703724
0.703423
0.703804
0.702947
0.70215
0.702883
0.703237
0.704122
0.70465
0.704024
0.702428
0.701451
0.702058
0.702708
0.698915
0.700497
0.699774
0.699389
0.698616
0.699656
0.700984
0.703492
0.70377
0.700913
0.703492
0.704033
0.704861
0.705725
0.705064
0.705655
0.704706
0.704467
0.70362
0.702683
0.703408
0.705409
0.706542
0.707165
0.705118
0.704139
0.705582
0.703109
0.701808
0.701761
0.699846
0.700141
0.70191
0.702005
0.704086
0.704566
0.703339
0.703552
0.702769
0.70383
0.702239
0.702551
0.702032
0.703673
0.70404
0.703732
0.703052
0.702674
0.701916
0.702358
0.701898
0.702861
0.702801
0.703084
0.70555
0.703591
0.704076
0.703201
0.703139
0.702097
0.701634
0.701247
0.702031
0.700664
0.702197
0.703871
0.704326
0.706032
0.703603
0.702175
0.70362
0.704201
0.702695
0.70336
0.701588
0.70352
0.703969
0.705067
0.70404
0.702633
0.700557
0.701979
0.702569
0.703422
0.704559
0.703623
0.702149
0.701627
0.701442
0.701277
0.704875
0.704306
0.703036
0.701441
0.703166
0.702328
0.704551
0.701132
0.70202
0.702483
0.702114
0.702557
0.702356
0.703612
0.704316
0.703143
0.703824
0.705064
0.704658
0.703304
0.701179
0.702584
0.70439
0.704857
0.703899
0.702668
0.702519
0.70107
0.704415
0.705051
0.703559
0.702315
0.701611
0.702068
0.70215
0.703418
0.703441
0.707469
0.706428
0.70444
0.706334
0.705163
0.704942
0.702127
0.701765
0.702588
0.701841
0.703652
0.704805
0.705454
0.70462
0.705519
0.703745
0.703742
0.702621
0.703757
0.704547
0.701503
0.701507
0.703877
0.703643
0.702521
0.701472
0.700722
0.700027
0.702128
0.704062
0.703468
0.701658
0.701194
0.703507
0.704096
0.704837
0.702596
0.702791
0.703723
0.704459
0.706647
0.705213
0.705776
0.703599
0.70318
0.703906
0.70425
0.701334
0.701403
0.702041
0.702721
0.703116
0.703125
0.702554
0.703667
0.704519
0.703254
0.703436
0.703259
0.704624
0.703326
0.703406
0.703536
0.706392
0.704406
0.702625
0.702059
0.702353
0.703264
0.70448
0.704583
0.703597
0.703124
0.703587
0.703733
0.70289
0.701491
0.701535
0.701988
0.704095
0.704228
0.702808
0.701369
0.702326
0.704005
0.7036
0.700973
0.700299
0.70137
0.705031
0.705059
0.704601
0.703429
0.702011
0.703376
0.702788
0.701291
0.702142
0.702291
0.704607
0.704352
0.703208
0.703019
0.703176
0.701934
0.702141
0.702637
0.703049
0.70398
0.705824
0.705645
0.705874
0.703642
0.702771
0.701222
0.70362
0.703318
0.702914
0.701426
