70182.3
70033
69797
69769.1
69878.5
70019.5
70062.5
69907.6
70045.3
69995.7
70097.1
69909.9
69803.7
69933.5
69969.4
69981.9
69930.4
69945.4
70008.6
69898.1
69938.7
70178.9
70232.9
70207.5
70314.6
70197.2
70101.4
70109.5
70033.7
70111
70158.2
70244.6
70061.3
69982.4
70031.1
70116.9
70216.6
69992.7
69927.3
69927
69899.2
69880
69923.5
69866.4
69677.5
69921.3
69834
69925.1
69933.3
69943
70053.8
70110.5
70164.6
70243.4
70128.8
70211.9
70120.5
70024.2
70103.2
70088.4
70157.5
70341.9
70262.2
70184
70122.3
70024.5
69996.8
70147.4
70037.1
69819
69925.6
69944.9
69791.2
69901
70028.7
69911.4
69953
69950.9
69896.4
69938.2
69851.6
69872.5
70150
70042.8
69994.5
70123.2
70369.5
70296.4
70178.7
70143.9
69928
70034.3
70224.8
70200.8
70104.8
70045.3
70039.7
70056.4
69940.8
69755.8
69931.4
70164.9
70033.9
70069.4
70072.4
69888.7
69820.3
69619.8
69606.6
69707.1
69982.1
69999.1
69898.7
69838.6
70010.2
70160.6
69976.5
69857.3
69923
70083
70250.2
70334.5
70139
70233
70289.9
70400.1
70326.1
70177.2
70103.6
70285.8
70155.9
70006.7
69971.3
69920.6
69944.4
69847.2
70036.4
69872.1
69794.1
69868.4
69996
69913.3
69840.9
69741.9
69703.9
69699.9
70084.4
70213
70155.1
70032.6
69970.7
69953.4
70058.6
70089.2
70021.1
70095.7
70067.8
70329.9
70255.5
70059.1
70069.6
70051.2
70000
69893.1
69956.1
69938.4
70030.1
70257.4
70262
69956.2
69960.4
70120.5
70116.8
70106.9
69978.7
69782.2
69738.2
69920.1
69961
69852.2
69914.7
69927.8
70105.1
70172.3
70090.1
70027.1
70077.7
70239.4
70043.6
69979.4
70053.6
70008
70026
69978
69873.8
69940.6
69930
70073.1
70167.4
70038.8
69860.6
70070.7
70133.6
70152.3
70143.6
70023.5
69989.6
69962
69925.5
69827.9
69753.6
69694.8
69667.5
69685
69938.3
70169.1
70072.6
69875
70085.4
70019.2
69864.6
69784.7
69617.3
69725.6
70045.4
70346.4
70313.2
70341.3
70102.2
69889.7
70015.2
70265.2
70100.3
69992.4
70215.5
70314
70303.7
70040.5
69974.8
69837.8
69843.9
69954.1
69984
69946.1
70031.4
70110.9
70037.7
70002.5
69914.5
69862.1
69924.2
70083.1
70180.8
70120.1
70055.2
70435.4
70276.3
70349
70387.7
70465.6
70360.8
70227.5
69977.1
69949.5
70234.6
69977.1
69923.4
69841.2
69755.7
69821.1
69762.6
69856.6
69880.3
69964.4
70057.7
69985.5
69786.9
69675
69613.7
69815.8
69912.9
69769.9
70015.2
70145.1
70149.8
70341.6
70312.1
70134.8
70125.3
69918.1
69870.5
69992.4
69971.2
70049.1
69943.5
70102
70070.9
70122.7
69959.2
69922.7
69953.3
70020.9
70058.6
70134.3
70090.1
70136
70040
70045.9
70017.8
69773
69967.3
69919.1
70006.1
70012.3
70116.2
70162.4
70201.1
70122.8
70259.5
70106.1
69939.4
69894.3
69725.4
69966.1
70108.4
69964.4
69906.7
70056.5
69990.3
70167.1
69974.3
69929.7
69820.8
69922.6
70062.7
70270.3
70128
70069
69984.1
69871.2
69964.1
70111
70163.1
70181.6
70198.2
69839.8
69896.2
70022.6
70181.7
70009.5
70093.1
69872
70212.6
70123.9
70077.7
70114.5
70070.2
70090.4
69965.2
69895.3
70011.9
69944.1
69821.1
69861.4
69995.8
70208
70067.5
69888
69841.6
69936.7
70059.2
70074.1
70218.9
69885.4
69822.4
69970.5
70094.4
70164.8
70119.1
70110.9
69984.5
69982.2
69583.8
69686.3
69883
69695.6
69811.3
69833.2
70113.1
70149.3
70067.2
70141.8
69961.2
69846.8
69782.6
69865.1
69776
69952
69952.3
70063.9
69950.7
69872.3
70175.5
70175.2
69938.8
69962.1
70073.9
70178.7
70253.8
70323.5
70113
69920.4
69979.5
70160
70206.5
69975.6
69917.1
69843.6
70066.4
70046.9
69954.2
69881.1
69664.7
69806.4
69750.7
69966.4
70008.2
69936
69901.8
70192.4
70185.6
70121.8
70053.9
70014.5
70013.6
70070.5
69959.8
69875.2
70000.8
69982.7
70000.3
69864.8
69993.6
69985.7
69972.7
69689.8
69886.4
70063.5
70119.9
70090.6
69999.8
69879
69868.8
69966.7
70013.7
69967.6
69953.2
70037
70176.8
70172.4
70127
69917.2
69904
70045.3
70188.9
70093.3
69926.1
69966.4
70228.6
70296.2
70188.8
69824.4
69821.6
69867
69983.4
70124.7
69988.6
70047.3
70196.7
70111.7
70096.8
69866.4
69891.7
70005.4
70024.2
70008.6
70132.5
70111.7
70062.2
70021.2
69928.6
69746
69763.6
69741
69962.2
70048.9
70203.7
69964.4
69994.4
70034.6
70183.3
