1917.51
1913.5
1911.68
1920.3
1916.71
1905.39
1913.09
1918.68
1920.35
1918.87
1923.81
1930.1
1918.83
1919.89
1920.22
1912.06
1916.55
1912.54
1920.29
1922.51
1930.35
1924.71
1924.4
1913.79
1916.03
1917.69
1919.92
1917.3
1923.64
1915.67
1920.89
1915.71
1914.28
1919.06
1908.31
1908.49
1903.97
1903.92
1910.44
1916.79
1911.97
1921.84
1910.54
1914.07
1917.35
1916.5
1916.29
1915.09
1918.81
1914.22
1906.47
1922.57
1922.47
1915.37
1920.21
1910.4
1918.57
1924.39
1918.16
1915.31
1926.96
1924.61
1922.05
1916.66
1914.46
1913.23
1925.32
1919.66
1923.08
1926.56
1923.89
1921.31
1919.37
1916.82
1920.99
1921.06
1925.61
1921.46
1915.11
1920.05
1920.93
1923.51
1919.75
1915.85
1909.02
1912.86
1914.84
1915.86
1921.07
1926.32
1919.72
1926.7
1919.64
1913.41
1914.11
1922.08
1920.24
1910.14
1926.04
1926.76
1916.62
1906.88
1912.48
1915.9
1913.19
1918.43
1921.77
1921.61
1906.55
1909.51
1907.5
1910.88
1905.53
1911.08
1909.56
1911.28
1909.75
1915.04
1914.04
1914.66
1907.84
1908.52
1917.83
1914.82
1916.08
1911.62
1909.27
1910.89
1909.84
1910.35
1925.29
1917.3
1921.37
1919.39
1922.26
1907.06
1908.02
1910.2
1912.23
1913.46
1918.35
1924.74
1923.12
1920.57
1920.18
1921.05
1928.02
1913.49
1917.48
1918.99
1917.91
1919.53
1921.96
1908.47
1919.65
1918.3
1922.32
1916.98
1926.9
1920.46
1920.16
1926.26
1926.42
1911.76
1912.69
1912.93
1919.96
1916.51
1912.05
1911.72
1912.7
1924.29
1925.19
1912.85
1919.31
1910.36
1910.64
1915.88
1919.44
1910.4
1915.36
1916.4
1914.66
1906.27
1915.32
1911.98
1914.04
1912.86
1920.9
1910.81
1922.72
1911.08
1913.52
1907.75
1918.83
1916.31
1918.43
1920.2
1927.56
1914.99
1913.84
1915.83
1915.86
1914.01
1932.23
1920.02
1918.62
1916.86
1921.87
1909.85
1910.11
1917.52
1925.18
1917.07
1917.12
1921.31
1925.42
1917.69
1912.38
1917.24
1919.3
1919.26
1919.97
1921.88
1922.47
1911.92
1912.86
1922.93
1925.37
1925.12
1914.15
1921.96
1920.72
1925.71
1912.82
1922.56
1923.95
1917.79
1918.92
1922.84
1907.06
1912.03
1920.05
1928.24
1922.23
1916.84
1918.48
1917.55
1911.39
1911.08
1914.47
1915.97
1918.05
1915.59
1909.04
1918.89
1916.26
1912.68
1912.91
1915.61
1907.27
1919.52
1924.42
1919.15
1911.68
1910.43
1910.17
1911.47
1915.01
1917.91
1922.12
1914.35
1922.8
1924.03
1915.47
1911.49
1920.03
1922.04
1921.75
1917.55
1921.58
1912.41
1912.35
1915.39
1914.53
1927.04
1925.59
1916.04
1919.88
1917.64
1918.16
1924.4
1918.44
1917.56
1917.32
1914.02
1915.28
1918.75
1922
1921.14
1920.94
1917.51
1925.99
1908.77
1916.92
1916.51
1928.93
1919.55
1914.25
1911.77
1913.72
1907.57
1918.7
1927.96
1927.85
1918.33
1914.64
1908.25
1913.34
1909.52
1919.18
1908.66
1919.29
1918.54
1906.34
1907.44
1914.89
1921.8
1915.45
1918.91
1919.81
1924.47
1913.87
1919.68
1922.16
1926.4
1923.84
1914.31
1904.69
1921.43
1920.57
1919.38
1916.96
1916.59
1913.57
1906.45
1912.88
1918.17
1919.53
1916.23
1921.18
1927.81
1920.51
1916.63
1917.3
1909.63
1908.45
1911.9
1921.05
1917.24
1922.89
1915.25
1919.21
1915.13
1907.18
1916.47
1912.85
1927.17
1919.21
1917.82
1913.88
1923.57
1918.01
1913.69
1916.76
1916.13
1921.7
1911.51
1916.7
1926.61
1919.4
1915.09
1915.15
1922.16
1925.26
1916.15
1909.52
1903.71
1905.43
1919.92
1915.28
1921.97
1922.09
1913.4
1907.95
1909.54
1917.53
1907.12
1910.82
1918.65
1924.07
1925.29
1925.17
1912.37
1905.35
1916.66
1917.25
1923.54
1919.4
1924.7
1919.34
1916.85
1912.08
1906.43
1912.83
1929.62
1917.85
1912.48
1915.9
1915.54
1921.09
1921.39
1914.26
1912.63
1914.32
1913.62
1913.59
1924.08
1930.08
1926.66
1921.69
1924.02
1911.5
1913.05
1916.86
1917.9
1918.22
1917.89
1925.44
1915.02
1919.75
1923.39
1929.6
1926.18
1916.04
1916.33
1921.72
1921.61
1918.9
1912.53
1920.49
1923.91
1928.3
1917.07
1919.28
1914.33
1922.3
1914.18
1910.48
1911
1912.13
1914.8
1915.01
1905.68
1914.94
1914.63
1912.43
1912.43
1918.96
1916.96
1919.62
1906.13
1911.1
1912.06
1917.48
1924.29
1924.71
1922.21
1917.98
1910.44
1911.67
1914.44
1918.08
1920.69
1915.61
1918.37
1912.44
1910.77
1921.28
1919.54
1915.99
1917.68
1921.21
1918.41
1928.38
1918.63
1926.15
1916.64
1918.7
1917.93
1918.07
