0.452876
0.450609
0.456776
0.460586
0.457294
0.456271
0.458487
0.454664
0.456285
0.459041
0.458591
0.463587
0.458311
0.459877
0.460296
0.457755
0.4576
0.456843
0.46246
0.462728
0.458913
0.458047
0.454344
0.450765
0.454745
0.451829
0.444699
0.444825
0.446223
0.445447
0.444203
0.449057
0.445375
0.440327
0.443078
0.437318
0.436472
0.436972
0.442446
0.443676
0.439243
0.438431
0.443795
0.442906
0.445613
0.44652
0.441014
0.443693
0.446285
0.444233
0.440066
0.443729
0.444492
0.440099
0.446039
0.447608
0.44498
0.446943
0.445905
0.44927
0.453007
0.454287
0.454121
0.448009
0.449024
0.449812
0.460373
0.462508
0.458602
0.459393
0.45765
0.455261
0.457216
0.455821
0.457071
0.460065
0.458462
0.455946
0.457629
0.457119
0.459028
0.462905
0.456511
0.450984
0.451554
0.455398
0.457124
0.451754
0.455681
0.453822
0.452528
0.450734
0.451911
0.448003
0.447285
0.44797
0.445534
0.448526
0.454594
0.45097
0.446851
0.445242
0.460445
0.457609
0.455621
0.455236
0.458154
0.460518
0.451654
0.454802
0.452362
0.453584
0.448063
0.44966
0.445413
0.44632
0.447677
0.448215
0.448158
0.444937
0.446204
0.44625
0.444955
0.441724
0.440425
0.444345
0.443985
0.441724
0.440663
0.441404
0.441481
0.452709
0.448569
0.444851
0.443558
0.44314
0.44697
0.44178
0.444064
0.444981
0.446319
0.453569
0.454361
0.454849
0.45853
0.464306
0.461039
0.453722
0.456877
0.45664
0.461163
0.459624
0.456319
0.451297
0.458677
0.460417
0.456319
0.455085
0.462292
0.45741
0.456692
0.458285
0.46015
0.457151
0.452584
0.450661
0.459062
0.461168
0.460943
0.457711
0.45784
0.455784
0.454282
0.449755
0.453974
0.458739
0.45099
0.443795
0.444571
0.45082
0.445972
0.443145
0.445092
0.443483
0.440329
0.445067
0.443678
0.439186
0.453328
0.445323
0.449956
0.449655
0.449818
0.44315
0.447311
0.448096
0.446095
0.445352
0.446049
0.437692
0.434928
0.43862
0.439927
0.440302
0.448494
0.45191
0.448525
0.454332
0.452921
0.44754
0.452422
0.459123
0.458692
0.460959
0.463233
0.459332
0.459662
0.45977
0.460916
0.459084
0.464121
0.463039
0.459896
0.461791
0.458729
0.46456
0.463437
0.459282
0.457857
0.457248
0.455255
0.457641
0.455371
0.454687
0.454389
0.462938
0.45746
0.452149
0.453055
0.455848
0.448573
0.44876
0.448921
0.454742
0.450507
0.452702
0.443493
0.44317
0.443908
0.445099
0.447291
0.447522
0.448471
0.446097
0.44808
0.44867
0.445983
0.442434
0.442779
0.44754
0.443748
0.447304
0.447782
0.440781
0.442637
0.441888
0.445918
0.445881
0.446116
0.444533
0.446934
0.447956
0.456171
0.455935
0.445793
0.443715
0.444628
0.446499
0.453568
0.451989
0.458635
0.451324
0.452909
0.45875
0.455293
0.460907
0.462805
0.458331
0.458776
0.45726
0.459612
0.463786
0.45823
0.45322
0.454842
0.454526
0.45259
0.45665
0.451348
0.451292
0.454969
0.455167
0.453221
0.451127
0.455305
0.454955
0.453996
0.454969
0.450131
0.449975
0.444755
0.450139
0.453172
0.450806
0.449838
0.449469
0.453443
0.452512
0.446136
0.440851
0.445024
0.447071
0.445334
0.445901
0.448752
0.443295
0.446675
0.447517
0.447192
0.447765
0.449843
0.449344
0.448683
0.445523
0.451822
0.454999
0.453049
0.455876
0.44964
0.453662
0.449481
0.455333
0.453774
0.44959
0.441977
0.447397
0.44907
0.450886
0.453991
0.454928
0.454717
0.453191
0.456874
0.455537
0.4569
0.453924
0.45571
0.449652
0.451757
0.451309
0.455347
0.456918
0.45738
0.452259
0.45419
0.453106
0.453906
0.454002
0.454881
0.448999
0.450476
0.447852
0.448274
0.450847
0.447578
0.447931
0.44812
0.446392
0.443739
0.446455
0.445588
0.450509
0.448022
0.450593
0.454465
0.447371
0.447133
0.445674
0.441272
0.442869
0.44336
0.448604
0.44825
0.441586
0.439346
0.440443
0.440003
0.435101
0.441099
0.446446
0.448103
0.447576
0.44952
0.441295
0.436861
0.446599
0.443365
0.44887
0.45019
0.452119
0.451655
0.450487
0.452571
0.451262
0.454704
0.457555
0.454798
0.451837
0.454693
0.455676
0.457664
0.456591
0.453212
0.44976
0.45498
0.452995
0.44994
0.456078
0.453152
0.451782
0.451943
0.45031
0.448324
0.449098
0.448815
0.452721
0.458209
0.45123
0.455216
0.451924
0.453094
0.453211
0.458612
0.459793
0.456582
0.453296
0.46029
0.462528
0.458154
0.454484
0.456402
0.458279
0.455536
0.457147
0.456576
0.45779
0.454305
0.447839
0.446666
0.44514
0.45029
0.450869
0.456759
0.449668
0.457572
0.451652
0.440391
0.441585
0.4436
0.449822
0.449081
0.44239
0.436238
0.437914
0.439238
0.443857
0.449056
0.450865
0.443663
0.437364
0.438728
0.43945
0.439722
0.440009
0.436471
0.436355
0.440063
0.438331
0.438577
0.440502
0.444762
0.449113
0.451601
0.455971
0.457996
0.458346
0.459102
0.456085
0.45673
0.454656
0.452245
