0.669794
0.670944
0.670643
0.668713
0.669153
0.672115
0.670321
0.669359
0.669172
0.668059
0.667261
0.664384
0.668396
0.668295
0.668411
0.671393
0.670164
0.670544
0.668886
0.667778
0.666792
0.668054
0.66983
0.672931
0.672905
0.672821
0.673115
0.673673
0.673057
0.674229
0.674616
0.674747
0.674338
0.675255
0.677833
0.67914
0.680456
0.68044
0.678802
0.677672
0.677682
0.675896
0.678241
0.677344
0.677719
0.677087
0.677228
0.676144
0.674456
0.676072
0.678687
0.674585
0.675678
0.676363
0.675576
0.676186
0.676436
0.675701
0.675779
0.673686
0.671807
0.672115
0.672362
0.674093
0.673312
0.673614
0.669747
0.670258
0.668698
0.667548
0.669362
0.670677
0.670726
0.671317
0.67021
0.670196
0.668903
0.668939
0.670849
0.670139
0.668804
0.668244
0.670301
0.672603
0.673969
0.673403
0.673777
0.674408
0.672254
0.670601
0.671781
0.672236
0.674174
0.675591
0.675184
0.673408
0.67335
0.674803
0.671661
0.671885
0.675095
0.677534
0.675434
0.673792
0.674537
0.672179
0.672263
0.671707
0.674557
0.675019
0.674976
0.673892
0.6755
0.675325
0.675029
0.67515
0.675338
0.673783
0.674613
0.675751
0.67682
0.676751
0.675724
0.677648
0.675862
0.676652
0.6772
0.677648
0.677011
0.678139
0.674245
0.674458
0.673251
0.674382
0.674846
0.678491
0.677152
0.677562
0.675578
0.676433
0.674406
0.67171
0.672006
0.672751
0.672438
0.671252
0.670226
0.673687
0.671954
0.670842
0.670045
0.670113
0.669853
0.672137
0.67077
0.669683
0.669853
0.670204
0.668409
0.669713
0.669306
0.669162
0.668622
0.67228
0.672436
0.672346
0.670933
0.67076
0.673258
0.673642
0.673452
0.670639
0.670655
0.673701
0.674047
0.675039
0.676289
0.675987
0.674807
0.676545
0.676424
0.675475
0.676265
0.678718
0.676767
0.677052
0.677669
0.67701
0.675008
0.676663
0.674141
0.676815
0.67731
0.679228
0.676635
0.676195
0.676238
0.675121
0.674066
0.677797
0.677507
0.677884
0.676627
0.675295
0.671878
0.6727
0.674061
0.672783
0.67267
0.674801
0.67415
0.672297
0.670022
0.670341
0.669209
0.669088
0.667882
0.670626
0.670404
0.670175
0.668648
0.668771
0.669716
0.669134
0.669967
0.672321
0.672512
0.669885
0.669787
0.67068
0.672884
0.67156
0.67198
0.670791
0.672699
0.670356
0.669639
0.672345
0.671737
0.671277
0.676219
0.675937
0.673466
0.67071
0.671835
0.673732
0.674194
0.675437
0.676566
0.676254
0.675921
0.675572
0.674886
0.675488
0.67845
0.674586
0.674914
0.67656
0.676786
0.67629
0.677561
0.67441
0.672946
0.673804
0.676249
0.676643
0.678003
0.676563
0.67546
0.675616
0.673477
0.674174
0.672993
0.673342
0.675948
0.676109
0.673222
0.67264
0.672446
0.673321
0.670105
0.672835
0.672688
0.672843
0.672094
0.668247
0.669108
0.671276
0.671352
0.67139
0.670856
0.669131
0.671424
0.671491
0.672761
0.673962
0.6739
0.672288
0.672061
0.672144
0.672573
0.672281
0.670755
0.674607
0.672809
0.672594
0.66961
0.670376
0.673877
0.674852
0.674528
0.674607
0.672298
0.670651
0.670611
0.672646
0.673367
0.675488
0.676176
0.675966
0.674869
0.674762
0.673652
0.673543
0.676691
0.676749
0.674614
0.673345
0.673835
0.673717
0.673568
0.672833
0.674567
0.673366
0.668405
0.666668
0.668065
0.671236
0.673131
0.669368
0.669662
0.668375
0.671406
0.671723
0.673489
0.673525
0.672501
0.670531
0.671085
0.671169
0.669281
0.667856
0.669039
0.669539
0.67046
0.671919
0.672211
0.670147
0.6685
0.669164
0.667623
0.669704
0.669027
0.670708
0.67226
0.67166
0.671945
0.671069
0.672704
0.67335
0.674102
0.672841
0.673695
0.673547
0.673253
0.673467
0.673182
0.675042
0.67382
0.67196
0.673268
0.673312
0.674818
0.673927
0.672586
0.67431
0.67616
0.679122
0.678342
0.675143
0.675148
0.672456
0.67373
0.675594
0.677522
0.675835
0.674996
0.678003
0.677096
0.674213
0.672464
0.671766
0.672569
0.67453
0.676034
0.673983
0.673637
0.670573
0.670828
0.669441
0.671604
0.671865
0.672455
0.673667
0.671499
0.667315
0.670627
0.672071
0.671515
0.67153
0.670798
0.670184
0.671503
0.672951
0.672557
0.671825
0.672682
0.670207
0.667914
0.66994
0.670439
0.670649
0.67362
0.673943
0.674368
0.672232
0.671455
0.671498
0.671476
0.674154
0.673149
0.671505
0.669411
0.671317
0.674578
0.673585
0.67204
0.67167
0.672262
0.674024
0.672652
0.67208
0.671005
0.672285
0.671666
0.672797
0.672089
0.67435
0.675374
0.675443
0.674381
0.673515
0.673586
0.676054
0.673847
0.67456
0.675915
0.675596
0.674031
0.6736
0.673227
0.677381
0.677765
0.677454
0.676172
0.674392
0.674006
0.675738
0.676941
0.679831
0.680756
0.679638
0.678459
0.676502
0.678166
0.67682
0.677176
0.67681
0.674909
0.674231
0.674519
0.673921
0.671684
0.671827
0.670311
0.671254
0.670149
0.671659
0.66998
0.670104
0.669254
