70046.9
69926.9
69958.3
70160.2
70114
69805.1
69991.8
70092.4
70112
70228.8
70312.9
70617.3
70193.4
70204
70191.9
69880.2
70008.3
69968.6
70142
70258.4
70362.3
70229.4
70043.2
69720.4
69723.1
69731.8
69701.3
69643.6
69707.3
69586.2
69546.2
69532.8
69574.9
69480.4
69216.2
69083
68949.4
68951
69117.4
69232.6
69231.6
69414.6
69174.6
69266.1
69227.9
69292.4
69278
69389.1
69562.7
69396.5
69129.1
69549.4
69437
69366.6
69447.4
69384.8
69359.2
69434.6
69426.6
69642.3
69837.1
69805.1
69779.4
69600.2
69681
69649.7
70051.9
69998.4
70161.7
70282.6
70092.1
69954.7
69949.6
69888.1
70003.5
70005
70140.3
70136.4
69936.8
70010.9
70150.6
70209.5
69993.9
69754.4
69613
69671.5
69632.8
69567.7
69790.7
69962.6
69839.7
69792.4
69591.9
69445.9
69487.7
69671
69677.1
69527
69852.2
69829
69496.9
69246.8
69462
69631.3
69554.4
69798.4
69789.7
69847.5
69552.3
69504.8
69509.2
69621
69455.2
69473.3
69503.7
69491.2
69471.9
69632.2
69546.6
69429.5
69319.8
69326.9
69432.2
69235.1
69418.1
69337
69280.9
69235.1
69300.3
69185
69584.5
69562.5
69687.2
69570.4
69522.5
69149
69285.8
69243.9
69447.2
69359.5
69567.9
69847.1
69816.3
69739.1
69771.5
69894.8
70001.8
69642.1
69821.8
69937.5
70020.7
70013.6
70040.8
69802.7
69945
70058.6
70040.8
70004.1
70192.1
70055.5
70098
70113.1
70169.7
69787.9
69771.8
69781.1
69928
69946.1
69686.6
69646.9
69666.5
69958.7
69957
69640.7
69605
69502.7
69374.2
69405.2
69526.5
69348
69360.3
69457.8
69376.7
69125.9
69325.2
69296
69233
69300.3
69505.9
69335.9
69595.3
69320.3
69269.6
69074.1
69338.7
69383.9
69379.4
69494.2
69603
69219.9
69249.5
69211
69339.5
69476.4
69829.7
69744.3
69603.6
69735.8
69747.4
69527.2
69594.4
69786.2
70023.1
69989.8
70108.2
70120.9
70247.5
69960.1
69983.3
70007.2
70167
70154.1
70055.1
70116
70028.8
69783.7
69763.9
70037.4
70047.6
69954.5
69725.3
69862.8
69819.1
69942.9
69744.5
69988.2
70063.1
69781.1
69844.4
69892.2
69381.4
69410.3
69665
69951.3
69834.1
69637.5
69589.8
69461.7
69345.8
69377.8
69412
69447.8
69518.4
69456.5
69153.2
69549.4
69515.5
69346.5
69323.3
69374.1
69244
69567.5
69718.9
69630
69378.3
69338
69198.9
69346.1
69459.4
69443.4
69663.9
69591.9
69714
69677.8
69409.2
69392.6
69690.2
69750.6
69770.7
69680.1
70014.5
69730.3
69745.6
69729.6
69807.2
70209.1
70118.7
69892.3
69884.4
69880.4
69936
70116.4
69876.9
69870
69738
69613.8
69620.2
69787.1
69810.7
69802
69757.5
69787.8
69946.6
69547.2
69733
69755.4
70066.2
69986.2
69622.5
69521.9
69555.3
69547.2
69786.1
69957.4
69961.6
69750
69675.2
69456.5
69385.8
69407.4
69520.2
69531.2
69645.8
69657.1
69333
69327
69546.5
69677.6
69626.9
69639.1
69654.5
69730.6
69551.3
69675.4
70192.5
70375.4
70228.2
69896.5
69699.7
70091.6
70060.8
70195.7
69878.8
69845.8
69662.6
69658.9
69765
69969.9
69912.2
69903.4
70100.7
70250.2
70126
70073.6
69977.4
69825.5
69795.1
70010
70182.5
70112.8
70274.8
70056.3
70127.2
69951.5
69790
69852.3
69822.7
69913.9
69744
69677
69599.3
69729.7
69641.3
69656.7
69687.1
69665
69694.4
69502.4
69628.4
69821.1
69685.5
69681
69525.4
69617.3
69756.2
69577.8
69387.5
69084.9
69164.3
69492
69491.5
69769.6
69637.7
69445.6
69248
69420.8
69507.1
69198.9
69291.5
69587.8
69768.8
69841.3
69758
69555.1
69400.3
69611.5
69647.4
69965.5
69939
70083.9
69858.1
69831
69769.8
69644.3
69869.1
70307.2
69959.9
69809.6
69867.4
69865.9
69942.2
70006.2
69868.7
69718.3
69759.2
69835.1
69746.2
70003.8
70244.1
70031.7
69979.5
69957.6
69649.1
69615.7
69571.9
69793
69873.6
69869.2
69871.5
69593.9
69697.8
69868.5
70087
69888
69550.2
69652.8
69812.9
69851.3
69789.8
69607.4
69749.3
69808.7
69920.5
69787.4
69851.7
69734.3
69807.7
69573.8
69468.2
69461.1
69570.5
69660
69652.6
69398.3
69625.7
69552
69412.6
69445.3
69606.6
69651.2
69689.8
69262.4
69223.1
69254.9
69386.3
69569.4
69609.2
69430.8
69307.4
69012.8
68919
69032.4
69152.3
69352.4
69182.2
69319.8
69283.3
69320.8
69516
69586
69556.3
69618
69849.8
69835
69992.9
69894.6
70009.8
69852.5
70027.5
70014.6
70103.4
