1980.68
1974.44
1982.81
1988.88
1985.04
1979.39
1990.98
1987.2
1984.68
1985.32
1996.93
1992.36
1990.11
1991.54
1983.02
1986.49
1990.79
1990.48
1990.23
1983.6
1997.98
1986.67
1995.08
1985.21
1980.19
1983.35
1981.95
1973.15
1976.58
1970.34
1974.12
1970.73
1972.73
1980.24
1972.31
1960.41
1969.11
1979.34
1975.42
1977.59
1966.67
1976.5
1977.74
1986.7
1972.89
1975.6
1988.93
1991.19
1986.79
1985.59
1985.46
1984.35
1975.58
1978.28
1982.01
1974.31
1969.31
1973.54
1967.85
1968.91
1992.07
1980.43
1974.17
1971.74
1970.74
1974.98
1974.54
1987.16
1996.14
1992.33
1985.37
1985.11
1980.61
1975.2
1978.02
1977.49
1971.6
1965.81
1981.42
1979.97
1974.05
1975.32
1981.29
1968.93
1982.47
1998.02
1989.2
1970.64
1984.25
1980.42
1988.77
1987.69
1987.97
1986.72
1978.88
1989.04
1990.72
1972.81
1979.02
1985.26
1981.31
1971.76
1975.25
1985.64
1977.51
1982.16
1984.93
1987.96
1999.68
1992.56
1991.52
1987.63
1998.1
1987.9
1990.77
1980.29
1993.16
1992.9
1993.01
1985.77
1978.97
1987.65
1978.91
1978.24
1963.5
1986.32
1985.36
1980.46
1973.89
1977.46
1975.63
1973.69
1985.21
1993.11
1993.3
1986.69
1977.76
1984.3
1990.59
1989.41
1977.29
1985.76
1981.02
1978.24
1975.77
1977.07
1964.4
1985.35
1985.5
1984.54
1970.42
1970.47
1974.7
1977.67
1974.41
1975.01
1980.81
1981.37
1972.46
1968.93
1963.74
1979.13
1979.99
1980.01
1977.85
1973.35
1971.08
1977.61
1980.08
1979.57
1977.01
1989.27
1984.24
1987.54
1987.82
1987.82
1970.43
1986.54
1989.93
1989.55
1987.05
1974.4
1972.58
1977.97
1974.7
1982.61
1984.65
1985.79
1972.89
1970.89
1975.86
1979.02
1970.42
1979.06
1974.7
1986.88
1985.32
1988.16
1989.06
1980.8
1996.84
1993.22
1987.47
1986.04
1990.9
1996.3
1989.39
1979.63
1981.95
1987.67
1988.67
1982
1977.86
1979.8
1980.22
1984.01
1984.05
1975.98
1985.28
1989.15
1980.88
1978.69
1983.78
1989.32
1987.3
1979.43
1976.21
1975.42
1987.28
1988.64
1984.93
1991.56
1974.02
1964.58
1970.46
1976.83
1971.88
1977.55
1989.3
1986.59
1983.21
1986.84
1979.49
1979.47
1979.86
1981.41
1976.68
1975.32
1963.88
1978.15
1977.8
1972.58
1971.06
1986.18
1978.96
1979.9
1980.53
1984.32
1983.7
1983.47
1981.73
1980.94
1991.94
1989.71
1984
1987.3
1994.04
1987.43
1989.07
1983.47
1982.67
1985.09
1984.58
1987.49
1981.01
1979.44
1987.25
1986.7
1978.23
1987.67
1980.46
1994.46
1979.71
1970.85
1985.36
1986.47
1984.01
1984.5
1991.45
1987.32
1988.19
1984.64
1987.94
1976.1
1977.06
1977.07
1990.75
1989.68
1980.9
1970.56
1988.09
1988.22
1993.45
1982.21
1969.98
1976.88
1980.62
1989.71
1982.02
1982.2
1982.31
1991.44
1985.43
1979.03
1987.1
1993.97
1986.45
1974.23
1976.15
1982.42
1985.34
1974.73
1987.21
1992.86
1990.36
1981.47
1982.87
1979.1
1988.54
1986.07
1981.73
1990.12
1985.23
1992.63
1983.43
1988.61
1988.75
1990.07
1986.01
1993.85
1988.51
1979.33
1984.67
1984.02
1984.65
1995.57
1991.61
1989.76
1985.02
1989.31
1980.58
1974.92
1976.21
1984.36
1981.47
1965.73
1964.4
1962.41
1977.71
1973.44
1971.61
1964.68
1977.65
1966.24
1969.47
1980.03
1984.48
1988.66
1986.65
1984.07
1993.03
1983.8
1975.95
1989.55
1979.54
1984.87
1977.93
1987.69
1990.66
1986.25
1989.84
1999.02
1993.7
1979.59
1988
1981.21
1980.67
1987.3
1990.38
1996.9
1984.66
1968.3
1985.01
1984.04
1990.84
1987.65
1984.53
1997.78
1986.13
1976.27
1986.35
1987.35
1987.5
1984.76
1984.07
1980.31
1992.51
1977.84
1990.99
1997.65
1986.13
1982.25
1974.26
1978.87
1971.96
1984.21
1982.65
1977.51
1974.74
1977.52
1967.84
1983.08
1979.58
1980.89
1979.12
1972.64
1979.94
1980.25
1971.94
1978.62
1978.53
1976.82
1980.29
1976.35
1979.5
1980.74
1987.26
1981.37
1976.42
1979.2
1982.7
1992.29
1980.6
1978.04
1982.63
1980.14
1983.42
1978.72
1962.45
1965.48
1972.33
1968.86
1966.22
1970.74
1968.62
1972.85
1964.85
1977.47
1977.37
1959.65
1968.73
1976.05
1976.3
1974.49
1966.26
1968.73
1982.28
1983.01
1985.92
1983.16
1985.68
1983.25
1985.89
1990.1
1996.5
1982.49
1983.38
1988.64
1996.74
1994.92
1986.89
1979.56
1991.08
1985.6
1995.88
1991.54
1981.58
1975.56
1985.08
1969.81
1976.03
1970.07
1976.16
1979.18
1975.18
1980.2
1982.2
1963.55
1962.77
1972.67
1973.07
