0.447924
0.44985
0.451758
0.449579
0.448679
0.451779
0.458831
0.462577
0.45909
0.457203
0.461688
0.455327
0.458375
0.454411
0.454837
0.458427
0.457771
0.453779
0.458555
0.462168
0.462433
0.456365
0.460374
0.459748
0.455242
0.457025
0.459018
0.453815
0.456794
0.454332
0.457776
0.451635
0.450862
0.45664
0.448044
0.439865
0.444566
0.450897
0.446668
0.4474
0.445024
0.445077
0.445748
0.449148
0.442515
0.438303
0.448148
0.448639
0.446382
0.441006
0.440725
0.438355
0.440341
0.442295
0.449336
0.448613
0.446965
0.448196
0.44383
0.446506
0.446302
0.444927
0.444971
0.443756
0.449888
0.447928
0.447606
0.450774
0.452346
0.452922
0.454449
0.460855
0.454784
0.452873
0.454034
0.448105
0.444604
0.447592
0.443606
0.442493
0.440351
0.440114
0.449141
0.441206
0.446375
0.446807
0.450228
0.446847
0.445513
0.445521
0.448506
0.447651
0.452639
0.448494
0.444566
0.4509
0.451694
0.449547
0.452717
0.454101
0.452254
0.454068
0.454765
0.456624
0.45724
0.462154
0.463354
0.462518
0.46465
0.465111
0.465201
0.463142
0.466437
0.465114
0.46677
0.461452
0.464613
0.458345
0.457739
0.459897
0.45241
0.457005
0.455627
0.443423
0.439848
0.448046
0.452487
0.452328
0.451771
0.444865
0.449259
0.448606
0.45338
0.448259
0.448516
0.446602
0.445662
0.452167
0.446473
0.444562
0.444526
0.44231
0.447351
0.450053
0.44738
0.44684
0.443274
0.444982
0.454215
0.45042
0.443723
0.447759
0.450502
0.45357
0.446628
0.446475
0.448443
0.445105
0.44173
0.440855
0.439977
0.439619
0.442465
0.446869
0.442143
0.441923
0.448035
0.449147
0.448074
0.45233
0.450498
0.452656
0.450332
0.453044
0.457447
0.454639
0.452826
0.452723
0.455107
0.457253
0.455633
0.451635
0.449229
0.451545
0.449983
0.455608
0.454755
0.448703
0.448786
0.445016
0.444581
0.447014
0.442666
0.449106
0.445141
0.452058
0.453679
0.444968
0.449041
0.450724
0.449456
0.458011
0.456367
0.455395
0.454441
0.451488
0.451217
0.451155
0.452439
0.459324
0.457178
0.454144
0.456035
0.455997
0.454958
0.457896
0.454182
0.448248
0.454734
0.455093
0.455607
0.454731
0.455174
0.456118
0.451824
0.450323
0.452116
0.449696
0.45156
0.444506
0.448459
0.444988
0.438566
0.4421
0.443664
0.449237
0.446573
0.450292
0.444973
0.442208
0.446367
0.450007
0.453938
0.448623
0.446743
0.445904
0.442707
0.446291
0.443161
0.446168
0.440217
0.441766
0.444581
0.447049
0.44456
0.447398
0.443868
0.448355
0.452525
0.442594
0.447564
0.445332
0.452573
0.448746
0.450866
0.451423
0.447314
0.454564
0.452656
0.453168
0.451337
0.457631
0.456329
0.45969
0.458435
0.45082
0.459158
0.45962
0.454355
0.456923
0.454295
0.450447
0.451722
0.442315
0.452156
0.450886
0.450549
0.453312
0.452638
0.448806
0.44968
0.455622
0.457154
0.45395
0.449456
0.449843
0.446835
0.451326
0.445078
0.447085
0.444774
0.447705
0.446227
0.442972
0.444359
0.448716
0.451785
0.446977
0.443304
0.442913
0.449196
0.45178
0.454066
0.456971
0.459305
0.454653
0.452019
0.450956
0.448351
0.45295
0.457972
0.458179
0.458949
0.457658
0.450957
0.451837
0.44614
0.452042
0.451557
0.450405
0.448226
0.451895
0.454815
0.456666
0.457594
0.460321
0.46177
0.45713
0.454946
0.45596
0.457897
0.458433
0.456819
0.461669
0.455626
0.458875
0.459933
0.460991
0.453966
0.454152
0.445347
0.442861
0.443556
0.446442
0.439835
0.431433
0.439116
0.435827
0.435443
0.431278
0.433081
0.437309
0.442078
0.440158
0.44937
0.44452
0.450225
0.452454
0.448989
0.454169
0.454929
0.45301
0.4526
0.456178
0.451827
0.456829
0.457117
0.459704
0.45694
0.458067
0.458176
0.455218
0.457419
0.455374
0.453775
0.455066
0.453787
0.458535
0.456301
0.459641
0.452951
0.447804
0.454854
0.453755
0.46429
0.452088
0.458563
0.464076
0.455253
0.457502
0.454902
0.461173
0.456261
0.453555
0.457414
0.451926
0.454324
0.454089
0.455105
0.460289
0.461563
0.457022
0.45667
0.453226
0.45555
0.45701
0.454063
0.449031
0.444359
0.448723
0.448462
0.452341
0.448725
0.450096
0.448621
0.450221
0.454298
0.457932
0.460577
0.456623
0.45688
0.459248
0.458033
0.45669
0.457858
0.459472
0.462552
0.463229
0.460383
0.457523
0.456019
0.452045
0.451178
0.451455
0.451056
0.446946
0.442183
0.440953
0.440426
0.437583
0.444515
0.439724
0.434321
0.436217
0.432921
0.437026
0.43319
0.437867
0.43478
0.428672
0.43505
0.435077
0.438524
0.438882
0.434896
0.432948
0.443866
0.451171
0.442265
0.442969
0.44883
0.449338
0.454067
0.4596
0.45675
0.452001
0.455305
0.460367
0.459695
0.460349
0.45466
0.451514
0.458113
0.456893
0.455547
0.453868
0.451054
0.449655
0.454189
0.444179
0.449843
0.445005
0.445903
0.440388
0.444694
0.446536
0.450225
0.444846
0.44467
0.441466
0.448386
