0.660082
0.660962
0.659645
0.659877
0.6612
0.660352
0.657469
0.657909
0.65855
0.659079
0.656287
0.655938
0.656667
0.65726
0.658843
0.658774
0.657535
0.656707
0.655684
0.656327
0.654509
0.655178
0.653817
0.656157
0.657526
0.65642
0.656474
0.658858
0.65894
0.658843
0.658255
0.657611
0.657999
0.656972
0.659161
0.661566
0.659819
0.658688
0.660446
0.660855
0.662886
0.661309
0.661062
0.659768
0.663631
0.662403
0.659752
0.659031
0.660122
0.660611
0.660276
0.660044
0.661608
0.662453
0.660234
0.660554
0.661499
0.660426
0.661664
0.660685
0.657254
0.658536
0.660718
0.661024
0.661646
0.660821
0.660551
0.658867
0.658051
0.657215
0.65794
0.657473
0.659653
0.660965
0.660743
0.660559
0.660513
0.662062
0.660496
0.659898
0.661593
0.661192
0.660521
0.663333
0.660879
0.658003
0.658925
0.663165
0.66141
0.661398
0.659969
0.660485
0.659097
0.659244
0.65982
0.657944
0.657525
0.659924
0.657511
0.656242
0.656711
0.657024
0.657483
0.655535
0.65611
0.654183
0.653209
0.652948
0.650669
0.652174
0.654197
0.654227
0.653178
0.65432
0.654141
0.656623
0.655025
0.655255
0.655396
0.658118
0.659431
0.657178
0.659165
0.660769
0.661591
0.659159
0.657845
0.659551
0.660364
0.660125
0.659605
0.662051
0.659491
0.658102
0.658468
0.659797
0.661188
0.659786
0.658494
0.659826
0.661379
0.659417
0.658692
0.659922
0.660885
0.660191
0.662495
0.659202
0.658279
0.659384
0.661072
0.662559
0.662225
0.662154
0.662744
0.662224
0.660805
0.661267
0.663301
0.664618
0.665944
0.662695
0.662199
0.66164
0.661927
0.660749
0.661407
0.661253
0.660605
0.659548
0.66075
0.656864
0.658774
0.658508
0.656543
0.657665
0.659562
0.657503
0.656988
0.655363
0.656229
0.660563
0.66039
0.65848
0.659284
0.658461
0.657497
0.656708
0.658815
0.66065
0.659797
0.659934
0.661899
0.65983
0.661214
0.657733
0.659056
0.658475
0.659925
0.661159
0.65709
0.656462
0.658097
0.658768
0.657952
0.656349
0.656742
0.657572
0.657915
0.656037
0.656199
0.656179
0.657113
0.65863
0.658669
0.657354
0.657593
0.659605
0.657528
0.657741
0.659194
0.660464
0.659821
0.656262
0.656598
0.660267
0.661335
0.661929
0.659196
0.660658
0.659295
0.658444
0.662766
0.665008
0.662663
0.660379
0.662079
0.661053
0.659964
0.659569
0.660892
0.660731
0.661617
0.659797
0.661082
0.661578
0.66259
0.662498
0.663416
0.661933
0.662552
0.662493
0.662047
0.659138
0.660579
0.660858
0.660106
0.659448
0.66
0.658994
0.659124
0.659433
0.656984
0.65813
0.657993
0.657181
0.655766
0.656307
0.656127
0.657592
0.658784
0.656279
0.65669
0.654789
0.656582
0.658059
0.656274
0.65634
0.657341
0.655836
0.656695
0.654165
0.656746
0.659409
0.656853
0.657225
0.657716
0.657384
0.657627
0.658785
0.658988
0.658441
0.657693
0.660131
0.660798
0.660972
0.660199
0.659538
0.662056
0.662812
0.658761
0.658917
0.658858
0.660688
0.663877
0.661146
0.660344
0.659244
0.661698
0.661529
0.659698
0.657399
0.658495
0.657956
0.656789
0.656178
0.65779
0.659339
0.658709
0.657909
0.657974
0.659131
0.655846
0.654782
0.656381
0.658054
0.659733
0.65923
0.656986
0.659406
0.659638
0.657232
0.656677
0.656205
0.656331
0.655339
0.655449
0.65481
0.655023
0.654298
0.655897
0.658039
0.656715
0.657037
0.656241
0.654499
0.654444
0.65511
0.657905
0.656902
0.658663
0.65935
0.65982
0.659287
0.660097
0.66368
0.663454
0.664637
0.663692
0.664691
0.664233
0.664671
0.662025
0.664156
0.663892
0.662138
0.66041
0.659367
0.660002
0.660547
0.659443
0.659294
0.659891
0.657638
0.659544
0.65816
0.659204
0.657669
0.656541
0.657109
0.656952
0.656095
0.656582
0.6588
0.657447
0.658513
0.660368
0.657166
0.656
0.65486
0.65938
0.662492
0.659552
0.658212
0.656199
0.65769
0.657125
0.653628
0.65751
0.65865
0.656552
0.655574
0.656787
0.657032
0.656589
0.657925
0.657387
0.658461
0.655527
0.653937
0.655743
0.657153
0.65839
0.658979
0.658545
0.655712
0.655562
0.657713
0.660127
0.658907
0.660033
0.656584
0.65816
0.657638
0.657571
0.658195
0.657424
0.657302
0.659318
0.657727
0.657357
0.657597
0.657158
0.65836
0.657409
0.65655
0.655782
0.656983
0.658872
0.659347
0.658598
0.657752
0.659754
0.660088
0.659933
0.66078
0.660361
0.662202
0.665266
0.665778
0.662895
0.663294
0.665406
0.665571
0.666018
0.663576
0.667143
0.663824
0.664705
0.667176
0.665057
0.663484
0.661309
0.66077
0.66376
0.663667
0.66086
0.659025
0.657977
0.658436
0.658008
0.658746
0.656291
0.654193
0.654625
0.656341
0.656703
0.655999
0.654783
0.654576
0.656901
0.657787
0.655588
0.65661
0.654159
0.655109
0.658458
0.659024
0.658317
0.661895
0.66023
0.660666
0.659336
0.660782
0.660379
0.659147
0.65819
0.662401
0.664912
0.663697
0.663119
