69870.1
69777.1
69916.4
69891.9
69752
69841.5
70147.9
70100.9
70032.7
69976.4
70274.2
70311.5
70233.5
70170.1
70001.5
70008.9
70140.8
70229.2
70338.8
70269.9
70465
70393.2
70539.7
70288.1
70141.7
70259.9
70254.1
69999.9
69991.2
70001.5
70064
70132.6
70091.3
70200.9
69967.8
69713.4
69898
70018
69831.6
69788.4
69574.6
69740.5
69766.6
69903.4
69496.5
69625.3
69905.1
69981.6
69865.9
69814.2
69849.6
69874.2
69708.9
69620
69854.1
69820.2
69720.5
69833.7
69703
69806.3
70170.8
70034.2
69802.9
69770.6
69705
69792
69820.5
69999
70085.8
70175
70097.6
70147.4
69915.5
69776.8
69800.2
69819.7
69824.6
69661.2
69826.4
69889.6
69710.6
69752.8
69823.7
69527.7
69785.9
70090.9
69992.8
69545.3
69729.9
69731.1
69882
69827.5
69974.5
69958.9
69897.9
70097.2
70141.8
69886.9
70143.3
70279
70228.8
70195.3
70146.3
70354.7
70293.1
70500.2
70605.3
70633.5
70880.9
70717.4
70498.7
70495.4
70608.6
70485.5
70504.7
70238.2
70409.5
70384.8
70369.7
70078.7
69939.1
70178.9
69967.4
69797.5
69710.7
69968
70107.7
69926.4
69840.3
69865.6
69920.6
69662.3
69932.8
70080.4
70041.4
69900.3
69753.2
69901.5
70038.6
69897.2
69733.1
69940.6
70017.5
69887.1
69785.3
69858.6
69615.7
69963.4
70061.5
69944.1
69765.4
69608.9
69644
69651.5
69589.5
69644.1
69793.7
69745
69531.1
69393.3
69255.1
69594.6
69646.8
69705.6
69675.4
69799.6
69730.2
69746.4
69814.8
69926.7
69799.5
70212.4
70008.9
70037.1
70246.8
70126.9
69925.2
70144.2
70199.2
70373.2
70280.3
69819.3
69837.5
70040.1
69954.7
70042.2
70144.8
70229.1
70004.5
69810
69900.3
69885.8
69678.3
69896.8
69750.5
70119.7
69978.9
70040.6
69886.8
69756.3
70188.2
70255.4
70080.9
70009.4
70096.4
70267.6
70225.5
70136.8
70100.3
70301
70283.5
70285.7
70185.9
70024.1
70020
70160.1
70134.6
69920.7
70141.5
70118.8
69964.3
69829.7
69897.7
70276.8
70240.9
69850.5
69737.7
69675.1
69964
69809.2
69953.5
70043.9
69587.2
69352.5
69598
69838.7
69659.3
69767.5
69882.6
69924.4
69784.5
69801.5
69708
69900.3
69764.5
69712.1
69605.6
69615.3
69519
69674.8
69609.6
69615.9
69662.7
69970.2
69817.6
69788.1
69867.6
69937.3
69878.8
69985.5
69971.7
69938.9
70199.6
70077.4
70091.9
70178.6
70330
70272
70291.3
70134.7
70007.8
70275.1
70231
70435
70242.6
70084.9
70275.6
70268.5
70161.4
70322.5
70230.5
70502.2
70225.1
69941.4
70213.6
70173.9
70121.4
70156.9
70131
70007.7
69986.2
70044.3
70124
69864.9
69794.4
69776.1
69857.8
69927.8
69661.8
69582.3
70010.2
69993.7
69999.9
69806
69470.7
69757.7
69842.4
69959
69699.5
69717.3
69910.8
70155.3
70038.5
70095.9
70220.4
70285.8
70113.6
69948.8
70015.7
70100.9
70094
69971
70321.4
70435.7
70264.1
70085.5
69907
69960.4
70199.4
69941.7
69917.1
70173.1
70232.4
70283
70269.4
70375.8
70364.1
70432.7
70409.8
70487.8
70315.9
70087.1
70228.3
70193.9
70279.1
70466.1
70472.1
70400.4
70101.4
70208.3
70020.7
69947.7
69897.9
69954.3
69868.6
69491.3
69515
69391.3
69490.1
69385.6
69433.5
69387.7
69665
69441.6
69469.1
69653.2
69835.4
69945.9
69878.6
69820.9
69937.8
69953.6
69890.4
70129.8
69927.1
70074.2
69963.2
70126.5
70246.9
70186.2
70203
70294.7
70242.5
70006.1
70150.2
70036.6
69839.8
70180.2
70304.9
70427.3
69944.6
69616
69926.2
70068.7
70283.5
70124.3
70184.5
70560
70143.5
70022.1
70245.8
70350.6
70220.6
70194.5
70241.8
70099.2
70156.5
70042.2
70355.6
70526.7
70332.5
70181.5
70049.7
69987
70033.2
70335.8
70351.8
70121.8
69865.4
69994.7
69875.3
70242.4
70074.1
70129.8
70136.9
70070.4
70152.6
70165.6
69951
70120.3
70159.7
70134.1
70181
70052.9
70154.2
70246
70328.2
70199.7
69998.4
69948
70027.6
70117.6
69904.8
69869.5
69886
69796.3
69840.7
69646.4
69325.7
69272.3
69573.6
69531.8
69311.1
69293.9
69247.4
69502.3
69130.6
69476.2
69384.2
69127.2
69347.5
69511.9
69740.5
69797.4
69483
69492.7
69787.9
69982.2
70093.6
70044.8
70090.4
70011.8
70273.7
70499.1
70452.6
70268.4
70229.7
70305
70435.6
70457.8
70208.5
70113.9
70349.1
70239.6
70502.8
70400.5
70042.5
69982.3
70057.5
69678.7
69854.4
69808.3
69949.2
69796.2
69838.8
69969.2
70071
69625.5
69362.6
69489.5
69550.1
