2027.85
2030.98
2011.68
2010.63
2027.58
2049.67
2031.16
2013.54
2017.25
2048.24
2051.94
2032.86
2032.49
2034.79
2018.58
2023
2046.46
2018.01
2001.29
2023.6
2032.09
2005.43
2013.22
2013.98
2027.65
2023.3
2008.13
2032.82
2025.93
2012.02
2004.42
2017.79
2025.11
2042.92
2033.91
2006.49
1992.14
2042.57
2051.39
1988.81
1992.69
2070.06
2019.38
1979.57
2035.35
2039
2004.75
2037.11
2057.58
2043.57
2048.23
2054.39
2051.21
2043.27
2034.66
2027.11
2046.93
2036.03
2010.44
2023.18
2041.01
2021.42
2037.56
2058.46
2024.61
2011.16
2031.46
2061
2056.92
2015.84
2029.65
2040.83
2027.73
2010.95
2040.67
2036.72
2042.51
2040.18
2000.34
1995.69
2052.48
2024.17
1980
2033.31
2034.51
2026.85
2017.8
2050.04
2034.62
2001.41
2004.81
2021.38
2038.42
2035.33
2011.43
2045.21
2043.82
2012.4
2026.64
2020.75
1986.71
2007.97
2006.5
2024.37
2044.22
2032.95
2020.41
2030.92
2033.52
1998.27
2046.68
2074.98
2034.29
2022.79
2071.51
2036.38
2005.64
2012.49
2047.31
2049.76
2036.95
2015.66
2034.22
2039.38
2054.18
2045.55
2020.39
2043.96
2065.42
2018.01
2010.66
2059.59
2014.53
2010.19
2022.47
2003.19
2010.29
2019.32
2002.42
2028.13
2061.47
2022.17
1990.84
2028.37
2014.03
2011.25
2028.8
2036.37
2046.09
2031.26
2039.39
2043.94
2014.51
2034.5
2036.68
2028.28
2017.91
2024.86
2021.08
2009.51
2014.16
2007.07
2009.54
2038.53
2042.33
2022.74
2025.58
2036.42
2029.47
2019.82
2024.06
1993.49
2002.14
2031.84
2025.97
1996.63
2034.51
2040.62
1990.81
1988.15
2013
2002.57
2013.89
2019.11
2016.14
2019.95
2011.8
2024.93
2015.63
2013.46
2040.63
2034.69
1992.41
2001.93
2055.86
2034.03
2014.27
2019.58
2008.46
2029.78
2020.79
2014.99
1993.88
1976.07
2017.6
2030.35
2010.93
2004.96
2052.93
2044.19
2004.96
2028.01
2039.09
2019.91
2043.11
2064.84
2044.63
2025.62
2033.82
2022.58
2028.16
2019.18
2046.64
2058.7
2026.71
2007.96
2047.43
2034.26
2011.05
2035.16
2044.33
2031.46
2036.35
2048.37
2040.39
2009.14
2031.8
2036.58
2025.08
2026.69
2023.86
2015.47
2026.01
2032.83
2012.56
2002.71
2035.94
2039.71
2012.33
2008.47
2020.87
2025.43
2004.53
1989.43
2018.74
1989.5
1994.73
2031.12
2018.62
1995.1
2025.92
2001.99
2014.11
2045.16
2039.23
2015.08
2022.24
2025.6
2023.85
2004.43
2025
2036.66
2022.57
2017.74
2030.59
2020.19
2017.7
2034.85
2010.14
1988.6
2018.02
2034.26
2041.48
2031.39
2008.07
1987.8
2034.04
2057.22
2021.42
2004.84
2033.19
2010.83
1998.78
2014.15
2037.71
2031.01
2013.48
2012.43
2022.73
2030.16
2022.98
2007.99
2014.62
2017.98
2029.3
2013.28
2035.31
1998.6
1961.88
2013.38
2062.87
2055.14
2026.48
2005.93
2030.73
2016.1
2034.74
2038.6
2022.57
2026.41
2043.55
2010.52
2024.94
2049.27
2022.52
2030.7
2007
2032.44
2056.08
2034.74
1998.7
2000.31
2050.44
2033.03
2011.1
2037.57
2025.44
2026.86
2020.26
2005.58
2035.2
2056.63
2040.14
2011.7
2004.94
2008.05
2015.79
2003.9
1998.13
2016.37
2004.67
2007.23
2015.94
1999.29
1983.05
1991.85
1998.51
1994.09
2028.28
2019.27
2010.11
2017.59
2036.45
2040.52
2035.53
2017.67
2001.57
2018.34
2039.5
2035.58
2024.51
2004.15
2024.43
2042
2036.06
2025.09
2023.2
2038.67
2036.11
2035.88
2029.75
2022.14
2019.96
2042.06
2041.18
2022.47
2014.86
1994.71
2030.05
2049.2
2013.62
1979.04
2034.56
2061.69
2013.86
2009.28
2040.4
2010.06
1997.62
2025.12
2033.89
2008.05
2034.78
2035.49
1996.77
2014.4
2028.21
2026.48
2003.6
2005.94
2030.95
1993.87
2018.05
2019.28
2025.12
2025.95
2018.23
2016.09
2010.41
2042.36
2046.3
2014.48
2017.15
2020.67
2008.43
2019.18
2021.19
2022.56
2022.68
2071.69
2042.17
2001.64
2031.38
2040.68
2015.27
2030.64
2043.16
2022.92
2026.37
2022.94
2027.52
2037.21
2038.79
2007.49
2008.93
2017.73
2016.25
2015.61
2030.63
2037.49
2020.75
2023.65
2020.68
2015.69
2011.68
2024.32
2036.69
2028.93
2001.55
2024.51
2040.9
2042.13
2050.22
2027.85
2017.09
2045.04
2031.34
2004.86
2005.75
2022.87
2017.85
2024.84
2023.37
2027.69
2012.6
2013.31
2022.05
2025.41
2023.25
1987.05
2020.94
2047.52
2029.92
2009.06
2048.17
2013.21
2006.59
1997.32
1998.28
2012.9
2024.45
2023.35
2001.75
1999.89
2034.91
2053.36
2027.58
2005.33
2027.83
2036.05
1993.99
