0.489461
0.494428
0.490166
0.484098
0.49104
0.492997
0.490608
0.487552
0.49338
0.504575
0.507724
0.50252
0.509911
0.502995
0.495726
0.493097
0.501971
0.494241
0.492178
0.486284
0.491705
0.479489
0.475831
0.479107
0.47251
0.473282
0.468407
0.479382
0.478538
0.475117
0.471413
0.47227
0.478583
0.484302
0.477781
0.458075
0.457118
0.47362
0.477584
0.470426
0.473812
0.498433
0.489291
0.474917
0.487332
0.490821
0.489309
0.497653
0.50298
0.500144
0.505747
0.508806
0.497384
0.497278
0.495597
0.494652
0.492329
0.505578
0.493632
0.497869
0.505969
0.493911
0.498565
0.50454
0.484717
0.482662
0.489159
0.503994
0.501065
0.50244
0.495751
0.500842
0.487552
0.485425
0.487299
0.489927
0.494483
0.49059
0.476706
0.47562
0.496874
0.491355
0.470967
0.491177
0.491246
0.488261
0.485985
0.505999
0.503633
0.479297
0.493559
0.498485
0.503713
0.488838
0.487262
0.493017
0.498976
0.490528
0.499045
0.494595
0.478144
0.489301
0.497359
0.503331
0.502523
0.496917
0.492409
0.486725
0.486669
0.475909
0.494831
0.509347
0.505323
0.499412
0.512586
0.504725
0.502733
0.501174
0.509672
0.509356
0.506248
0.494518
0.491251
0.504266
0.509132
0.50163
0.499479
0.500973
0.510047
0.484977
0.494654
0.495961
0.490013
0.474571
0.478372
0.468638
0.468896
0.473702
0.475443
0.489873
0.498393
0.4848
0.479361
0.497255
0.502035
0.496996
0.497691
0.504405
0.500677
0.494943
0.507936
0.506482
0.493548
0.492311
0.493324
0.494048
0.48458
0.484841
0.498245
0.495126
0.488377
0.485641
0.482359
0.485925
0.478914
0.470809
0.478397
0.483807
0.488639
0.4821
0.484628
0.484055
0.486493
0.498374
0.492984
0.488579
0.500179
0.508377
0.491998
0.481329
0.48502
0.485637
0.481017
0.480114
0.485844
0.487091
0.488957
0.487494
0.490176
0.486858
0.501451
0.501662
0.480726
0.478755
0.492724
0.486134
0.47706
0.485031
0.475114
0.478675
0.482682
0.472231
0.461937
0.459768
0.462349
0.480184
0.482795
0.488765
0.508316
0.499627
0.494371
0.505877
0.504818
0.500808
0.501754
0.501919
0.501037
0.495314
0.493072
0.494516
0.494836
0.501935
0.508208
0.506301
0.498508
0.495995
0.491376
0.487883
0.474819
0.477926
0.488261
0.491527
0.485734
0.500274
0.498697
0.49388
0.492343
0.497983
0.492462
0.490279
0.488954
0.487594
0.492715
0.500762
0.500242
0.503177
0.508105
0.50863
0.496724
0.493963
0.494676
0.499847
0.476458
0.48412
0.483674
0.477067
0.482286
0.491809
0.483952
0.482666
0.488095
0.489086
0.487275
0.506838
0.507752
0.502422
0.505813
0.513628
0.501238
0.502053
0.504872
0.507971
0.491697
0.491648
0.498236
0.495465
0.495287
0.496769
0.493974
0.497512
0.504291
0.507758
0.512962
0.506653
0.497519
0.496636
0.512039
0.515509
0.494846
0.490816
0.489777
0.489294
0.480581
0.488382
0.493357
0.496593
0.490766
0.48783
0.485256
0.481374
0.48397
0.478972
0.488576
0.475198
0.482927
0.479138
0.486464
0.479267
0.463653
0.481475
0.497685
0.48973
0.479333
0.478767
0.481481
0.487895
0.49605
0.493801
0.494464
0.49139
0.499164
0.486734
0.493455
0.492503
0.49393
0.489575
0.485566
0.489032
0.491877
0.493133
0.481611
0.482413
0.502584
0.493999
0.478204
0.496914
0.501125
0.485938
0.485254
0.474931
0.488484
0.48788
0.480096
0.462303
0.458549
0.471793
0.477384
0.482263
0.485829
0.490024
0.48621
0.493153
0.493378
0.484652
0.476777
0.481289
0.482333
0.475169
0.478138
0.47714
0.474951
0.481001
0.494456
0.501582
0.501507
0.4956
0.487427
0.501148
0.494341
0.497311
0.481586
0.482024
0.486319
0.487675
0.483677
0.470064
0.475623
0.479319
0.475569
0.473545
0.469089
0.466733
0.464596
0.479616
0.481159
0.47135
0.472692
0.476317
0.47555
0.477265
0.466564
0.470583
0.480452
0.48641
0.477964
0.484736
0.492153
0.483093
0.480561
0.491511
0.479506
0.478497
0.486315
0.485516
0.484155
0.479726
0.495556
0.485665
0.482109
0.488251
0.489924
0.480342
0.488125
0.495799
0.49174
0.495709
0.490045
0.480705
0.479597
0.483914
0.485336
0.481147
0.481365
0.485638
0.480798
0.479511
0.479911
0.485377
0.489089
0.492454
0.486891
0.472108
0.481508
0.483788
0.467118
0.463846
0.47677
0.472736
0.472459
0.473193
0.476162
0.479102
0.477754
0.480926
0.47841
0.488459
0.492298
0.484877
0.482662
0.478078
0.477212
0.480326
0.477777
0.464961
0.462336
0.471176
0.477151
0.483526
0.478474
0.486243
0.493923
0.492866
0.49796
0.482705
0.479998
0.485612
0.479713
0.466617
0.457396
0.462542
0.467455
0.461625
0.462467
0.461487
0.45967
0.455343
0.457929
0.467558
0.474966
0.466233
0.479048
0.493912
0.494512
0.493022
0.503148
0.49132
0.480474
0.479103
0.482954
0.483219
0.480992
0.476295
0.477991
0.475832
0.481659
0.494946
0.483373
0.486141
0.487185
0.493488
0.47944
