0.638799
0.6371
0.644
0.64312
0.63878
0.636244
0.640023
0.642666
0.641831
0.632876
0.630263
0.634137
0.634097
0.632875
0.637449
0.636792
0.629518
0.637341
0.642722
0.637488
0.637238
0.644437
0.645188
0.64495
0.643373
0.646549
0.649009
0.641104
0.645717
0.646157
0.647698
0.645111
0.64078
0.639409
0.643949
0.650549
0.654827
0.641161
0.636537
0.651892
0.649343
0.627968
0.63902
0.649938
0.636117
0.63499
0.643084
0.634981
0.629581
0.63515
0.631409
0.632199
0.634654
0.63546
0.639632
0.640181
0.636431
0.635576
0.641503
0.638723
0.634426
0.639792
0.637831
0.631598
0.6423
0.645033
0.638511
0.63096
0.629992
0.638882
0.6354
0.632934
0.640615
0.644109
0.636159
0.636829
0.638377
0.638007
0.649597
0.647575
0.633293
0.639727
0.65185
0.637245
0.636476
0.639686
0.640623
0.631095
0.63406
0.641912
0.640923
0.636596
0.633297
0.636884
0.640312
0.633514
0.633965
0.643524
0.638553
0.638233
0.649038
0.641732
0.641388
0.637752
0.632143
0.636592
0.641744
0.642389
0.641093
0.650684
0.637255
0.630218
0.637216
0.639418
0.626887
0.633349
0.639173
0.636505
0.631125
0.631516
0.634077
0.63968
0.637827
0.635908
0.633758
0.637256
0.642002
0.635431
0.629353
0.641267
0.643548
0.633787
0.64284
0.646198
0.644547
0.648688
0.64691
0.644569
0.647115
0.640982
0.632031
0.640815
0.649476
0.63951
0.640062
0.640515
0.635601
0.635732
0.633143
0.637111
0.633282
0.633783
0.640938
0.636454
0.635823
0.63894
0.64248
0.639385
0.640916
0.643607
0.645676
0.648628
0.647512
0.64276
0.643818
0.647113
0.645211
0.642819
0.643284
0.645094
0.645169
0.647997
0.646121
0.639413
0.638966
0.645409
0.637105
0.6347
0.647699
0.648898
0.643959
0.645887
0.64516
0.644985
0.643554
0.641222
0.642864
0.640007
0.642627
0.643583
0.636154
0.637216
0.649711
0.647513
0.634567
0.641113
0.647018
0.643945
0.646863
0.645531
0.646388
0.651517
0.65449
0.659028
0.651024
0.644198
0.649689
0.647891
0.634776
0.637141
0.64459
0.638495
0.636533
0.640964
0.636434
0.629584
0.634018
0.639998
0.636824
0.639683
0.63927
0.636205
0.634255
0.631376
0.640578
0.644496
0.640378
0.642913
0.652178
0.644452
0.641051
0.643573
0.643013
0.635652
0.63833
0.643881
0.639798
0.638576
0.640996
0.641131
0.640143
0.641928
0.640668
0.63703
0.639024
0.639934
0.632415
0.633728
0.640194
0.641073
0.639476
0.640863
0.649935
0.650666
0.644373
0.655393
0.651067
0.64117
0.646069
0.651244
0.644
0.646785
0.645767
0.633996
0.634168
0.639569
0.637917
0.636647
0.639085
0.64535
0.642407
0.637831
0.644029
0.643414
0.640928
0.642494
0.641379
0.636111
0.642409
0.645211
0.639842
0.632848
0.633576
0.635544
0.641851
0.647691
0.638623
0.632385
0.644645
0.648579
0.64383
0.645147
0.648521
0.643621
0.639159
0.643719
0.64525
0.645717
0.643646
0.641912
0.642602
0.647219
0.643366
0.645345
0.642609
0.647691
0.639992
0.648908
0.6571
0.646624
0.631591
0.637086
0.641169
0.644712
0.639693
0.640848
0.635017
0.636559
0.641773
0.64036
0.637065
0.644431
0.640383
0.635529
0.640441
0.637969
0.643922
0.640039
0.634305
0.636745
0.645058
0.646058
0.63273
0.637653
0.642683
0.635926
0.640559
0.642743
0.642963
0.650621
0.643487
0.638818
0.644316
0.650367
0.653511
0.64859
0.64658
0.64764
0.646318
0.639425
0.641013
0.640099
0.640483
0.642385
0.648102
0.648259
0.648238
0.649593
0.644166
0.644116
0.648489
0.64449
0.637738
0.634659
0.635418
0.636938
0.642148
0.636539
0.633166
0.634077
0.640246
0.643813
0.64224
0.636353
0.637478
0.642466
0.641965
0.639101
0.639936
0.642671
0.645932
0.645623
0.647874
0.640095
0.639428
0.644249
0.64665
0.649428
0.642764
0.636963
0.646571
0.651673
0.638982
0.632526
0.643702
0.642274
0.634626
0.643079
0.644386
0.63749
0.638852
0.645076
0.640189
0.639182
0.645799
0.643423
0.63834
0.641046
0.646466
0.643112
0.638874
0.648843
0.643277
0.640045
0.639904
0.638816
0.641438
0.643499
0.644291
0.637165
0.635299
0.646373
0.644002
0.644513
0.646841
0.643712
0.641091
0.642112
0.640646
0.631531
0.635324
0.646745
0.639657
0.636642
0.645804
0.641736
0.636225
0.641655
0.642737
0.643853
0.640539
0.637999
0.637009
0.64251
0.643102
0.638744
0.637825
0.640025
0.636056
0.635879
0.641224
0.640537
0.643258
0.644498
0.648157
0.64095
0.638512
0.638367
0.643713
0.636856
0.633027
0.633032
0.629234
0.637381
0.641669
0.636311
0.639271
0.64864
0.651514
0.647148
0.647478
0.644823
0.647253
0.645739
0.649017
0.648595
0.648573
0.645909
0.642852
0.649175
0.640854
0.633716
0.637665
0.640269
0.632683
0.641131
0.64589
0.645651
0.646714
0.642911
0.641729
0.643159
0.648548
0.648688
0.640148
0.635086
0.640637
0.644532
0.63973
0.636962
0.645197
