74693.4
74892.5
74090.1
74191.5
74695.6
74993.3
74550.5
74243.9
74340.4
75392.4
75704.9
75242.5
75247.2
75392.5
74851.6
74928.8
75794.6
74864.2
74237.5
74847
74876.3
74039.9
73953.7
73980.9
74162.4
73798
73518.3
74424.8
73893.1
73842.8
73667.1
73962.5
74462.4
74622.1
74096
73344.3
72865.1
74418.2
74958.8
73193.2
73480.5
75981.6
74667.5
73413.3
75008.2
75141.4
74195.7
75142.5
75787
75122.4
75567.6
75473.1
75181.2
75085.9
74596
74532.1
74971.3
75072.1
74378.5
74702.3
75208.1
74577.4
74806.7
75544.9
74286.3
73971.4
74727.1
75621.4
75737.6
74683.6
75092.9
75385.5
74481.6
74077.6
75003.3
74924.4
74742.7
74786.1
73451.7
73681.1
75342.7
74585
73197.9
74875.5
74965.9
74589.8
74480.7
75605.2
75251.6
74331.1
74445.8
74951.8
75342.3
74917.9
74516.8
75316.4
75262.9
74144.9
74722.1
74759.6
73515
74352
74391.9
74816
75479.8
74952.4
74350.6
74275.9
74426
73329
74874.3
75710.3
74878.9
74621
76112.6
75336.1
74649.7
74962.6
75601.5
75554.7
75249.6
74590.4
74807.1
75033
75287.5
74874.2
74320.7
75089.3
75814.4
74405.9
74142.2
75284
74223.8
73838.1
74027.2
73554.7
73756.9
74024.7
73733.4
74438.9
75493.1
74458.4
73465.5
74610.3
74545.9
74493.3
75069.1
75053.7
75360.7
74891.3
75344
75284.5
74444.1
74968.5
75042.9
74676.9
74265.4
74624.9
74446.7
74135.4
73897.9
73561.5
73688.2
74233
74111.1
73733.7
73951.1
74226.3
74172.6
73964.5
73955.9
73633.1
73846.9
74621.6
74673.8
73928.4
74891.9
75175.7
73667
73530.9
74094.8
73873.7
73956.9
73976.9
74141.5
74411.1
74221
74552.3
74248.4
74138.2
75003.9
74878.9
73438.8
73688.2
75191.5
74423.8
73744.5
74096.4
73762.2
73914.3
73816.4
73235.3
72902.6
72400.6
73290.8
74067.4
73441.3
73645.1
75166.7
74887.7
74022.3
74728.9
74959.2
74441.1
74970.8
75786.6
75256.6
74553.4
74925
74590.1
74638.4
74997.9
75228.5
75571.4
74485.9
74033
74509.2
74215.3
73161.1
74038.2
74431
74139.3
74203.9
75063.1
74748.2
74103.8
74576.7
74719.4
74437.3
74421.6
74536.6
74329.3
74475.5
74900.8
74667
74560.9
75447.3
75291
74530.6
74428.3
74614.3
74452.8
73413.5
73331.1
74047.2
72802.1
73286
74417.2
73852.9
73266
74090.1
73771.1
73887.3
75259.3
75238.7
74603.4
74796.6
74945.8
74660
73935.2
74273.8
74806.6
74086.8
74157.6
74445.3
74263.8
74392.9
75009
74273.6
73951
74571.6
75395.7
75309.1
75075.9
74338.1
73667.9
74714
75450.9
74015.9
73567
74109.7
73958.4
73573.6
74133.7
74651.3
74122.4
73946.6
73893.1
74130.9
74331.1
74251.3
73721.6
74163.2
73935.7
74250.4
73667.9
74554.1
73529.8
72613
73789.4
75545.7
74894.2
74417.3
74008.3
74589
74454.5
75138.2
74956.2
74347.2
74511.2
74896.6
74040.5
74508.6
75077.7
74501.8
74790.6
74099.1
74548.6
75222.5
74934.3
73968.6
73854.1
75409.8
74827.6
74242
75030.9
74488.2
74235
74209.6
73336.2
74149.2
74691.1
74053.8
73364.8
73011.9
73565.8
73794.5
73673.6
73824.4
74620.2
74435.4
74541.7
74497
74276.4
73621.2
73603.4
73605.8
73452.2
74071
74076.8
73577.3
74033.8
74817.6
75180.6
75090.7
74911.6
74303.8
74958.6
75357.9
75249.6
74524.6
74111.7
74293.2
74980.4
74848.1
74267
74325
74658
74560.7
74243.4
73868.5
73903.9
73647
74542.1
74619.8
74061.5
73786.5
73470.9
74232.6
74908.7
73795.5
73217.7
74671.9
75434.1
74124.4
74289.2
75184.5
74196.2
74045.8
74846.7
74687.1
73966.6
74531.1
74648.5
73883.8
74156.6
74747
74431.6
73807.5
74192.4
74684.6
73537.1
74173.3
74548
74564.3
74691.4
74386
74147.8
74056.7
74884.9
75104.8
73818.2
74089.9
74031.1
73764.7
74123.3
74426.3
74307.9
74478
75552.9
75101.9
73775.7
74593.1
74946.4
73883.1
74351.5
74995.5
74360.8
74235.7
74107
74490.5
74787
74903.2
74261.9
74193.5
74699.8
74807.4
74550.3
75015.5
75036.3
74410.9
74490.6
74175.6
74032.9
73614.9
74442.7
74727
74743.9
74123.2
74921.3
75374.4
75373.8
75828.8
74859.5
74359.3
74985.4
74638.2
73560.1
73235.7
73729.7
73692.1
73995.5
73717.7
73890.6
73517.4
73565.2
73567.7
73871.2
74222.4
73499.5
74453.8
75292.4
74826.1
74521.9
75415.4
74421.7
73873.3
73900.7
73779.2
74215.6
74352.3
74187
73570.5
73554.7
74535.9
75130.1
74479
74029
74584.6
74908.7
73952.6
