2013.19
2014.02
1993.38
1986.93
2000.04
2002.94
2005.17
1999.87
1998.2
1992.47
1996.35
1990.48
1998.01
1997.12
1993.3
1998.25
1983.69
1987.44
1982.34
2015.61
1999.7
1994.6
2002.93
2003.98
2016.91
1996.06
2003.28
2014.29
2003.09
2011.68
2019.37
2018.3
2016.79
2008.39
1998.91
2013.97
2019.08
1986.78
2003.48
2016.54
1993.16
1992.39
1986.07
2001.02
1996.79
1985
1993.22
1992.06
1986.54
1988.05
1994.01
1993.38
1992.62
2005.58
2007.73
1998.27
1991.83
2005.47
2009.03
2012.31
2005.6
2007.48
2009.63
2000.25
1999.55
2011.89
2005.18
2014.15
2024.17
2004.75
2010.23
1997.41
2013.81
2018.88
2005.13
2010.79
2005.99
2001.82
2004.26
1999.77
1997.12
2004.7
1993.66
1992.1
1992.41
1995.85
1988.56
1995.55
1993.88
1994.41
1996.01
2000.66
2010.7
2004.55
2008.76
2001.06
1984.48
2003.64
2012.51
2014.65
2013.6
2013.78
2007.64
2016.84
2003.98
1998.53
2015.96
2010.93
1999.34
1988.38
1997.76
1998.47
1995.81
1981.86
1991.67
2005.77
1993.19
1981.87
1988.53
1996.53
2007.25
2006.33
2006.43
1997.98
1990.73
1995.41
1998.83
2017.08
1991.38
2011.13
2023.15
2022.17
2024.91
1995.62
1996.43
2002.13
1994.3
2005.49
2004.75
1992.53
1994.23
1988.15
1995.19
1989.35
1983.18
1993.08
1995.02
2017.32
1986.89
1984.99
2000
1981.35
1999.5
1998.42
2005.24
1999.56
1998.74
1998.68
2000.89
2014.58
2005.66
2004.06
1982.94
1982.65
1995.78
1974.84
1982.09
1989.82
1975.06
1993.33
1980.2
1970.26
1994.32
1979.27
1993.77
1999.35
1988.38
1982.4
1979.06
1998.88
2012.59
2011.95
1994.3
1991.83
2006.19
2000.51
2003.3
2022.57
2011.05
2005.41
2005.27
2001.21
2012.77
2010.79
2005.01
2009.98
2003.79
2008.51
1992.93
1996.6
2003.46
2020.17
2011.38
2018.15
2008.59
1999.05
2005.95
2001.62
2001.63
2012.92
2008.02
1997.15
1990.95
1992.39
2015.84
2000.37
2001.78
1995.45
2008.63
1997.09
1988.47
1981.14
1996.39
2006.62
2000.69
2006.6
2031.61
2011.6
2001.63
2012.89
2015.63
2030.02
2018.96
2008.83
2004.13
2006.82
2014.31
1999.81
1992.96
2000.26
1989.73
1986.07
1999.68
1996.94
1985.24
1993.3
1996.34
1985.78
1987.16
1987.21
1990.36
1994.22
2012.43
1984.99
1994.57
1990.47
1998.2
2004.35
1996.46
2012.97
1997.16
2000.32
2006.15
1994.82
1998.86
2007.24
1994.09
2006.15
1991.26
2008.82
2005.99
1998.65
2014.4
1999.46
2005.22
1995.58
2002.77
2011.37
2012.37
2005.52
1984.33
2011.67
2010.23
1997.06
2004.22
2009.99
2004.44
2009.97
2012.33
2008.93
2000.81
1988.9
2000.45
2005.66
2000.28
1997.59
1995.12
1994.38
1999.48
1994.82
2007.9
1999.81
1980.74
1996.89
2000.69
2006.81
1995.87
1996.63
2019.64
2007.34
2002
2010.26
2009
2006.79
2004.06
2003.61
2012.51
2013.71
2011.28
2005.01
2013.91
1998.97
2005.62
2013.25
2005.68
2005.39
2010.04
2003.34
2013.31
2018.62
2025.61
2008.98
2006.71
2003.88
1995.65
1991.06
1982.53
1993.81
1986.89
1980.74
1983.89
1995.5
2013.8
2002.21
1994.33
2007.18
2008.89
1995.92
2010.29
2010.51
2010.22
2020
2022.11
2022.28
2008.13
2009.45
2013.27
2015.12
2012.45
2021.32
2014.56
1991.66
2000.75
2006.99
2012.3
2000.23
2005.79
1992.84
1984.81
1984.72
2004.25
1989.95
2003.27
1990.95
1990.76
1985.54
1997.63
2002.64
1993.39
2004.23
1989.75
1996.93
1994.51
1984.65
1997.52
1999.99
1999.51
1992.58
2007.34
2000.99
2005.24
2015.69
2016.3
2015.03
2002.55
1991.79
2004.61
2005.98
2015.64
2022.34
2009.42
2001.22
1987.91
2006.2
2017.84
2013.89
2017.77
2009.26
2005.94
1996.24
2009.8
2028.47
2022.99
2018.95
2016.84
2019.79
1995.49
2004.87
2000.65
2006.68
2009.57
2006.85
2008.91
2003.23
1998.55
1994.6
1992.86
1997.52
1985.98
1992.17
1982.24
1982.11
1988.88
1994.47
1991.53
2002.41
1993.98
1989.7
1991.33
2008.96
2003.26
2002.49
2008.49
1992.84
2002.02
2010.98
1992.94
2000.34
2005.97
2014.52
2003.84
1986.43
1996.99
1989.79
2004.59
1992.95
2000.88
1986.99
1979.5
1983.37
1980.49
1981.4
1984.4
1978.66
1984.82
1990.2
1983.41
1986.24
1978.94
2000.67
2000.14
1984.94
1988.72
1987.73
2015.08
2007.34
2000.25
2011.05
1993.42
2003.09
1994.54
2001.08
1981.17
1980.16
1998.79
1998.94
1997.75
1995.74
1992.06
2000.98
1989.16
1986.42
1999.51
2004.52
2013.29
2003.68
2003.82
2001.38
1995.35
1995.52
2014.96
