0.396411
0.393348
0.389464
0.383213
0.387718
0.382912
0.384508
0.391621
0.395756
0.392131
0.388545
0.388177
0.386011
0.387539
0.391881
0.390894
0.390989
0.382864
0.385392
0.393609
0.384006
0.388072
0.389945
0.387372
0.399974
0.393148
0.395434
0.394606
0.394567
0.391397
0.393481
0.391243
0.39379
0.38881
0.382769
0.387158
0.393461
0.388146
0.388995
0.394161
0.377418
0.384071
0.386375
0.388005
0.38544
0.385482
0.380285
0.379346
0.378045
0.385346
0.382759
0.383732
0.383446
0.392461
0.39058
0.390067
0.383179
0.389147
0.388168
0.390037
0.397468
0.398165
0.397107
0.388679
0.391033
0.388208
0.392904
0.395083
0.400278
0.392876
0.390129
0.384689
0.393227
0.394969
0.395268
0.400437
0.394344
0.392114
0.396019
0.393441
0.388126
0.392532
0.388573
0.381919
0.385315
0.386456
0.387193
0.383728
0.384349
0.386833
0.382623
0.38419
0.395238
0.386536
0.387954
0.391842
0.387172
0.391888
0.398868
0.400763
0.403314
0.40065
0.40363
0.39444
0.393442
0.388928
0.387722
0.394226
0.38904
0.386207
0.385097
0.384998
0.383453
0.384997
0.379941
0.388892
0.385466
0.386019
0.390233
0.386944
0.388591
0.386822
0.390585
0.393018
0.396286
0.398848
0.395976
0.395146
0.391964
0.396116
0.399471
0.401448
0.404112
0.388005
0.386345
0.391094
0.38565
0.393115
0.393836
0.392902
0.391811
0.391731
0.393648
0.393204
0.386632
0.392403
0.393462
0.403641
0.392943
0.387738
0.388671
0.380563
0.388886
0.39096
0.394088
0.392486
0.392962
0.386073
0.390441
0.38908
0.390011
0.393191
0.389462
0.38204
0.387032
0.37992
0.381001
0.38183
0.37885
0.38494
0.379251
0.375598
0.376026
0.371566
0.380489
0.384345
0.385356
0.380507
0.380115
0.38402
0.393648
0.382347
0.378296
0.387071
0.393855
0.394382
0.398953
0.398028
0.398746
0.403866
0.403118
0.400112
0.407346
0.404452
0.405139
0.396301
0.403287
0.399975
0.396872
0.397084
0.402341
0.401137
0.403142
0.402393
0.394348
0.395403
0.39537
0.397814
0.397677
0.39548
0.397765
0.389885
0.392345
0.393229
0.400965
0.389845
0.388182
0.386798
0.385447
0.386845
0.384844
0.386362
0.392705
0.391552
0.393235
0.391747
0.398729
0.397784
0.393936
0.393516
0.398168
0.399686
0.393207
0.392005
0.39169
0.388686
0.394136
0.391455
0.386665
0.385909
0.38144
0.382045
0.380707
0.380148
0.382329
0.37719
0.382947
0.383022
0.387693
0.388639
0.388738
0.390721
0.391057
0.38388
0.394533
0.396887
0.393624
0.389881
0.389933
0.3934
0.396508
0.39242
0.395584
0.390226
0.39012
0.388874
0.389799
0.392461
0.393354
0.395583
0.394309
0.396326
0.391844
0.390599
0.397411
0.389386
0.390203
0.394976
0.396514
0.395201
0.391827
0.401978
0.400264
0.39118
0.392769
0.392798
0.394033
0.395089
0.393383
0.394197
0.384422
0.388398
0.389012
0.390386
0.393831
0.389534
0.385524
0.385239
0.386268
0.384437
0.393659
0.392078
0.385475
0.381039
0.393895
0.392627
0.392496
0.392257
0.402695
0.39764
0.392062
0.400595
0.403528
0.40221
0.400783
0.396487
0.397843
0.397927
0.397078
0.400171
0.400413
0.401021
0.404706
0.406696
0.401359
0.402084
0.401051
0.400562
0.405077
0.411398
0.40858
0.402345
0.400154
0.40165
0.382682
0.382405
0.380458
0.385338
0.382383
0.382084
0.384485
0.394187
0.39009
0.384699
0.382293
0.391302
0.392235
0.388561
0.384104
0.391149
0.399449
0.39921
0.40522
0.403124
0.396831
0.400987
0.405965
0.401603
0.401646
0.401325
0.3952
0.390116
0.393938
0.396192
0.397691
0.391
0.387049
0.389235
0.385581
0.386974
0.392263
0.388856
0.39084
0.383029
0.382516
0.38888
0.386382
0.383837
0.385187
0.389592
0.384149
0.389888
0.387309
0.392854
0.390575
0.389396
0.386729
0.384639
0.385029
0.38288
0.387387
0.393702
0.393974
0.396164
0.395115
0.395692
0.401359
0.400299
0.398943
0.395355
0.392417
0.392642
0.387501
0.388301
0.390443
0.39327
0.3936
0.395851
0.396914
0.39455
0.39944
0.405992
0.406057
0.40636
0.402801
0.404515
0.398532
0.397681
0.394141
0.396348
0.396191
0.393937
0.394541
0.388944
0.389728
0.38417
0.382078
0.38764
0.3878
0.379842
0.377985
0.374843
0.380232
0.385071
0.387113
0.391452
0.386662
0.388245
0.39511
0.395113
0.395941
0.393816
0.394276
0.392178
0.390397
0.394225
0.392895
0.393666
0.391523
0.394071
0.389983
0.387889
0.389434
0.391052
0.392255
0.388326
0.389064
0.382861
0.385626
0.387413
0.386515
0.381366
0.378792
0.382838
0.388021
0.382171
0.379089
0.386587
0.386452
0.390648
0.390888
0.385184
0.385784
0.384431
0.389822
0.39006
0.388519
0.393973
0.389517
0.395924
0.3947
0.395892
0.388442
0.38641
0.386797
0.390489
0.389208
0.390691
0.386069
0.389581
0.383683
0.382515
0.386712
0.388186
0.388681
0.383609
0.386011
0.391327
0.387999
0.385052
0.388272
