0.666817
0.666925
0.671008
0.674124
0.66973
0.671172
0.669254
0.669866
0.670446
0.672395
0.671737
0.671514
0.670102
0.670039
0.670272
0.670259
0.672652
0.671257
0.672043
0.666482
0.670996
0.670838
0.669325
0.668607
0.665877
0.668959
0.668464
0.667333
0.669088
0.66599
0.665004
0.665401
0.666176
0.666993
0.671423
0.667256
0.665886
0.671569
0.669247
0.664703
0.67211
0.672619
0.672922
0.670094
0.67196
0.67448
0.673179
0.673089
0.674523
0.672123
0.672312
0.673213
0.672845
0.669282
0.669943
0.66997
0.674184
0.669841
0.669813
0.670022
0.670076
0.668065
0.667327
0.668932
0.670873
0.668027
0.667678
0.665683
0.662873
0.668575
0.6673
0.669804
0.666281
0.665876
0.667057
0.666772
0.667776
0.669023
0.668319
0.670156
0.670744
0.670009
0.672546
0.67379
0.672177
0.670193
0.673221
0.670614
0.671265
0.671263
0.671679
0.671542
0.667952
0.670054
0.668464
0.671188
0.674119
0.670259
0.666887
0.667892
0.667801
0.66808
0.669755
0.667612
0.671001
0.671076
0.668004
0.668822
0.672597
0.67494
0.672558
0.671865
0.673702
0.675329
0.673788
0.671138
0.674509
0.676995
0.675664
0.673654
0.671657
0.672143
0.671642
0.673421
0.674597
0.674442
0.671758
0.668951
0.673532
0.668155
0.666715
0.666754
0.666482
0.672672
0.672973
0.670769
0.672457
0.669863
0.67033
0.671074
0.670391
0.671379
0.67065
0.672255
0.673337
0.671928
0.670967
0.664782
0.671004
0.672275
0.668946
0.673563
0.668576
0.669292
0.66821
0.669238
0.669276
0.670857
0.670182
0.667387
0.668357
0.669735
0.673579
0.675321
0.670918
0.676459
0.674539
0.673947
0.67661
0.672832
0.675014
0.67803
0.672825
0.676416
0.672819
0.671272
0.672105
0.674539
0.675234
0.670972
0.668109
0.668676
0.672313
0.671711
0.667758
0.668556
0.66758
0.665783
0.667091
0.666887
0.665645
0.66648
0.664464
0.665098
0.665615
0.664478
0.666192
0.665875
0.668562
0.667365
0.666102
0.662284
0.664778
0.664359
0.666078
0.667673
0.666885
0.667816
0.668885
0.665857
0.667898
0.670283
0.670328
0.670516
0.665894
0.668641
0.670648
0.671324
0.668488
0.669518
0.673
0.674669
0.67226
0.669984
0.671354
0.66965
0.664613
0.668705
0.671005
0.66918
0.669735
0.666356
0.668011
0.67006
0.67145
0.670635
0.668974
0.673556
0.675002
0.67287
0.674636
0.675313
0.672433
0.674299
0.676555
0.675168
0.672853
0.67446
0.673213
0.674147
0.673977
0.674821
0.66998
0.676427
0.67168
0.673575
0.671538
0.672001
0.672765
0.666836
0.670015
0.66935
0.667368
0.669697
0.669879
0.669454
0.671286
0.668431
0.671151
0.667369
0.667835
0.668641
0.666932
0.669057
0.667655
0.670286
0.668029
0.665019
0.665803
0.668858
0.673766
0.666704
0.66706
0.67062
0.668756
0.668706
0.670841
0.669048
0.667712
0.668871
0.67027
0.673707
0.670931
0.670277
0.671185
0.672598
0.672678
0.67404
0.672245
0.672845
0.670632
0.672486
0.676222
0.672722
0.671075
0.670695
0.671769
0.67048
0.665516
0.66727
0.669962
0.669005
0.669925
0.667148
0.667859
0.66837
0.66693
0.666789
0.667375
0.66888
0.666811
0.668295
0.66715
0.665526
0.667731
0.667356
0.665751
0.667396
0.666541
0.664402
0.664904
0.667751
0.668909
0.668908
0.673319
0.673805
0.677253
0.673867
0.675589
0.676988
0.677096
0.673962
0.66993
0.671521
0.674003
0.672115
0.672215
0.675141
0.671694
0.669822
0.669256
0.667151
0.664659
0.664809
0.66863
0.668351
0.667545
0.665666
0.665594
0.664465
0.668016
0.671595
0.669311
0.668867
0.667185
0.669223
0.668305
0.671402
0.673443
0.674464
0.669618
0.672057
0.670351
0.672709
0.672738
0.674587
0.672047
0.670423
0.671536
0.669075
0.671614
0.670277
0.670438
0.672854
0.670806
0.669412
0.66972
0.670759
0.667482
0.669487
0.668582
0.667171
0.667557
0.668073
0.670691
0.673082
0.670223
0.669499
0.667597
0.666069
0.669357
0.669822
0.672687
0.668725
0.666764
0.667057
0.666498
0.66776
0.667651
0.669961
0.668436
0.663396
0.66411
0.664435
0.666168
0.664993
0.670796
0.668878
0.669811
0.668604
0.668028
0.669312
0.668287
0.670191
0.671409
0.673313
0.67351
0.671585
0.673887
0.673964
0.675512
0.676727
0.674149
0.674335
0.673361
0.671857
0.672421
0.674832
0.673231
0.669851
0.670976
0.672057
0.670426
0.674014
0.670258
0.669668
0.671935
0.670619
0.669181
0.668239
0.67097
0.673733
0.671916
0.672545
0.671332
0.672974
0.670842
0.673873
0.675957
0.67542
0.675264
0.675641
0.674953
0.676526
0.674362
0.673347
0.675304
0.673414
0.675375
0.670681
0.670268
0.674136
0.673089
0.673723
0.667827
0.669129
0.670067
0.668404
0.671773
0.66932
0.671396
0.670216
0.675347
0.674587
0.670463
0.671807
0.67145
0.671459
0.671728
0.66995
0.673299
0.674483
0.671474
0.670641
0.668071
0.671691
0.670965
0.671221
0.673541
0.672637
0.667916
