66893.5
66882.7
66475.6
66168.4
66602.5
66459.4
66649.8
66589
66531.4
66338.5
66403.5
66425.5
66565.5
66571.7
66548.6
66549.9
66313.1
66451
66373.2
66927.1
66476.9
66492.5
66642.8
66714.4
66987.9
66679.3
66728.7
66841.8
66666.5
66976.5
67075.8
67035.8
66957.9
66875.8
66434.6
66849.4
66987
66420.2
66650.6
67106.2
66366.6
66316.5
66286.6
66566.3
66381.5
66133.4
66261.2
66270.2
66129.3
66365.4
66346.7
66258
66294.2
66647.1
66581.3
66578.6
66162.5
66591.5
66594.3
66573.5
66568.2
66768.5
66842.4
66682
66489
66772.3
66807.2
67007.4
67291.4
66717.6
66845
66595.1
66947.3
66988
66869.4
66898
66797.4
66672.9
66743.1
66560.1
66501.8
66574.8
66323.6
66201.2
66360.1
66556.5
66257.1
66514.7
66450.3
66450.4
66409.2
66422.8
66779.8
66570.3
66728.6
66457.8
66168.9
66549.9
66886.4
66785.8
66794.9
66767
66600.1
66813.8
66476.3
66468.9
66774.6
66692.9
66318.7
66088.4
66322.4
66390.8
66209.8
66050.3
66201.3
66462.8
66130.6
65887.8
66017.5
66214.6
66411.4
66363.4
66412.9
66237.4
66122
66137.2
66401.4
66680
66226.6
66759.5
66903.7
66899.8
66927.1
66311.2
66281.6
66499.4
66332.4
66589.3
66542.9
66469.1
66536.8
66438.9
66511.2
66352.3
66245.8
66384.6
66479.8
67098.3
66476
66350.4
66680.6
66223.5
66717.5
66646.1
66754
66651.5
66647.6
66490.6
66557.6
66836.3
66739.3
66602
66221.9
66051.1
66484.6
65940
66127.6
66185.7
65925.3
66295.4
66081.1
65787.2
66296.1
65944.2
66296.7
66449.5
66367.1
66127.6
66059.6
66479.3
66764.1
66707.4
66346.6
66406.1
66799.2
66719.4
66817
66997.3
66866
66886.4
67011.2
66927.3
67130.4
67066.4
67014.2
67129
66956.3
66988.1
66718.9
66838.5
66965.3
67351.3
67098.6
67141
66967.6
66807.7
66886.6
66793.4
66686.6
66989.9
66785.2
66547.6
66543.1
66524.4
66986.2
66711
66511.3
66444.3
66726.3
66623.6
66278.9
66114.9
66351.9
66577.3
66441.4
66610.5
67115.3
66704.6
66475.9
66657.2
66602
66939.7
66773.9
66569.7
66431.9
66512.6
66677.7
66224.2
66082.3
66291.7
66118.2
66051.9
66334.8
66151.2
65930.6
66066.1
66293.4
66135.4
66257.9
66166.1
66182.9
66100.1
66577.7
65943.1
66409.1
66222.3
66423.2
66377.5
66302
66891.5
66574.1
66640.3
66838.2
66605.8
66587.7
66630
66448.1
66732
66461.5
66838.1
66791.5
66711
66881.9
66669.5
66809.5
66547.3
66772.1
67074.3
66995.3
66689.4
66203.5
66904.8
66869.1
66514.1
66699.5
66704.5
66492.2
66670.4
66803.8
66688
66548.9
66209.4
66483.3
66548.2
66458.1
66318.5
66310.7
66176.6
66353.3
66294.2
66512.9
66329.6
65963.1
66306.3
66469
66506.7
66400.4
66528.1
67024.2
66848
66579.4
66674.7
66583.2
66860.3
66789
66738
66882.1
66896.3
66837.5
66687.1
66894.1
66745.6
66860
67023.3
66801.9
66839.4
67000.6
66835.4
66921.2
67136.6
67085.9
66799.9
66684.2
66684.3
66247.5
66199.7
65862.6
66193.6
66024.9
65888.4
65878
66184.3
66582.6
66424.9
66180.3
66366.2
66356.3
66068.7
66407.8
66593.3
66649.7
66860
67110.7
67095.5
66712.1
66740
66820.5
67009.1
67016.3
67130.3
66773.4
66417.6
66644.2
66688.5
66856.6
66652.9
66744.5
66436.7
66235.3
66135
66613.6
66371.9
66540.8
66307.6
66304.7
66123
66372.9
66533.7
66423.4
66667.7
66415.7
66548.1
66532.1
66293.2
66495.6
66634.1
66603.5
66500.3
66826.8
66626.7
66716.8
66858
66819.3
66767.7
66507
66270.9
66553.5
66625.4
66815.3
66968.6
66639.7
66593.4
66309.8
66702.6
66898.8
66869.4
66925.5
66799
66809.9
66579.6
66731.5
67238.4
67166.2
67133.3
66958.6
67076.9
66496.7
66687.4
66594.5
66714.7
66772.2
66644.1
66746.4
66556.7
66436
66248.1
66228.7
66418.6
66191.7
66184.1
66032.5
65913.9
66165.9
66147.6
66243.4
66391.7
66335.9
66099
66256.2
66590.5
66478.9
66371.9
66533.3
66179.2
66550.1
66608.7
66384
66514.2
66657.1
66751.1
66479.5
66206.8
66385.8
66323.7
66443.5
66281.4
66492.2
66193
65988.9
66041.4
66056.6
66019.8
66087.1
65933.4
66145
66244.8
66052.8
66238.1
66045.8
66508.1
66549
66167.2
66270.1
66207.8
66792.3
66662.4
66569
66734.6
66400
66643.3
66437.2
66554.2
66048.5
66123
66529.7
66396.6
66431.9
66431
66404.4
66580.7
66249.5
66133.2
66429.6
66512
66767.9
66408.1
66479.9
66454.5
66225.6
66314.7
66783.4
