2014.6
2003.95
1997.08
1960.13
1965.99
2032.03
2035.37
1985.55
2024.81
2015.35
1996.19
1989.86
2003.21
2032.58
2070.22
2035.51
2015.34
2013.61
2002.22
2023.02
2028.84
2008.67
2016.2
2021.81
1979.74
1972.17
1968.6
1956.48
1969.66
1993.71
1998.23
1951.65
2002.01
1993.97
2035.28
2028.94
2026.17
2026.26
2019.64
2073.91
2087.52
2079.58
2058.22
2091.34
2030.28
1991.09
2020.55
1999.79
1994.32
1998.92
2009.07
1972.78
1955.93
1928.01
1927.35
1945.53
1951.61
1962.89
1967.44
1978.57
1963.75
1966.17
1981.97
1975.5
1995.37
2023.17
2027.44
2054.92
2033.04
2075.17
2062.79
2079.93
2111.45
2099.85
2063.58
2095.96
2083.74
2057.76
2032.15
2054.5
2029.98
2016.31
2035.61
1994.75
1947.48
1980.26
2012.98
1936.83
1932.53
1991.29
1953.7
1946.84
1982.54
1993.82
1993.24
2011.44
1986.12
1975.36
1967.04
2001.51
2019.46
2019.36
2021.41
1994.96
2023.31
2006.94
2011.5
2026.54
2031.51
2018.5
2007.64
2068
2020.54
1994.14
2029.56
2022.01
2016.44
2018.16
2031.36
2039.08
1999.01
1976.18
1971.1
1980.88
1962.14
1967.59
1976.38
2003.95
2007.2
1983.61
2014.09
2008.87
2004.81
2043.88
2013.68
1999.14
2024.34
2021.3
2038.09
2059.92
2044.14
2012.31
2006.9
2017.33
1996.68
2039.75
2030.88
2012.27
2017.73
2041.36
1990.5
1980.36
2010.76
1994.88
1982.48
1970.12
1975.12
1976.1
1982.87
1993.17
1979.06
1994.84
2023.72
2034.92
2025.54
2060.74
2093.53
2089.97
2079.32
2087.49
2130.07
2084.37
2085.02
2091.34
2057.91
2062.86
2023.99
2026.01
1998.7
1992.31
1957.06
1962.36
1945.33
1936.6
1956.39
1954.99
1897.22
1933.69
1932.52
1917.76
1945.33
1991.19
1984.67
1965.2
2013.23
2023.76
2004.54
2031.16
2060.08
2060
2054.49
2056.56
2042.36
2077.49
2095.61
2071.39
2039.02
2046.53
2057.35
2053.39
2062.03
2072.7
2032.19
2026.33
2037.62
2010.32
1974.06
2005.47
1997.2
1976.94
1977.42
1982.77
1939.56
1933.08
2016.08
1989.88
1998.98
2043.2
2062.88
2027.85
2072.38
2092.04
2056.99
2060.98
2102.92
2080.91
2070.82
2065.8
2047.15
2037.39
2018.71
1986.26
1968.91
2001.52
2000.16
1954.61
1945.31
1952.59
1941.86
1961.14
1964.09
1994.36
1956.13
1953.06
1970.83
1966.59
1988.56
2024.48
2013.64
2000.79
2006.62
2032.42
2009.49
2034.83
2072.4
2043.81
2022.72
2074.35
2074.49
2047.19
2062.18
2097.13
2047.83
2027.2
2038.3
2041.69
2006.1
2007.3
2042.85
1998.58
1992.19
1983.41
1966.68
1961.15
1961.59
1988.86
1984.61
1941.17
1958.75
2015.18
2014.95
2010.69
2013.37
2030.72
2024.06
2036.24
2026.73
2051.96
2074.85
2059.35
2022.39
2055.93
2079.21
2038.48
2025.34
2022.34
1996.62
1953.99
1969.54
1956.82
1987.54
1968.37
1971.25
1947.86
1928.42
1974.87
1983.12
1997.15
2003.49
1987.74
2007.11
2014.66
2023.57
2060.97
2041.11
2055.56
2038.11
2016.82
2018.65
2072.03
2038.04
2034.78
2020.17
1990.51
2048.55
2079.75
2074.8
2040.01
2066.89
2066.35
2034.87
2051.5
2048.47
2053.69
2028.23
2005.8
2007.77
1982.58
1973.26
1971.2
1950.86
1945.01
1953.89
1947.68
1950.84
1945.47
1966.68
1970.55
2006.7
2033.46
2030.99
2053.66
2077.82
2080.94
2069.79
2091.84
2080.99
2108.3
2087.32
2062.24
2046.84
2054.27
2033.09
2032.34
2004.8
2004.93
1998.78
2007.84
1972.47
1976.66
1991.44
2004.53
1976.5
1982.4
1997.08
2005.25
1985.18
2009.69
2035.62
2013.86
2031.24
2033.47
2050.8
2039.58
2036.77
2029.17
2020.2
2011.44
2022.08
2021.09
2041.65
2046.4
2022.58
2022.12
2041.14
2038.76
2054.09
2077.85
2050.75
2057.43
2077.25
2080.72
2093.77
2073.07
2052.06
2017.18
2091.26
2042.18
2022.16
2047.81
2023.37
1991.93
1989.08
1979.5
1957.12
1962.51
1988.07
2002.09
2004.94
2025.49
2012.24
1981.62
1994.39
2026.97
2000.72
2040
2062.87
2061.54
2041.17
2054.94
2054.74
2043.9
2055.01
2046.38
2075.25
2054.94
2037.5
2075.49
2071.63
2033.97
2058.88
2043.63
2045.78
2034.05
2029.19
2025.58
2024.48
2017.86
2017.6
2010.33
1990.67
1983.82
1987.81
1989.65
2002.1
1961.49
1968.61
1993.76
1958.86
1940.62
1967.48
1949.32
1958.26
1994.26
1954.45
1966.38
2024.6
2047.57
2037.27
2030.98
2021.87
2039.78
2047.06
2044.19
2086.59
2055.65
2031.98
2035.07
2021.73
1973.19
2008.49
2003.22
1994.29
1982.3
2000.08
1992.61
1982.81
1956.73
1974.43
2016.69
2032.02
