0.357324
0.361643
0.362528
0.344929
0.348155
0.372549
0.373745
0.355726
0.358778
0.359087
0.352675
0.361355
0.368378
0.374587
0.384702
0.373505
0.365536
0.370026
0.36694
0.371369
0.376265
0.362658
0.364884
0.370314
0.36808
0.359481
0.361457
0.354715
0.35262
0.360193
0.364726
0.356594
0.366046
0.375592
0.369475
0.373228
0.368624
0.371912
0.378964
0.395639
0.402828
0.410088
0.401471
0.398924
0.379094
0.372518
0.376345
0.364781
0.361054
0.35877
0.34989
0.355654
0.345588
0.334898
0.33423
0.333416
0.336345
0.348444
0.346646
0.345178
0.342221
0.346928
0.355796
0.366605
0.373908
0.377608
0.381097
0.386865
0.39234
0.400907
0.403221
0.405107
0.404905
0.405979
0.397221
0.404021
0.397642
0.394423
0.391872
0.388302
0.389798
0.376189
0.387354
0.368793
0.350786
0.357513
0.365302
0.343784
0.34396
0.351745
0.341615
0.344938
0.361587
0.360942
0.364792
0.368072
0.360543
0.365202
0.365223
0.3597
0.368605
0.369244
0.380071
0.373195
0.374487
0.376828
0.37889
0.381996
0.386833
0.379417
0.376366
0.391437
0.383172
0.375953
0.382483
0.385922
0.387461
0.383158
0.373511
0.377162
0.369938
0.359721
0.35426
0.351832
0.350881
0.351426
0.352722
0.358577
0.366134
0.368363
0.379511
0.370113
0.364845
0.375209
0.376699
0.384616
0.383519
0.383759
0.382466
0.38287
0.37025
0.36265
0.363771
0.36632
0.364789
0.370296
0.36624
0.357472
0.351222
0.347347
0.346719
0.34299
0.35182
0.350567
0.351673
0.348075
0.346438
0.343832
0.349072
0.353517
0.3582
0.364391
0.366685
0.367274
0.375876
0.390808
0.395715
0.398119
0.396999
0.404394
0.409344
0.401155
0.388335
0.391839
0.376463
0.377421
0.376275
0.379311
0.372451
0.356223
0.359776
0.347474
0.345753
0.339956
0.346588
0.342179
0.332162
0.346758
0.348435
0.346011
0.350315
0.357362
0.358463
0.359907
0.373972
0.380661
0.381647
0.38719
0.39389
0.392025
0.397821
0.40123
0.401424
0.405702
0.404062
0.39721
0.394163
0.391546
0.398026
0.391585
0.391822
0.384754
0.376696
0.37358
0.368708
0.356601
0.354704
0.356445
0.352998
0.34866
0.348678
0.35259
0.353095
0.352767
0.367446
0.362665
0.365962
0.389584
0.390772
0.376757
0.397945
0.403009
0.395293
0.386618
0.389593
0.387168
0.389533
0.379794
0.370101
0.36546
0.362613
0.349248
0.346113
0.3511
0.344522
0.334541
0.333765
0.330755
0.323137
0.331746
0.334632
0.339458
0.340794
0.343881
0.35306
0.349919
0.354468
0.367023
0.364065
0.361551
0.360456
0.367584
0.366493
0.373986
0.381255
0.380259
0.374149
0.380892
0.38358
0.370076
0.376429
0.388392
0.39253
0.385483
0.38285
0.384394
0.369571
0.366473
0.368007
0.36068
0.354711
0.355813
0.355876
0.348905
0.348068
0.357321
0.366055
0.351715
0.354279
0.366463
0.367536
0.379411
0.370878
0.372843
0.376143
0.370112
0.364677
0.371607
0.389659
0.389207
0.377564
0.381859
0.390026
0.379407
0.369658
0.368302
0.362048
0.352413
0.343126
0.345269
0.351506
0.345187
0.338022
0.339313
0.334265
0.358294
0.351178
0.351164
0.354502
0.353206
0.354426
0.361441
0.367556
0.380299
0.37842
0.376505
0.376704
0.371322
0.371376
0.379575
0.373334
0.376281
0.369741
0.359296
0.404145
0.39908
0.395924
0.392121
0.396968
0.398642
0.390307
0.390332
0.385983
0.389551
0.372435
0.369574
0.36253
0.362221
0.355442
0.354059
0.347145
0.335679
0.339123
0.346488
0.350007
0.343673
0.353148
0.357068
0.371807
0.372572
0.376574
0.380191
0.384955
0.38967
0.385384
0.399043
0.405126
0.404532
0.40341
0.387377
0.386972
0.379286
0.379874
0.372903
0.365708
0.3706
0.371785
0.366649
0.353866
0.360934
0.362132
0.365863
0.360986
0.354339
0.356299
0.36412
0.362796
0.373303
0.371116
0.361485
0.364448
0.369928
0.37604
0.370623
0.376405
0.370725
0.365323
0.36369
0.357287
0.353637
0.36225
0.36856
0.365464
0.365111
0.369454
0.378934
0.380928
0.384936
0.373427
0.375612
0.385485
0.388262
0.391344
0.381634
0.372394
0.363538
0.376481
0.363996
0.355671
0.371729
0.369127
0.355736
0.348401
0.353574
0.34345
0.347556
0.348387
0.362833
0.353259
0.360356
0.365992
0.36046
0.354445
0.369157
0.365122
0.379775
0.388679
0.394185
0.389494
0.386001
0.391865
0.386818
0.378778
0.377463
0.39055
0.384821
0.384842
0.388779
0.39276
0.380328
0.375505
0.369353
0.372473
0.36664
0.365948
0.360281
0.365556
0.361437
0.359048
0.357903
0.349349
0.347333
0.351966
0.34676
0.348329
0.344315
0.33824
0.34784
0.340529
0.334649
0.327853
0.334424
0.341382
0.35027
0.343917
0.348521
0.356205
0.376834
0.368837
0.369532
0.369473
0.378002
0.378457
0.366751
0.378633
0.379407
0.374336
0.376589
0.366825
0.353386
0.361471
0.361438
0.362901
0.355059
0.367988
0.366792
0.370423
0.366153
0.369565
0.376287
0.363841
