2theta,Intensity
0.0,36915.39356658022
0.05,773726.1091501757
0.1,4344252.75289507
0.15,6239889.095000031
0.2,6612202.852126641
0.25,6930127.220627387
0.3,7271541.261306822
0.35,7638816.950014604
0.4,8034633.352119371
0.45,8462025.58867465
0.5,8924443.158098197
0.55,9429024.091257371
0.6,9981657.478864254
0.65,10589575.327897599
0.7,11312736.344413022
0.75,12153870.852634892
0.8,13259071.20802035
0.85,14570684.773788465
0.9,16367177.414447863
0.95,18338652.28336245
1.0,20324076.888221003
1.05,22501387.423577584
1.1,24937247.720173325
1.15,27451625.21814081
1.2,30105835.087532587
1.25,32906061.15215057
1.3,35921181.72144721
1.35,39273015.24044471
1.4,43096259.01962576
1.45,47485112.68212753
1.5,52585250.61914023
1.55,58595590.603458986
1.6,65765721.542895734
1.65,74427357.09631555
1.7,85155877.21147603
1.75,98408524.76024324
1.8,115178201.3818502
1.85,136919025.80729732
1.9,165892113.43125352
1.95,205790690.04725978
2.0,262986737.46528912
2.05,349633190.24034494
2.1,496328029.31831884
2.15,826113544.0329587
2.2,1837390460.9857638
2.25,4719045184.842026
2.3,11919861240.840034
2.35,16605007436.926107
2.4,14189599730.21071
2.45,8970107633.165318
2.5,5852426861.451207
2.55,4877452664.831089
2.6,4737453606.535809
2.65,4844794006.391558
2.7,5066284227.4722395
2.75,5379703185.513125
2.8,5780827203.304708
2.85,6281976727.610804
2.9,6928880219.514927
2.95,7823245570.276671
3.0,9024978257.323694
3.05,10566094781.92903
3.1,12447837372.452326
3.15,14240560658.176865
3.2,15361820672.631512
3.25,16053802480.784014
3.3,16699726699.925985
3.35,17219193450.710403
3.4,17480030698.56791
3.45,17629004583.27712
3.5,17913421079.337128
3.55,18538219017.925293
3.6,19624174702.055077
3.65,21208074609.58169
3.7,23276368871.8219
3.75,25872156456.833923
3.8,29109753503.70813
3.85,33158938433.934128
3.9,38240171148.049774
3.95,44527029319.05044
4.0,52272936377.3849
4.05,62249096848.081566
4.1,75616815301.60696
4.15,94015894109.98318
4.2,120162289525.48259
4.25,158964230479.0359
4.3,220496876176.48062
4.35,336191966037.80554
4.4,663682457324.4869
4.45,1786453528161.6812
4.5,4448896328966.849
4.55,7150025034136.886
4.6,6222375249917.643
4.65,3351846063919.664
4.7,1448078146583.3584
4.75,675555389921.3993
4.8,425926911421.615
4.85,377557432704.8192
4.9,427064125586.84814
4.95,524412575105.3837
5.0,620745336075.9044
5.05,670858259359.8492
5.1,649408884312.8104
5.15,575425301642.0244
5.2,492020151696.35736
5.25,410718695490.0883
5.3,329072417850.8155
5.35,250758241822.9165
5.4,182492314844.4722
5.45,129995523344.89275
5.5,93739562861.55305
5.55,70920922293.57385
5.6,56592377955.63744
5.65,47384539467.15839
5.7,41245978740.47073
5.75,36504087176.480576
5.8,33414981348.701046
5.85,33237036158.47123
5.9,35415478155.42405
5.95,40447306981.74822
6.0,50616142355.674835
6.05,64536562112.88663
6.1,77963905777.34608
6.15,92251340303.16368
6.2,109079910050.09753
6.25,126315834764.71309
6.3,143059511952.05664
6.35,158082301027.39575
6.4,165548139792.13977
6.45,166785463107.38394
6.5,169722895617.24954
6.55,175133821513.2263
6.6,178818819078.4403
6.65,178637358440.6689
6.7,173882739924.91705
6.75,168819202990.67188
6.8,160259605518.6788
6.85,148325831595.56595
6.9,130584773579.36087
6.95,110328082135.32698
7.0,90337032234.37654
7.05,71733165440.04019
7.1,54577241047.653915
7.15,40035909898.85932
7.2,30319219378.84621
7.25,24837226695.02347
7.3,21219447857.3867
7.35,18601500529.788925
7.4,16627196271.25516
7.45,15057556837.874622
7.5,14613508033.55336
7.55,15801269515.446552
7.6,17663431371.736073
7.65,19820177310.460625
7.7,24343417581.67654
7.75,35593908909.05759
7.8,63631526443.20349
7.85,112210546781.90962
7.9,148919933968.28818
7.95,143474532034.28036
8.0,125008315105.47609
8.05,117049169914.03102
8.1,116238749491.89415
8.15,116385319171.94203
8.2,115175592056.91081
8.25,111342297570.56339
8.3,104535274618.90321
8.35,97498481776.68143
8.4,90406165722.00331
8.45,83268951280.93219
8.5,78028312552.06363
8.55,73853162346.16472
8.6,69672987977.06406
8.65,65616123488.73396
8.7,61871765439.022446
8.75,57215638897.034225
8.8,50811557540.98089
8.85,45864220248.89384
8.9,43581412740.66491
8.95,43742406866.88059
9.0,49983092115.406876
9.05,67377527229.59638
9.1,91534331580.15356
9.15,105081769190.26602
9.2,104211884795.47433
9.25,99677505376.70764
9.3,96528885749.42665
9.35,91155893237.395
9.4,81244079767.08076
9.45,69566933924.00562
9.5,59725071891.77845
9.55,52606578542.65624
9.6,47925010263.616745
9.65,44902170714.315315
9.7,43190633366.624504
9.75,42534772907.598656
9.8,42048659548.6787
9.85,41161508422.764175
9.9,40981174171.89416
9.95,42356149001.840836
10.0,44565804292.2897
10.05,45924961082.2159
10.1,46716380666.94622
10.15,49504718470.10117
10.2,54703711981.09114
10.25,59677785164.82895
10.3,63071033498.17871
10.35,65638862472.13842
10.4,68584675622.60099
10.45,70863983100.50507
10.5,71733227728.39633
10.55,71232759130.63116
10.6,69916475889.89703
10.65,69233812882.64757
10.7,68213207220.5012
10.75,65104132440.4394
10.8,61304366094.93886
10.85,59110148284.319954
10.9,56708186207.82067
10.95,54035010899.37538
11.0,52074760294.24401
11.05,50594589298.851166
11.1,50247322947.58749
11.15,51251968362.94861
11.2,52049796463.93468
11.25,52417640683.48508
11.3,52672624330.04882
11.35,51745369593.88591
11.4,49888543528.128586
11.45,48804317212.47472
11.5,47813798213.2912
11.55,46595361583.04202
11.6,46846943900.94149
11.65,48323327187.7833
11.7,49171045876.83493
11.75,49034151081.64817
11.8,48868770560.547806
11.85,48830839615.40841
11.9,48202426955.44943
11.95,47154891148.99423
12.0,47652484119.95079
12.05,49164311257.80995
12.1,48306867896.18499
12.15,45059349117.06764
12.2,41844191435.00794
12.25,39079528062.30279
12.3,36820894058.87187
12.35,35465113194.908226
12.4,35006497880.14373
12.45,34642587163.46784
12.5,33269166539.049988
12.55,31388477114.09617
12.6,30313464285.325386
12.65,29927682112.674374
12.7,29065247715.42862
12.75,28246345911.09418
12.8,28080935440.298454
12.85,28291756831.296715
12.9,28885486431.440144
12.95,29827816207.4827
13.0,30404138977.481003
13.05,30332090093.263428
13.1,29891478841.304035
13.15,29587749488.949757
13.2,29302806416.597466
13.25,28982195914.402992
13.3,28731808326.751816
13.35,28882574044.631466
13.4,29473548257.25112
13.45,30127057576.208984
13.5,31408602016.633896
13.55,33236294390.41472
13.6,35121740101.06376
13.65,37070093807.93231
13.7,39313084867.08935
13.75,42329446526.90944
13.8,46170244293.61582
13.85,49265690104.29719
13.9,50740887727.620735
13.95,50546597833.87956
14.0,48700571959.37521
14.05,46795476910.816826
14.1,45767386829.86219
14.15,44934600954.909325
14.2,43893743285.55237
14.25,42414655317.78543
14.3,41134734468.511215
14.35,40041782706.646835
14.4,39478097383.72398
14.45,39607680688.024254
14.5,40198948151.92821
14.55,40770446645.352455
14.6,40636348633.268036
14.65,40550492075.877144
14.7,40919093149.28276
14.75,41968510074.231674
14.8,43276230002.144035
14.85,43448413447.71627
14.9,42890821245.20775
14.95,41817738649.82882
15.0,40595435551.27901
15.05,39960381430.99682
15.1,39341936321.95407
15.15,38844811970.829185
15.2,39000230597.13175
15.25,39004852534.82143
15.3,37872980734.77731
15.35,35848523827.353004
15.4,33874550096.328022
15.45,32727977434.240345
15.5,32144384523.23082
15.55,31799802210.120243
15.6,31861385296.023212
15.65,32717172447.344448
15.7,35307435213.66502
15.75,40259757433.03672
15.8,45305151353.33071
15.85,46414163923.73459
15.9,43827759349.881096
15.95,40528102780.376175
16.0,37843084217.75734
16.05,35408454362.43388
16.1,33343225866.958572
16.15,31745980636.78288
16.2,30490569652.065327
16.25,30243357238.59235
16.3,31451697887.322426
16.35,33626067548.951958
16.4,35917683655.04158
16.45,37526551016.529884
16.5,38058657059.89949
16.55,37862881409.247765
16.6,37310969865.59797
16.65,36396950953.737015
16.7,35562342927.13418
16.75,35570087256.21104
16.8,36187738288.04432
16.85,36173644910.23898
16.9,35837271247.32565
16.95,35878612287.083885
17.0,35863477156.70627
17.05,35781558758.79097
17.1,36037028076.04446
17.15,36750837276.84613
17.2,37184488453.5727
17.25,36834889164.15955
17.3,35881853860.03549
17.35,35006293435.803535
17.4,34095729756.99374
17.45,33107613203.60491
17.5,32326455587.693554
17.55,31715797810.039032
17.6,30776317368.541706
17.65,29303615485.173515
17.7,28099790238.630863
17.75,28009797403.624866
17.8,28680214724.798004
17.85,28892925522.74984
17.9,28480480112.87947
17.95,27987784837.746235
18.0,27382883150.16498
18.05,26736607485.657402
18.1,26381363807.684635
18.15,26035469682.927155
18.2,25366246836.204197
18.25,24702034741.28581
18.3,24429667760.927895
18.35,24326465453.805164
18.4,24273027800.89999
18.45,24192834620.76123
18.5,24083207348.826946
18.55,23720220335.79387
18.6,23509538583.738316
18.65,23681892277.77168
18.7,23820200155.81195
18.75,23883573123.02099
18.8,23917508185.149986
18.85,23947296174.86825
18.9,24230064297.964485
18.95,24752215960.795265
19.0,25306350659.621956
19.05,25878442533.326595
19.1,26421529153.09857
19.15,26775944597.342896
19.2,26848495547.63755
19.25,26795941617.559666
19.3,27231851537.55308
19.35,27906625645.31409
19.4,28228934800.852978
19.45,28329117212.958385
19.5,28454413628.197735
19.55,28977896008.29601
19.6,29598105960.248768
19.65,30085325411.865627
19.7,30414138390.51883
19.75,31356797703.657063
19.8,33972148503.458103
19.85,38579780184.47395
19.9,42956139400.477165
19.95,44120311059.2671
20.0,42362723930.13191
20.05,39177722831.50197
20.1,36147198892.04283
20.15,34582633706.267525
20.2,33946608020.727077
20.25,33403511611.508926
20.3,32535751562.058105
20.35,31387723780.995987
20.4,30110635328.702404
20.45,28901620889.27138
20.5,27810636300.185986
20.55,27090265776.590263
20.6,26729751751.95841
20.65,26632795870.020187
20.7,26692022027.851856
20.75,26735743783.326504
20.8,26817991869.246395
20.85,27007573568.546005
20.9,27218811708.165207
20.95,27883507273.51875
21.0,29081635831.907394
21.05,30036057538.078804
21.1,30320639904.730316
21.15,30198611837.061787
21.2,30160033112.617786
21.25,30392950413.56175
21.3,30635255123.199158
21.35,31341533445.09081
21.4,32587025836.10037
21.45,33599678891.526814
21.5,34412350776.55374
21.55,35554411627.87124
21.6,36541510961.083855
21.65,36873774114.477486
21.7,37092649561.94505
21.75,37631179733.71976
21.8,38025490472.72623
21.85,37758580516.75154
21.9,37265686621.42496
21.95,36812816486.42826
22.0,36200043709.13341
22.05,36074207933.62417
22.1,36601646386.61587
22.15,37575110154.63835
22.2,38626947297.183655
22.25,38825313973.64416
22.3,38240730532.254364
22.35,37633669391.02706
22.4,36981523779.00916
22.45,36580465965.11865
22.5,36799167415.14682
22.55,37365726007.38932
22.6,37928670341.93798
22.65,37901460952.964645
22.7,37494821835.71446
22.75,37408199369.02673
22.8,38007265853.054115
22.85,38745306669.40138
22.9,39204227488.82942
22.95,38671298485.2422
23.0,37573975110.857704
23.05,36131250945.38022
23.1,34138264059.49873
23.15,32121076236.52381
23.2,30956526081.913715
23.25,30434935184.87942
23.3,29795105883.223614
23.35,29145185678.48952
23.4,29010951733.592846
23.45,29238900319.38027
23.5,29303911932.767574
23.55,29370348327.223267
23.6,29972679076.775463
23.65,31361035496.87817
23.7,32812371413.953182
23.75,34076794492.51054
23.8,35278992333.60957
23.85,36259133915.59267
23.9,36803778418.162994
23.95,37203006352.722145
24.0,37256983040.2732
24.05,37241461159.26362
24.1,37470897120.61201
24.15,37991813405.46764
24.2,38555442090.55596
24.25,38388542725.053535
24.3,37518907733.497
24.35,36164945109.78184
24.4,34761474544.03491
24.45,33758716220.762688
24.5,33056858598.525146
24.55,32509790241.595493
24.6,32133497308.91635
24.65,31294082857.321686
24.7,30030317095.51204
24.75,28924173684.748188
24.8,28047755546.370102
24.85,27276337893.07793
24.9,26513047210.318485
24.95,25406835447.85068
25.0,24167949248.337708
25.05,23227100763.13272
25.1,22404064307.763596
25.15,21452070892.931602
25.2,20617708273.600048
25.25,20044985242.692398
25.3,19372768059.072674
25.35,18426980628.3381
25.4,17484521120.377705
25.45,16995131516.308817
25.5,16947062333.11836
25.55,16886070926.397081
25.6,16813407106.767405
25.65,16788675215.33276
25.7,16847311968.427952
25.75,17069078523.88409
25.8,17364203683.809677
25.85,17531626431.512573
25.9,17670287647.6849
25.95,17876605880.555798
26.0,18126169336.61643
26.05,18474136436.956646
26.1,19014830441.86168
26.15,19455995557.14196
26.2,19595377659.122017
26.25,19678756784.078087
26.3,19876053162.109188
26.35,20025119404.94009
26.4,19912990821.795082
26.45,19545264033.060173
26.5,19261497605.87867
26.55,19118361720.87339
26.6,18772772984.835064
26.65,17948108631.416214
26.7,17016677657.00012
26.75,16291241335.202135
26.8,15693264003.350613
26.85,15250165913.581562
26.9,14973980950.109385
26.95,14611515369.068134
27.0,14097520326.441326
27.05,13526061662.19783
27.1,12928677951.019836
27.15,12361171510.696993
27.2,11966228580.723406
27.25,11765643968.330366
27.3,11714139681.534216
27.35,11872552576.596207
27.4,12322013167.368267
27.45,13036421327.725956
27.5,13983893658.824667
27.55,14967817614.126396
27.6,15635849860.341707
27.65,16010006083.501635
27.7,16357574605.250856
27.75,16793299823.106085
27.8,17559520011.767605
27.85,19024892476.60241
27.9,21097652605.166157
27.95,23301248656.744167
28.0,26139384316.946407
28.05,29039734427.71069
28.1,31261309106.15607
28.15,34634760164.96713
28.2,38583239172.71462
28.25,40835978782.94163
28.3,43131750607.19849
28.35,47373190272.54986
28.4,51420874522.46029
28.45,52786017205.53196
28.5,51381129382.62981
28.55,50285819840.40488
28.6,50619747857.393875
28.65,50625990787.81879
28.7,49486465586.45314
28.75,47784660199.68233
28.8,45947444440.5656
28.85,44428687910.192764
28.9,42747416590.38321
28.95,40216586700.88603
29.0,37065907042.92515
29.05,34002203880.09948
29.1,30432369670.46055
29.15,26875310349.68473
29.2,23929631461.36125
29.25,21911588805.71445
29.3,20260381195.35784
29.35,18160069679.737343
29.4,16528026453.755001
29.45,15466738672.79019
29.5,14487355142.405462
29.55,13321017133.775723
29.6,12190717491.682072
29.65,11314321916.63991
29.7,10781567383.803078
29.75,10433775022.225945
29.8,10030876107.256617
29.85,9519736636.573956
29.9,9044424731.824083
29.95,8657812559.303703
30.0,8413715025.195274
30.05,8205905881.865384
30.1,7986266130.325496
30.15,7725451174.674127
30.2,7504763474.426883
30.25,7293195101.280578
30.3,7035713367.091367
30.35,6790603595.780279
30.4,6651313187.268185
30.45,6629764719.721393
30.5,6666305555.561346
30.55,6696729886.325847
30.6,6684309249.664021
30.65,6696591266.367634
30.7,6813721589.811748
30.75,6950372143.41059
30.8,7092395967.463023
30.85,7226342015.852705
30.9,7275087454.138872
30.95,7260278724.546509
31.0,7248377986.981915
31.05,7291106963.833259
31.1,7322357608.412327
31.15,7282383276.965496
31.2,7228987786.584795
31.25,7182529979.598512
31.3,7126274671.241247
31.35,7037010096.985557
31.4,6922226524.970343
31.45,6801204012.808106
31.5,6651584056.463714
31.55,6458359562.422828
31.6,6257709740.548759
31.65,6068177026.126723
31.7,5874508196.748266
31.75,5721235992.224553
31.8,5616654829.079091
31.85,5531066214.904661
31.9,5450735195.243653
31.95,5384310256.094409
32.0,5341170434.6755
32.05,5334694438.979028
32.1,5496159816.875531
32.15,5908818112.140829
32.2,6428309182.93449
32.25,6805205704.404986
32.3,6944847809.227913
32.35,6895811348.448426
32.4,6746456273.575577
32.45,6606564277.911096
32.5,6500458036.167465
32.55,6441545867.310286
32.6,6391491891.033082
32.65,6294437236.615917
32.7,6156734718.227169
32.75,6045730797.6113
32.8,5952201620.237449
32.85,5854248480.226512
32.9,5754423728.504259
32.95,5678393667.755093
33.0,5643241505.590423
33.05,5593062748.632284
33.1,5540617547.293255
33.15,5532922269.978318
33.2,5560525605.617381
33.25,5588234410.9145775
33.3,5650417671.188616
33.35,5746946620.562378
33.4,5836346202.2481785
33.45,5902894328.045301
33.5,5947096439.634218
33.55,5968216021.403122
33.6,5936243738.104934
33.65,5869789507.783565
33.7,5809104798.925012
33.75,5758482106.835499
33.8,5692542831.293483
33.85,5620319662.410412
33.9,5552471383.323054
33.95,5477494181.094666
34.0,5365476433.3869705
34.05,5228440594.40116
34.1,5119775665.973386
34.15,5030466758.79891
34.2,4932358102.256718
34.25,4854697619.314606
34.3,4831581771.486455
34.35,4819188173.680588
34.4,4777319029.272832
34.45,4718971895.142132
34.5,4640316058.718138
34.55,4587195733.214652
34.6,4580110858.157521
34.65,4604888868.810812
34.7,4667756674.358473
34.75,4776112703.689292
34.8,4866775258.271601
34.85,4916049882.627837
34.9,4918568427.120217
34.95,4877869104.19292
35.0,4810159008.617929
35.05,4709008526.044693
35.1,4620222331.605349
35.15,4573006218.873577
35.2,4537946773.135218
35.25,4491712850.755088
35.3,4440688517.73898
35.35,4420975007.147738
35.4,4424506424.558935
35.45,4433795213.350491
35.5,4460610005.68029
35.55,4483014328.545331
35.6,4491608969.513276
35.65,4522993991.468656
35.7,4571153992.972861
35.75,4606412725.092593
35.8,4647266959.018412
35.85,4693808295.35749
35.9,4747513487.821348
35.95,4801316684.224117
36.0,4855650132.560982
36.05,4939083711.626037
36.1,5041548215.685315
36.15,5128721593.257289
36.2,5180140382.4624195
36.25,5200709259.745953
36.3,5201041424.641506
36.35,5177819272.173186
36.4,5117810109.728568
36.45,5052803805.911027
36.5,5024777309.040143
36.55,5025998458.753407
36.6,5038051156.832322
36.65,5069047266.620603
36.7,5121784936.850183
36.75,5174837354.815589
36.8,5197968600.7998295
36.85,5231023504.135704
36.9,5303540091.274928
36.95,5428900336.841403
37.0,5548809102.798842
37.05,5611243064.309671
37.1,5620427981.79548
37.15,5609686370.856987
37.2,5580204882.589329
37.25,5527198094.411614
37.3,5443326933.81018
37.35,5356839811.8722725
37.4,5276325393.470044
37.45,5198675608.908013
37.5,5119516047.238347
37.55,5051366456.590327
37.6,5000760639.294602
37.65,4993882050.889884
37.7,5066224834.349127
37.75,5163883057.813035
37.8,5235490213.265144
37.85,5290867483.196401
37.9,5347507142.395067
37.95,5406268775.669405
38.0,5467994037.945882
38.05,5474063181.107331
38.1,5438542154.75341
38.15,5409941137.290349
38.2,5432600781.388921
38.25,5488130794.573965
38.3,5503449585.694271
38.35,5451435241.113042
38.4,5373541181.365151
38.45,5307243293.013031
38.5,5267567721.266691
38.55,5232656981.09918
38.6,5208602421.314477
38.65,5194221095.759658
38.7,5158170599.808126
38.75,5089626111.329583
38.8,5004042543.084371
38.85,4940475800.884911
38.9,4921964935.912855
38.95,4901715849.541712
39.0,4841069501.88866
39.05,4778820915.065133
39.1,4731067544.761192
39.15,4682047868.938432
39.2,4629605621.203752
39.25,4596243967.040091
39.3,4607733535.689578
39.35,4665798571.2781315
39.4,4774120185.072747
39.45,5000186675.20471
39.5,5337116809.124296
39.55,5699013258.501232
39.6,6035005829.353756
39.65,6290871027.721791
39.7,6392599465.660643
39.75,6368578785.453104
39.8,6258296988.7954
39.85,6105917992.932877
39.9,5952804749.811148
39.95,5809061049.056502
40.0,5702613413.665349
40.05,5611041156.0807295
40.1,5546283165.87093
40.15,5538450536.628855
40.2,5579132584.245054
40.25,5617773640.381779
40.3,5632828100.700866
40.35,5636036229.186452
40.4,5653067671.154074
40.45,5670367789.852532
40.5,5669610532.791711
40.55,5632854526.743767
40.6,5571922669.508313
40.65,5529161599.71643
40.7,5531898836.948966
40.75,5530542123.582981
40.8,5507650137.87363
40.85,5492238195.894126
40.9,5516425235.151856
40.95,5592706462.05723
41.0,5698516689.988254
41.05,5811835253.499038
41.1,5944400629.48049
41.15,6109738708.482065
41.2,6238728308.982449
41.25,6292962604.483948
41.3,6321577394.589298
41.35,6325244887.904828
41.4,6244389467.092674
41.45,6092705410.038896
41.5,5911528735.621276
41.55,5738633826.981749
41.6,5611128857.80529
41.65,5544302911.027272
41.7,5541190274.355755
41.75,5606915247.110194
41.8,5712170469.402344
41.85,5813929728.64544
41.9,5897525116.478606
41.95,5953962279.487255
42.0,5947131182.086907
42.05,5877508973.354133
42.1,5781328587.861579
42.15,5705435273.25545
42.2,5677800086.380147
42.25,5675535405.660834
42.3,5691018635.243476
42.35,5804418311.24392
42.4,6143078556.990177
42.45,6789757801.204822
42.5,7720037411.790843
42.55,8860348519.456432
42.6,10069861060.455107
42.65,11070861991.870966
42.7,11655304366.773325
42.75,11698767820.512962
42.8,11257925660.874704
42.85,10602152557.63657
42.9,9954739461.422754
42.95,9304399999.04624
43.0,8737822963.377785
43.05,8301913196.031989
43.1,8008760621.2633
43.15,7807355471.238086
43.2,7654784084.554409
43.25,7560234536.803125
43.3,7544384573.556248
43.35,7573224907.611407
43.4,7629469161.355503
43.45,7692000802.205896
43.5,7715270832.428247
43.55,7693662050.62249
43.6,7602928214.507089
43.65,7481670369.950005
43.7,7354714088.415958
43.75,7196058343.099817
43.8,7064171346.981683
43.85,7004282151.298066
43.9,7015376158.073428
43.95,7042402152.548414
44.0,7013825478.384303
44.05,6955048272.632482
44.1,6907865766.9142475
44.15,6914216340.23403
44.2,6989806180.872033
44.25,7151804127.19773
44.3,7397345843.55341
44.35,7668730103.602637
44.4,7942038151.714823
44.45,8145357166.476838
44.5,8252474094.173816
44.55,8264343348.100404
44.6,8235078099.23261
44.65,8125829035.13221
44.7,7962889201.906461
44.75,7833579283.8439045
44.8,7701783847.647155
44.85,7594817015.831265
44.9,7567120392.515228
44.95,7592774390.240423
45.0,7630932213.331736
45.05,7544450902.772548
45.1,7342854379.910967
45.15,7143383280.6367
45.2,6990822861.2881155
45.25,6889989324.518603
45.3,6822220066.693843
45.35,6774429973.356625
45.4,6739856362.84194
45.45,6740533954.13853
45.5,6736026649.497045
45.55,6693894208.640135
45.6,6608852480.184563
45.65,6524469660.451686
45.7,6499026721.558255
45.75,6539050562.237585
45.8,6630776393.935208
45.85,6782763202.436868
45.9,6950462734.484413
45.95,7113665803.305965
46.0,7251805692.036955
46.05,7305063985.636204
46.1,7198530001.782357
46.15,6979966730.852732
46.2,6755227876.954277
46.25,6556825564.700876
46.3,6390627598.153344
46.35,6284905345.603907
46.4,6215754390.346572
46.45,6159863119.691171
46.5,6086723147.78797
46.55,6014540171.482844
46.6,5986410109.870248
46.65,5986618589.552896
46.7,6001678822.685369
46.75,6025822233.1038
46.8,6040881888.691578
46.85,6020637194.685735
46.9,5949277694.1621
46.95,5854922126.930684
47.0,5781773849.849646
47.05,5701427139.592617
47.1,5596845607.668731
47.15,5494361650.290713
47.2,5443600917.948266
47.25,5448578720.868232
47.3,5485911926.091582
47.35,5522458432.584193
47.4,5563742702.134026
47.45,5601101834.781769
47.5,5620260038.05563
47.55,5604480637.61853
47.6,5557787607.534442
47.65,5487426358.710511
47.7,5394753739.60906
47.75,5310785484.294714
47.8,5246546048.117507
47.85,5201235778.673888
47.9,5157390812.180935
47.95,5104575474.421191
48.0,5045891838.742571
48.05,4989220467.5542965
48.1,4944317060.628768
48.15,4914052106.177269
48.2,4916566799.832269
48.25,4920878973.822594
48.3,4898184421.618299
48.35,4860841246.603348
48.4,4849283768.256536
48.45,4864546547.281701
48.5,4873464769.57316
48.55,4877784836.52132
48.6,4884977875.152444
48.65,4899619909.922147
48.7,4931271819.064354
48.75,4961178854.534709
48.8,4948690689.289182
48.85,4897667451.946619
48.9,4849776580.875165
48.95,4815886443.854461
49.0,4797071028.7661495
49.05,4780718712.410222
49.1,4745910940.009432
49.15,4722692003.066716
49.2,4726331348.334556
49.25,4744106976.516274
49.3,4769201196.850304
49.35,4790790590.09294
49.4,4807238224.141631
49.45,4823468946.087128
49.5,4821475104.688299
49.55,4793201724.788144
49.6,4741752279.16183
49.65,4672360454.140714
49.7,4567529927.344615
49.75,4442096135.837562
49.8,4334356703.757198
49.85,4222809349.295787
49.9,3977231987.0029984
49.95,3349682315.608555
50.0,2210094719.5704007
