0.66233
0.660874
0.662937
0.671635
0.668284
0.657632
0.656419
0.668117
0.660576
0.66372
0.667281
0.667857
0.662363
0.658503
0.651586
0.65684
0.661129
0.661215
0.661325
0.657028
0.657338
0.663619
0.659571
0.658
0.666522
0.666701
0.665823
0.670021
0.66644
0.662608
0.661683
0.671166
0.659298
0.661178
0.655886
0.657328
0.657399
0.656069
0.657935
0.646212
0.643781
0.647828
0.65094
0.645068
0.659468
0.665739
0.660741
0.66524
0.668413
0.665235
0.664017
0.672001
0.673249
0.681801
0.681168
0.677832
0.675892
0.671557
0.672156
0.669219
0.672079
0.670649
0.665174
0.667386
0.662373
0.655882
0.655126
0.65139
0.652496
0.645204
0.646462
0.644274
0.638834
0.640428
0.646996
0.641056
0.642957
0.649049
0.654125
0.648121
0.65504
0.656585
0.651429
0.658906
0.669925
0.662913
0.656077
0.672904
0.672559
0.66336
0.67132
0.671619
0.66282
0.659386
0.659736
0.658385
0.663813
0.664473
0.664434
0.662589
0.657433
0.657198
0.656018
0.661852
0.655119
0.658126
0.658062
0.65184
0.652306
0.655391
0.657162
0.646337
0.655058
0.659658
0.652751
0.655573
0.65813
0.656822
0.65683
0.654007
0.664075
0.668109
0.667118
0.663195
0.668793
0.669653
0.669083
0.663736
0.661871
0.665104
0.656986
0.660158
0.662382
0.653858
0.661005
0.662999
0.657942
0.65753
0.657139
0.654704
0.659014
0.664553
0.665253
0.661535
0.667053
0.658932
0.66259
0.666718
0.665297
0.663121
0.670091
0.672518
0.665112
0.663687
0.664442
0.669396
0.666787
0.666993
0.66653
0.665692
0.668155
0.664123
0.660877
0.658
0.659791
0.650788
0.646088
0.645535
0.650715
0.647059
0.641677
0.650621
0.651499
0.648225
0.655221
0.654441
0.660865
0.660847
0.666755
0.668121
0.671714
0.67439
0.677747
0.677538
0.672269
0.672162
0.685408
0.675784
0.677314
0.679169
0.67463
0.665059
0.665806
0.671469
0.661369
0.657628
0.661169
0.656869
0.650774
0.650469
0.651047
0.649669
0.652676
0.648259
0.64429
0.65037
0.653706
0.653819
0.649037
0.652902
0.654209
0.652365
0.657472
0.658493
0.658153
0.661805
0.668162
0.660224
0.663838
0.66923
0.669195
0.667442
0.672152
0.673722
0.658601
0.665445
0.662183
0.652833
0.64829
0.659134
0.645818
0.644319
0.65015
0.652668
0.644262
0.648297
0.651207
0.652985
0.655677
0.659443
0.6637
0.668102
0.671265
0.665527
0.667591
0.675553
0.677123
0.675222
0.680827
0.677224
0.677362
0.667731
0.674894
0.673682
0.67033
0.674442
0.669547
0.662992
0.662886
0.66565
0.663973
0.661074
0.66486
0.659561
0.653106
0.655693
0.659274
0.652854
0.650017
0.658424
0.65528
0.64797
0.654727
0.658049
0.656481
0.655577
0.663832
0.663078
0.658503
0.666333
0.666271
0.667016
0.668772
0.669714
0.671325
0.664202
0.661102
0.670997
0.668023
0.656729
0.658439
0.658037
0.659697
0.657114
0.658437
0.657459
0.657202
0.655711
0.648431
0.65004
0.65596
0.652947
0.649529
0.657166
0.659167
0.659784
0.663817
0.67156
0.668365
0.671939
0.666656
0.672099
0.669582
0.675876
0.678104
0.66705
0.666329
0.666355
0.664781
0.668165
0.664925
0.662163
0.660217
0.652118
0.656236
0.655148
0.657456
0.6616
0.660605
0.649849
0.657142
0.656425
0.658118
0.66519
0.652405
0.647322
0.649114
0.65456
0.649086
0.64887
0.653333
0.652436
0.652879
0.650322
0.658728
0.659318
0.659256
0.664419
0.668651
0.667497
0.669269
0.671276
0.67134
0.672463
0.668557
0.673121
0.668275
0.66934
0.661634
0.655801
0.656799
0.654058
0.653756
0.650123
0.651298
0.644876
0.646713
0.642718
0.644506
0.650529
0.652071
0.652981
0.65548
0.657007
0.660819
0.663789
0.65988
0.659122
0.665977
0.666788
0.663662
0.664182
0.667616
0.668851
0.667043
0.662786
0.667961
0.661662
0.657476
0.662084
0.660359
0.662291
0.655959
0.65925
0.656207
0.659069
0.661516
0.663569
0.6624
0.663581
0.658845
0.65661
0.662172
0.660074
0.655021
0.654467
0.651917
0.65119
0.656086
0.657593
0.651127
0.649905
0.646491
0.65071
0.654325
0.660179
0.646336
0.655685
0.660723
0.654599
0.659212
0.66435
0.665899
0.665584
0.671617
0.669436
0.666884
0.661461
0.665235
0.660458
0.663948
0.665816
0.663008
0.657353
0.662792
0.654774
0.650922
0.650287
0.653839
0.650257
0.648182
0.651468
0.652097
0.65437
0.647804
0.650519
0.653948
0.648184
0.648403
0.657327
0.653342
0.655199
0.655975
0.65823
0.658564
0.658745
0.660181
0.660328
0.661935
0.663121
0.668863
0.667947
0.665785
0.669051
0.666993
0.672834
0.671122
0.664099
0.671505
0.675334
0.670016
0.672798
0.668849
0.66425
0.670704
0.667584
0.65786
0.651923
0.65702
0.657589
0.657694
0.653435
0.65265
0.656213
0.647064
0.653651
0.654492
0.654116
0.655172
0.664996
0.658421
0.659402
0.661338
0.662801
0.659442
0.6625
0.663207
0.67003
0.664746
0.658186
0.656881
