65060.3
65203.7
65000.7
64158.9
64480.6
65525
65646.2
64496.8
65233.1
64924.1
64577.5
64521.9
65057
65438.4
66133.1
65604
65178.5
65170
65159.2
65585.3
65554.4
64933.9
65332.4
65488.4
64651.1
64633.7
64719
64313.4
64659.1
65033
65123.9
64203.8
65359.5
65173.7
65699.5
65555.4
65548.3
65681.2
65494.9
66683
66934.8
66516.7
66198.7
66801.3
65342.7
64727.1
65216.7
64775.7
64468.2
64776.1
64895
64124
64005.1
63202.3
63261
63572.3
63754.8
64166.4
64109.2
64390.5
64116.5
64253.3
64782.1
64567.4
65056.1
65699.9
65775.7
66153
66040.9
66787.3
66657.3
66883.6
67453.2
67285.3
66602.3
67219.3
67020.6
66391.5
65876.3
66486.6
65784.3
65629.6
66149
65398.3
64322.7
65003.1
65680.3
64037.9
64070.7
64959.3
64189
64160.5
65012.2
65350.7
65316.1
65450.1
64915
64850.5
64854.3
65034.8
65544.9
65568.3
65686.3
65107.3
65776.4
65475.9
65482.3
66107.3
66060.1
65749.1
65572
66670.2
65782.6
65323.9
66015
65730.9
65475.5
65605.9
65605.1
65888.2
64889.3
64497.5
64593.3
64975.4
64431.6
64348.8
64403.7
64922.5
65105.5
64788.9
65589.5
65274.3
65055.2
65903.3
65190.7
64994.6
65494.2
65535.2
65574.2
65818.1
65387.6
64842.7
64774.4
65138.5
64599.6
65395.8
65034.8
64632.1
64770.2
64982.7
64306.8
64074.7
64788.1
64927.3
64853.5
64373.5
64625.4
64605.4
64650.3
64731.7
64493.1
64884.7
65203.4
65488.4
65310.6
66214.1
66695.8
66752.9
66221.6
66595.8
67154.3
66231.2
66141.9
66475.9
65766.2
65844.5
65204.5
65206.3
64628.6
64496.4
64151.4
63896.8
63580.3
63599.9
64098.4
64108.6
62869.7
63765
63621
63447.2
63874.1
64793.4
64720.7
64174.8
65154.8
65525.5
65174.6
65601.2
66215.6
66246.6
66187.8
66328.2
66022.6
66472.5
66881.9
66256.7
65918.6
65907.2
66392.8
65999.8
65868
66054.1
65541
65439.3
65473.2
65111.9
64492.4
65267.8
64912.5
64389.5
64392.9
64562
64109.6
63960.2
65428.7
64755.7
65074.8
66006.8
66469.3
65375.7
66723.7
66879
66279.1
66023.4
66884.9
66468.6
66171.5
65991.4
65720.5
65345.1
64926
64498.2
64194.3
64747.7
64547.6
63786.9
63639
63818.1
63292.7
63629.4
63616.5
64534
63849.1
63964
64283.8
63891.9
64359
64995.3
65005.7
64735.8
64899.3
65183.9
64812.7
65333.4
65979.2
65718.9
65361.9
66004.6
66292.7
65446.3
65760.3
66502.1
65815.8
65483.6
65640
65730.5
64913.1
64986.9
65438.4
64669.4
64675.5
64603.2
64433.6
64342.9
64188.6
64876.9
65181.1
64219.9
64505.8
65615.2
65444.8
65484.8
65320
65576.7
65445
65542.3
65568
65717
66454.9
66290.3
65692.1
65995.2
66342.5
65571.5
65372.4
65311.3
64914.5
64166.1
64472.8
64129.9
64638.1
64114.6
64355.7
63756.4
63546.8
64599.9
64669.8
64667.3
64820.4
64492.1
64806.4
65076.7
65268.5
66079.1
65664.4
65773.5
65542.6
65132.1
65230.1
66309.9
65573.9
65645.5
65476.6
64780.6
66050
66568.6
66384.9
65832.5
66387.7
66409.8
65956.3
66047
66002.1
66261.6
65416
65357.5
65363.7
64855.7
64445.3
64556.7
64385.7
64193.2
64187.1
64079.9
64454.3
64017.3
64481.5
64378.9
65128.7
65708
65608.2
65883.1
65913.6
66281.9
66162.3
66821.2
66631.4
67045.5
66859.6
66240.5
66083.9
65991.8
65740.2
65587.4
65209.1
64917.3
65301.8
65376.9
64704
64625.3
64929.7
64878.9
64545.1
64426
64600.6
65015.6
64511.8
65126
65540.6
65084.5
65254.4
65064.1
65692.2
65364.3
65667.3
65382.2
65140.4
64938.8
65053.4
64937.6
65404.4
65627.1
65075.9
65282.6
65786.2
65842
66099.5
66173.3
65679.5
65529
66179.7
66304.1
66654.3
66222.1
65856.2
65272.2
66670.2
65719.6
65218.6
65828.6
65368
64862.4
64711.6
64742.2
64160.7
64369.7
64616
65145.7
64776.2
65244.7
64901.7
64719.6
64993.7
65552.9
65014.9
65811.1
66200.5
66265.2
65905.1
66268.2
66480.4
66145
66081.2
65851.8
66519.2
66241.6
65894.2
66480.2
66457.8
65555.4
65955.3
65768.4
65690.6
65465.6
65432.3
65414.3
65272
65257.6
65099.1
64982.6
64424.9
64513.2
64722.7
64406.7
64605.4
64044.6
64208
64887
64171.4
63807.5
64314
64048
64426.1
64872.2
64248
64548.3
65502.4
66098.9
65586.1
65529.4
65518.9
65945.9
66025.2
65666.8
66595.2
65924.1
65839.4
65877.2
65771.1
64799.5
65446.6
65349.1
65157.9
65014
65345.2
65043.6
64974.3
64312.6
64823.8
65469.9
65600
