1806.72
1808.45
1784.67
1798.32
1786.39
1818
1802.98
1809.2
1802.64
1782.21
1796.21
1775.26
1796.69
1791.05
1805.22
1785.99
1807.04
1789.86
1835.27
1794.19
1806.97
1810.16
1786.3
1811.77
1768.28
1810.3
1802.5
1813.66
1800.36
1789.21
1795.44
1787.12
1781.25
1801.43
1796.15
1781.94
1787
1781.72
1808.44
1786.36
1805.83
1772.33
1799.07
1781.1
1798.41
1797.32
1808.39
1795.69
1791.23
1800.06
1813.55
1815.89
1816.54
1776.37
1812.45
1812.4
1797.8
1792.47
1821.88
1810.48
1804.62
1799.07
1814.65
1810.24
1800.14
1801.83
1795.26
1807.78
1800.35
1806.13
1787.1
1786.09
1833.03
1804.49
1819.63
1799.62
1800.18
1803.73
1786.36
1800.66
1809.02
1795.39
1799.93
1807.58
1795.23
1787.54
1792.91
1808.63
1806.03
1805.11
1806.51
1776.92
1789.56
1788.64
1800.68
1792.45
1789.95
1809.41
1782.5
1789.67
1799.06
1795.4
1807.73
1797.9
1794.29
1785.22
1805.87
1812.66
1810.64
1806.58
1795.09
1788.48
1796.53
1785.6
1793.4
1805.5
1791.45
1816.05
1797.1
1808.08
1817.35
1776.67
1814.81
1773.09
1798.82
1801.44
1810.87
1822.68
1784.43
1815.41
1792.35
1793.23
1788.75
1794.2
1809.19
1790.91
1799.07
1793.06
1786.12
1795.97
1799.93
1806.04
1807.68
1795.34
1813.39
1804.29
1806.76
1796.8
1805.24
1795.62
1797.06
1812.26
1790.22
1806.22
1801.36
1812.43
1802.1
1799.66
1801.13
1813.43
1816.41
1812.36
1806.16
1806.18
1802.12
1796.19
1809.27
1780.83
1784.69
1804.45
1798.75
1794.36
1783.91
1804.9
1805.64
1790.05
1785.93
1793.81
1793.38
1790.92
1813.49
1788.92
1804.15
1794.48
1796.01
1811.22
1791.46
1810.99
1790.49
1801.5
1792.79
1789.42
1805.89
1801.61
1795.73
1805.31
1786.02
1792.6
1785.59
1790.52
1779.74
1791.9
1813.06
1800.14
1793.86
1793.29
1793.88
1799.04
1790.25
1796.79
1808.92
1792.32
1794.3
1793.86
1807.75
1802.53
1809.33
1816.56
1787.11
1797.54
1791.3
1806.8
1803.38
1806.73
1808.04
1802.81
1813.36
1829.36
1804.71
1797.83
1797.49
1786.89
1801.37
1786.48
1796.08
1807.18
1779.62
1805.48
1798.5
1803.78
1782.49
1786.79
1789.93
1791.29
1806.33
1793.52
1805.14
1793.54
1792.39
1777.92
1791.98
1787.27
1792.81
1794.29
1788.43
1798.83
1780.66
1797.12
1794.55
1797.15
1800.68
1789.79
1807.17
1802.48
1809.22
1801.49
1800.62
1793.01
1810.37
1789.02
1799.5
1816.22
1799.48
1818.47
1790.96
1800.91
1796.02
1778.26
1801.97
1786.3
1818.54
1811.27
1787.91
1800.74
1788.3
1787.53
1793.86
1791.61
1797.57
1788.53
1799.74
1805.18
1799.77
1801.38
1800.13
1796.46
1801.08
1790.69
1795.35
1779.67
1803.35
1796.18
1800.68
1802.26
1793.2
1803.64
1787.72
1799.01
1814.92
1784.95
1800.02
1801.81
1817.73
1821.95
1801.94
1800.13
1792.4
1798.15
1790.79
1806.6
1799.32
1808.54
1814.98
1815.82
1805.4
1786.14
1788
1797.26
1808.4
1791.24
1806.6
1809.09
1810.69
1802.97
1806.44
1801.13
1788.67
1801.87
1774.43
1799.59
1795.98
1803.1
1794.48
1784.02
1794.18
1774.87
1796.65
1782.65
1793.28
1786.87
1804.78
1799.01
1778.85
1793.61
1778.66
1817.85
1792.26
1798.32
1803.94
1790.54
1801.35
1786.38
1799.02
1804.83
1794.1
1818.03
1783.74
1798.51
1789.9
1782.27
1805.44
1808.89
1805.56
1800.27
1783.3
1783.79
1792.46
1799.45
1810.41
1789.12
1808.92
1785.8
1787.49
1788.4
1802.35
1807.44
1807.61
1803.25
1816.57
1787.21
1784.18
1799.97
1789.17
1804.88
1793.13
1804.39
1793.95
1796
1792.54
1796.54
1805.94
1796.73
1807.97
1794.37
1808.15
1790.04
1793.73
1790.51
1800.35
1801.64
1786.86
1794.64
1801.57
1803.7
1774.27
1794.36
1789.19
1808.14
1803.24
1789.6
1815.13
1768.62
1790.4
1794.26
1801.29
1797.06
1799.9
1801.67
1785.73
1798.98
1791.15
1792.65
1803.12
1789.34
1810.06
1795.01
1802.1
1803.69
1791.87
1793.34
1816.52
1789.76
1793.67
1810.5
1797.19
1820.34
1790.11
1798.42
1784.55
1801.68
1797.53
1799.02
1805.7
1800.86
1801.03
1789.69
1784.88
1799.19
1787.46
1811.72
1782.08
1809.79
1795.46
1808.95
1789.67
1773.34
1782.92
1804.35
1784.49
1800.41
1801.84
1813.33
1804.62
1792.9
1793.11
1802.24
1793.27
1809.14
1802.19
1810.9
1800.59
1789.53
1779.06
1779.13
1779.99
1793.6
1800.59
1810.61
1805.8
1813.31
1793.13
1791.36
1800.3
1801.5
1809.9
1790.88
1803.28
1810.26
1797.86
1809.21
1795.74
