0.43041
0.42943
0.42304
0.426875
0.422102
0.433529
0.43445
0.436925
0.431275
0.423371
0.432842
0.422405
0.424633
0.421405
0.431837
0.420888
0.421783
0.425073
0.437878
0.420914
0.424274
0.428926
0.418669
0.42463
0.41793
0.425131
0.424177
0.429491
0.424537
0.421333
0.415626
0.416837
0.418265
0.424204
0.423009
0.42403
0.423576
0.421597
0.428637
0.43063
0.429809
0.419423
0.424766
0.419457
0.425144
0.426759
0.429238
0.422115
0.416525
0.422559
0.42574
0.427801
0.421194
0.412262
0.42457
0.420386
0.429001
0.428912
0.43715
0.433028
0.429474
0.427459
0.430848
0.432327
0.432498
0.438654
0.436062
0.434602
0.426577
0.426452
0.414077
0.417609
0.435781
0.423738
0.429563
0.422972
0.419402
0.417333
0.417122
0.424773
0.426242
0.425944
0.424219
0.424117
0.420167
0.41572
0.410621
0.416342
0.418335
0.413981
0.414014
0.402855
0.410758
0.407154
0.419564
0.414626
0.412637
0.422011
0.410989
0.415566
0.414948
0.420066
0.42216
0.419742
0.420928
0.41429
0.421128
0.428904
0.425268
0.432197
0.432126
0.429334
0.43904
0.433729
0.437618
0.437538
0.423311
0.428016
0.431753
0.435207
0.443526
0.431246
0.433545
0.427536
0.432246
0.425027
0.431952
0.436105
0.427824
0.440349
0.428304
0.429179
0.429461
0.423688
0.425616
0.427869
0.424018
0.425056
0.417402
0.419168
0.425931
0.420094
0.418996
0.417897
0.424109
0.417474
0.417714
0.418906
0.419375
0.412672
0.420148
0.4242
0.417936
0.411482
0.414028
0.420287
0.423883
0.416961
0.420392
0.427493
0.424
0.429953
0.427083
0.425699
0.422639
0.410556
0.423256
0.417964
0.420446
0.429558
0.431659
0.42582
0.424358
0.434717
0.43331
0.42986
0.431471
0.423703
0.428937
0.430558
0.430731
0.416226
0.423363
0.413594
0.413324
0.414626
0.420284
0.417784
0.412763
0.412809
0.413603
0.409918
0.416865
0.421811
0.41166
0.42372
0.415276
0.408566
0.40926
0.410435
0.410271
0.410392
0.418642
0.426143
0.426076
0.41723
0.422737
0.427927
0.422599
0.431855
0.434867
0.427316
0.425308
0.425616
0.431779
0.423379
0.42237
0.420426
0.408982
0.413581
0.406042
0.414309
0.41894
0.414708
0.41409
0.410169
0.414196
0.415677
0.415921
0.406882
0.411357
0.406235
0.41671
0.415815
0.415461
0.414969
0.41431
0.421399
0.431364
0.433746
0.430482
0.432553
0.427089
0.434058
0.435914
0.427493
0.429958
0.428309
0.424218
0.422077
0.427842
0.426043
0.428237
0.433052
0.426211
0.4233
0.421895
0.433636
0.434102
0.426821
0.421135
0.418802
0.415534
0.417621
0.408709
0.417009
0.412748
0.412171
0.417234
0.41229
0.420926
0.423083
0.409859
0.415537
0.402165
0.411422
0.406601
0.408747
0.415376
0.403893
0.414913
0.420567
0.410621
0.410698
0.40902
0.40752
0.416985
0.413966
0.411971
0.409624
0.415938
0.417227
0.417082
0.421029
0.41943
0.42303
0.417432
0.41435
0.418722
0.40954
0.423723
0.422385
0.42425
0.421518
0.418537
0.421185
0.421153
0.428307
0.431244
0.416144
0.420268
0.418759
0.429689
0.429256
0.424431
0.418263
0.417877
0.416815
0.412358
0.416087
0.413237
0.407385
0.409156
0.416317
0.413126
0.412947
0.41001
0.414759
0.417922
0.412403
0.42668
0.421748
0.416567
0.417692
0.415592
0.417677
0.413202
0.413439
0.410567
0.418619
0.422132
0.424957
0.432899
0.419384
0.423167
0.414149
0.420184
0.416881
0.421607
0.420954
0.420758
0.426205
0.414065
0.42191
0.414728
0.428951
0.419722
0.421425
0.420166
0.415072
0.425742
0.411687
0.408799
0.412926
0.409333
0.413622
0.409015
0.409604
0.407869
0.40392
0.411959
0.416028
0.418843
0.417556
0.410944
0.415396
0.414569
0.414531
0.424071
0.418961
0.427918
0.420583
0.416586
0.427676
0.434634
0.439971
0.445581
0.439777
0.440183
0.433255
0.439873
0.439491
0.440072
0.447536
0.435359
0.434599
0.427892
0.43187
0.425562
0.42362
0.424398
0.41606
0.419148
0.415448
0.418754
0.404682
0.411726
0.411683
0.414565
0.415424
0.416498
0.408161
0.410868
0.410121
0.409241
0.414014
0.414518
0.413721
0.411559
0.410773
0.422312
0.412412
0.420785
0.423957
0.424603
0.429746
0.431728
0.43065
0.428212
0.433331
0.431286
0.432971
0.43688
0.432789
0.442639
0.442735
0.44195
0.44024
0.436161
0.439993
0.437597
0.431274
0.432195
0.433786
0.432267
0.434257
0.430019
0.43391
0.425105
0.428258
0.423273
0.418127
0.41563
0.411209
0.408019
0.404675
0.399133
0.403775
0.403982
0.410465
0.404669
0.418287
0.410125
0.409705
0.405342
0.401267
0.406976
0.409829
0.408677
0.414758
0.416324
0.424655
0.420624
0.415911
0.413207
0.420028
0.420445
0.431124
0.429793
0.433844
0.43261
0.421587
0.421795
0.42101
0.425411
0.432734
0.426552
0.44038
0.432709
0.426454
0.424651
0.425012
0.425378
0.430468
0.432736
0.423464
0.427606
0.428197
0.431546
0.43235
0.428444
