2124.36
2112.55
2097.8
2122.84
2112.49
2095.38
2138.5
2167.32
2132.33
2101.49
2115.32
2126.22
2107.43
2109.51
2147.78
2127.86
2126.25
2129.33
2095.26
2095.53
2111.09
2137.64
2140.23
2160.49
2155.01
2149.74
2148.47
2135.47
2139.59
2136.99
2109.26
2125.91
2137.83
2132.63
2114.56
2132.69
2154.05
2136.32
2134.51
2157.36
2117.59
2127.07
2133.46
2150.13
2146.05
2149.43
2144.7
2137.13
2138.69
2114.95
2096.71
2104.7
2108.5
2137.3
2125.84
2103.92
2128.64
2132.64
2147.03
2150.25
2154.14
2144.52
2135.23
2131.95
2138.12
2171.26
2150.91
2108.04
2130.63
2150.87
2141.77
2104.98
2117.56
2140.49
2141.85
2142.04
2144.12
2141.46
2123.48
2140.98
2168.87
2173.44
2133.96
2122.41
2139.19
2118.82
2131.4
2134.77
2161.67
2131.9
2133.86
2132.49
2092.65
2117.8
2148.29
2116.28
2139.93
2133.28
2134.83
2145.24
2138.93
2135.48
2141.49
2160.62
2142.89
2137.91
2146.91
2125.4
2123.42
2130.36
2143.84
2155.2
2153.92
2145.11
2158.26
2141.98
2112.39
2126.11
2137.32
2114.19
2123.17
2141.85
2137
2148.26
2164.35
2128.6
2103.15
2133.23
2137.32
2099.53
2149.94
2142.16
2127.04
2133.64
2167.43
2151.26
2154.24
2145.62
2157.36
2162.22
2142.76
2132.74
2147.84
2144.83
2132.84
2144.5
2178.18
2134.43
2107.25
2144.51
2139.69
2141.09
2139.17
2143.51
2148.63
2152.09
2118.43
2115.63
2128.55
2136.19
2137.07
2135.66
2126.51
2108.26
2146.96
2158.82
2116.8
2132.89
2139.37
2118.53
2123.28
2159.32
2139.39
2134.01
2144.33
2124.38
2142.27
2162.26
2129.23
2121.35
2139.38
2138.4
2139.25
2143.31
2141.54
2121.4
2118.21
2140.95
2114.85
2120.27
2100.76
2119.4
2113.91
2093.82
2106.92
2155.74
2111.89
2088.1
2090.7
2102.26
2096.72
2100.15
2126.17
2128.02
2129.26
2115.27
2095.93
2128.71
2137.37
2161.76
2159.52
2144.11
2151.97
2164.37
2154.2
2127.21
2165.98
2167.59
2145.27
2122.98
2142.96
2125.56
2107.42
2137.95
2157.13
2133.52
2114.78
2150.12
2155.75
2163.34
2147.06
2125.91
2106.92
2134.33
2115.17
2110.6
2158.38
2154.46
2126.38
2162.81
2160.72
2114.85
2105.07
2156.25
2154.59
2153.77
2131.14
2146.76
2132.74
2110.72
2139.63
2135.61
2130.54
2128.58
2161.34
2123.23
2111.23
2129.83
2125.9
2103.9
2140.28
2130
2117.37
2152.92
2127.23
2123.08
2165.35
2149.36
2125.3
2129.91
2155.69
2151.85
2151.71
2167.51
2159.84
2109.34
2158.08
2200.97
2151.2
2098.6
2170.88
2200.31
2165.52
2138.85
2140.15
2128.92
2140.07
2133.99
2107.34
2122.38
2124.9
2130.96
2104.37
2136.19
2141
2128.1
2133.31
2121.78
2139.29
2175.63
2184.37
2150.51
2131.7
2159.63
2177.14
2106.74
2119.66
2196.94
2217.23
2149.36
2135.47
2153.53
2147.01
2137.08
2129.45
2144.96
2189.81
2182.95
2142.02
2145.98
2169.63
2168.15
2143.22
2126.22
2137.65
2138.92
2131.98
2141.93
2159.08
2141.84
2158.26
2171.18
2153.26
2111.55
2138.22
2117.74
2114.6
2120.49
2135.91
2114.16
2126.84
2152.54
2150.2
2121.29
2139.47
2170.26
2150.48
2113
2121.68
2135.05
2146.25
2161.07
2150.51
2135.74
2150.74
2143.42
2150.15
2118.36
2116.86
2148.76
2141.75
2114.22
2150.04
2132.19
2121.47
2130.87
2133.22
2137.72
2141.03
2109.74
2090.35
2158.13
2168.28
2130.1
2151.99
2155.54
2153.81
2119.23
2127.92
2153.15
2148.89
2147.39
2154.12
2147.14
2157.98
2150.92
2113.76
2125.66
2164.23
2131.69
2135.83
2162.38
2149.48
2121.89
2102.39
2116.46
2152.08
2164.31
2139.9
2146.8
2136.57
2124.46
2117.04
2105.47
2123.41
2140.18
2117.88
2140.4
2129.59
2117.66
2117.12
2148.89
2124.53
2110.4
2132.64
2171.61
2149.37
2099.14
2118.35
2161.96
2106.45
2103.4
2126.96
2141.3
2149.25
2117.52
2128.53
2119.26
2118.51
2110.84
2122.78
2114.52
2124.32
2124.02
2119.44
2115.58
2115.15
2119.43
2107.6
2120.14
2117.31
2096.49
2118.43
2101.31
2124.93
2137.72
2101.24
2089.97
2101.52
2142.16
2148.14
2130.9
2141.2
2140.49
2098.94
2095.94
2101.83
2104.77
2108.22
2118.1
2113.02
2113.98
2105.3
2108.92
2122.57
2148.22
2140.55
2108.44
2100.97
2098.8
2117.69
2140.75
2115.48
2139.08
2129.85
2112.32
2101.81
2138.35
2123.56
2102.18
2104.8
2116.8
2111.56
2110.19
2129.74
2135.21
2125.01
2109.05
2126.98
2133.62
2118.64
2126.31
2116.52
2120.94
2105.3
2108.19
2114.62
2110.97
2124.68
2136.72
2110.16
