0.514557
0.513859
0.507216
0.507061
0.50226
0.497155
0.507453
0.518576
0.508969
0.496159
0.508544
0.513701
0.510572
0.516446
0.520477
0.519778
0.513288
0.507558
0.491759
0.499898
0.50546
0.501177
0.508749
0.517397
0.515876
0.516084
0.508844
0.511623
0.521473
0.523284
0.518716
0.518847
0.524132
0.535241
0.528295
0.539304
0.537823
0.531737
0.537861
0.533785
0.528933
0.528336
0.533536
0.532385
0.5271
0.530094
0.521096
0.516265
0.522832
0.510721
0.506352
0.504412
0.509392
0.514092
0.509158
0.509934
0.507304
0.516044
0.518141
0.515033
0.527851
0.517998
0.508863
0.500062
0.513214
0.510344
0.512175
0.503946
0.514579
0.524355
0.512968
0.507786
0.519308
0.521837
0.515231
0.516042
0.509848
0.50866
0.510031
0.505548
0.505319
0.510046
0.480916
0.484511
0.488904
0.476443
0.483126
0.490097
0.512769
0.512618
0.499834
0.504418
0.485441
0.50339
0.519723
0.511383
0.515518
0.513734
0.52142
0.533603
0.525052
0.531231
0.53567
0.531774
0.52787
0.51659
0.517336
0.514369
0.515869
0.51433
0.515876
0.514933
0.514951
0.518126
0.507986
0.517644
0.506537
0.508448
0.521319
0.510365
0.52483
0.532488
0.524213
0.533558
0.529094
0.530838
0.516105
0.529882
0.519419
0.514823
0.531371
0.539044
0.521343
0.534581
0.532937
0.545028
0.528278
0.536034
0.544156
0.539827
0.52662
0.521742
0.521729
0.523949
0.508287
0.50681
0.513972
0.505251
0.501262
0.510713
0.515642
0.510928
0.5189
0.530408
0.531759
0.527105
0.512343
0.507126
0.516269
0.524394
0.520675
0.515967
0.510517
0.509271
0.518819
0.511693
0.507271
0.508424
0.50645
0.494943
0.503149
0.513215
0.516049
0.511153
0.515555
0.508897
0.525529
0.52525
0.515435
0.512672
0.511023
0.504701
0.51026
0.521635
0.518071
0.51335
0.506646
0.51126
0.496894
0.501317
0.505366
0.505044
0.506631
0.511769
0.509971
0.518722
0.513008
0.510578
0.512151
0.510605
0.506157
0.502935
0.510596
0.515565
0.523337
0.511672
0.516684
0.527701
0.523104
0.530957
0.528804
0.523624
0.536781
0.536777
0.534337
0.53176
0.537065
0.53667
0.531135
0.532451
0.532246
0.535301
0.521469
0.526244
0.532851
0.521004
0.524913
0.525965
0.527178
0.526831
0.524325
0.508617
0.510532
0.522803
0.518324
0.518484
0.529629
0.527235
0.531653
0.550231
0.54319
0.529968
0.527099
0.539553
0.541419
0.539057
0.534476
0.529348
0.52208
0.520189
0.532216
0.529658
0.5356
0.543225
0.545393
0.534643
0.531325
0.546156
0.54689
0.532892
0.530109
0.512779
0.516806
0.522983
0.516931
0.524165
0.530908
0.522563
0.517628
0.517378
0.527617
0.532978
0.533949
0.539245
0.532853
0.519903
0.529149
0.544633
0.531267
0.519067
0.532446
0.547672
0.54997
0.538106
0.531136
0.531625
0.532052
0.531005
0.526072
0.52841
0.52432
0.528526
0.52462
0.526818
0.529349
0.528746
0.524687
0.518614
0.521328
0.532104
0.534099
0.525994
0.514579
0.520379
0.526811
0.505824
0.510735
0.541492
0.5397
0.526355
0.530824
0.532364
0.531609
0.527054
0.530741
0.532987
0.541248
0.541102
0.528209
0.538752
0.5439
0.538825
0.528346
0.527852
0.526813
0.532222
0.527018
0.531022
0.5374
0.539611
0.543418
0.553197
0.543242
0.524943
0.500924
0.493991
0.492831
0.501878
0.503442
0.502469
0.522102
0.519258
0.52468
0.516996
0.504043
0.512537
0.507773
0.507815
0.509893
0.514736
0.514996
0.517551
0.514742
0.504199
0.521691
0.519736
0.519823
0.5109
0.507089
0.515967
0.515333
0.513784
0.513555
0.512783
0.512091
0.515007
0.525074
0.514125
0.514601
0.506548
0.500522
0.517896
0.524152
0.522297
0.522196
0.531218
0.528936
0.511805
0.511586
0.520263
0.510338
0.524213
0.531932
0.512731
0.514679
0.503042
0.506519
0.504828
0.510551
0.521746
0.518591
0.521103
0.51844
0.512325
0.506551
0.502455
0.511862
0.511994
0.5076
0.503837
0.504544
0.495876
0.496068
0.490402
0.495919
0.501009
0.508397
0.509105
0.515541
0.506679
0.508663
0.522783
0.524033
0.517144
0.529263
0.535338
0.530226
0.517975
0.517885
0.533115
0.501725
0.503819
0.514396
0.523779
0.516995
0.513911
0.511259
0.515024
0.523469
0.509112
0.510987
0.511585
0.509461
0.508438
0.504688
0.496085
0.505678
0.499188
0.498059
0.500541
0.494374
0.49223
0.494523
0.495823
0.503189
0.50215
0.494704
0.490001
0.491679
0.498559
0.502973
0.493752
0.491145
0.495657
0.485168
0.482989
0.48613
0.479076
0.488735
0.493376
0.484792
0.486141
0.479523
0.475957
0.485753
0.498911
0.489095
0.48471
0.486918
0.478959
0.483309
0.490947
0.493257
0.504372
0.50398
0.485993
0.494503
0.499455
0.499703
0.505568
0.497294
0.496523
0.491767
0.489032
0.501745
0.496582
0.497872
0.496832
0.503518
0.493369
0.498207
0.505308
0.498357
0.491803
0.504968
0.497416
0.499796
0.502563
0.512064
0.518873
0.507052
