0.616064
0.616901
0.621694
0.619255
0.618537
0.626901
0.615492
0.609361
0.616279
0.6248
0.619415
0.615793
0.617608
0.617683
0.610337
0.614365
0.61434
0.615364
0.62429
0.622126
0.623194
0.619874
0.6172
0.61526
0.615135
0.616825
0.617085
0.620248
0.61876
0.61853
0.622049
0.621892
0.614985
0.61343
0.618342
0.614373
0.608007
0.611204
0.611682
0.60886
0.615705
0.614508
0.610393
0.608582
0.61089
0.609954
0.61409
0.612734
0.612051
0.616122
0.622097
0.620525
0.621656
0.614676
0.618669
0.622302
0.618301
0.616227
0.614376
0.612905
0.612547
0.615832
0.618372
0.617923
0.616377
0.610046
0.614374
0.623082
0.618629
0.61218
0.617323
0.624935
0.621982
0.615773
0.618493
0.618167
0.617831
0.619274
0.622185
0.622426
0.614134
0.61367
0.626582
0.626061
0.625889
0.628267
0.626475
0.623686
0.615611
0.620995
0.624207
0.620518
0.628982
0.621122
0.615713
0.621191
0.615563
0.616402
0.614987
0.611566
0.613907
0.613669
0.61045
0.608655
0.613788
0.614929
0.613399
0.614993
0.618374
0.616336
0.617719
0.614967
0.614298
0.61568
0.614846
0.616254
0.62187
0.618877
0.616386
0.619165
0.615438
0.612846
0.614254
0.610993
0.608588
0.612239
0.620029
0.612086
0.612865
0.621573
0.610998
0.609103
0.6138
0.611694
0.606701
0.606086
0.608897
0.608792
0.608281
0.608219
0.613345
0.617163
0.613984
0.615836
0.619073
0.617588
0.613522
0.620813
0.629744
0.619396
0.618646
0.617178
0.616689
0.614621
0.61306
0.610883
0.618726
0.619832
0.615312
0.61722
0.617788
0.618257
0.620939
0.623113
0.616785
0.6143
0.624913
0.622839
0.620002
0.627009
0.624732
0.617675
0.620742
0.622123
0.618104
0.624225
0.619058
0.614946
0.620835
0.624181
0.619672
0.62149
0.618639
0.616012
0.617676
0.622058
0.622394
0.620689
0.625888
0.62236
0.627269
0.621728
0.621096
0.625934
0.624219
0.61433
0.620524
0.629352
0.624164
0.62279
0.627606
0.625661
0.62019
0.618739
0.619104
0.623446
0.625785
0.618406
0.618106
0.61273
0.613334
0.618128
0.612913
0.610434
0.612597
0.615566
0.609485
0.606829
0.613153
0.617271
0.612499
0.615852
0.620682
0.612517
0.608676
0.617397
0.62169
0.612842
0.610167
0.612467
0.613487
0.619327
0.625492
0.617186
0.619303
0.619112
0.607343
0.608205
0.61569
0.606412
0.608136
0.61576
0.61848
0.609146
0.610741
0.61218
0.614309
0.613963
0.618679
0.619646
0.613785
0.614233
0.615509
0.613006
0.606902
0.614741
0.617953
0.612157
0.610726
0.618012
0.611824
0.61755
0.620478
0.613149
0.619038
0.621942
0.615925
0.617469
0.625288
0.623658
0.616608
0.618538
0.616788
0.611966
0.613052
0.625117
0.616084
0.605913
0.617392
0.629334
0.611017
0.606811
0.613366
0.617598
0.6188
0.620739
0.615854
0.617069
0.622856
0.620731
0.620486
0.619963
0.622038
0.616911
0.614591
0.622227
0.618147
0.618957
0.618932
0.612662
0.611622
0.619145
0.622516
0.616218
0.613756
0.629995
0.627853
0.608811
0.604039
0.619987
0.619791
0.614867
0.616995
0.619165
0.616747
0.614149
0.606007
0.60617
0.61718
0.612526
0.607342
0.607495
0.614496
0.616334
0.614386
0.613779
0.615412
0.611399
0.611586
0.613405
0.610334
0.607379
0.608692
0.61975
0.620187
0.625517
0.625637
0.622993
0.619734
0.624914
0.620569
0.615622
0.616883
0.621539
0.621641
0.611338
0.618386
0.62293
0.623006
0.61844
0.619423
0.613145
0.615843
0.619465
0.614668
0.615055
0.613671
0.621126
0.623165
0.61438
0.615783
0.621532
0.615968
0.617545
0.620333
0.617467
0.613247
0.613988
0.611478
0.619882
0.626013
0.610161
0.607331
0.614593
0.61152
0.609919
0.612551
0.620679
0.622248
0.615715
0.618544
0.615526
0.614113
0.616308
0.61527
0.618238
0.624525
0.620013
0.611757
0.61652
0.615771
0.610244
0.612093
0.619398
0.623826
0.622941
0.618656
0.615893
0.618598
0.619248
0.620362
0.622467
0.620883
0.624657
0.621741
0.61609
0.620905
0.617424
0.616828
0.620379
0.619271
0.610834
0.614465
0.618783
0.613432
0.606471
0.61106
0.622939
0.617898
0.608374
0.623184
0.621916
0.616905
0.61349
0.612514
0.61619
0.61743
0.615505
0.617037
0.620034
0.618411
0.618991
0.61961
0.617578
0.619524
0.618845
0.620289
0.621008
0.623085
0.62266
0.621662
0.623692
0.621474
0.623206
0.62137
0.614026
0.624615
0.627209
0.624391
0.616443
0.616335
0.622445
0.622355
0.621397
0.628648
0.630105
0.62809
0.628988
0.626789
0.623595
0.625698
0.624647
0.627708
0.628208
0.624461
0.618681
0.621556
0.627867
0.629127
0.628446
0.626239
0.621248
0.624421
0.619912
0.618411
0.624152
0.622174
0.617339
0.620369
0.625699
0.622704
0.620313
0.622246
0.623681
0.616516
0.615542
0.618632
0.625966
0.61964
0.620226
0.621563
0.620743
0.6187
0.618133
0.621161
0.620541
0.620253
0.620154
0.61646
0.613509
0.618609
