74862.3
74760.8
74184.4
74476.6
74563
73568.3
74931.9
75685.9
74836.3
73815.6
74457.4
74895.3
74675.2
74666.1
75564.8
75069.4
75072.5
74947.5
73875.9
74132.9
74005.8
74402.3
74724.6
74960.3
74975.4
74770.1
74738.5
74357.4
74536.2
74563.9
74142.1
74160.8
74993.8
75183.8
74586.6
75068.5
75854.4
75457.6
75398.7
75748.2
74906.1
75051.9
75558
75782.8
75496.4
75612.2
75103
75269.2
75353.3
74855.3
74136.4
74324.2
74188.9
75031.4
74547.2
74111.9
74591.5
74842.6
75068
75248.2
75292.2
74890.5
74583
74637.1
74824.4
75600.9
75068.3
74019.1
74552
75337.3
74709.7
73799.7
74150.1
74897.7
74568.4
74607.8
74648.2
74474.3
74125.9
74097.1
75097.6
75154.4
73605.7
73667
73687.2
73408.3
73618.3
73947.5
74917.4
74268
73885.7
74325.1
73324.9
74252.7
74905.1
74244.5
74923.4
74821.3
74993.4
75413
75125.4
75154.5
75550.8
75773.7
75140
75000.5
75187.7
74992.8
74582.7
74829.4
74661.8
74995.9
75077.6
74909
75010.6
74839.3
74163.4
74522.1
74823.3
74487.5
74938.6
75255.5
75083
75483.8
75782
75330.1
74383.7
75348.9
75253.2
74198.9
75483.1
75718
75138.5
75397.2
76017.7
76094.9
75743.6
75756.6
75820.2
75827.9
75194.2
74729.1
75116
74890.1
74498.6
74677.6
75172.6
74289.7
73236.2
74459.7
74549.9
74727.3
74786.5
75038.2
75229.2
75497.2
74540.3
74407.2
74953.9
74722.1
74653.4
74596.9
74274.7
74015.5
74774.9
75077.3
73802.3
74048
74386.9
73555.6
73823.6
74667.1
74298.2
74133.3
74615.3
73883.6
74500.3
74998.5
74287
73888.9
74426.4
74208.7
74550.7
74868.7
74667.1
74141
74101
74304.5
73687.4
74105
73525.1
74180.4
74255.8
73682
73884.3
75073.7
74324.4
73281.8
73890.8
74053.9
73485.7
73714.1
74364.4
74538.7
74494.8
73975.9
73699.4
74578.9
74615.1
75269.7
75195.6
74612.4
75247.2
75552.8
75286
74922.9
75670.5
76001.7
75217.8
74716
75298.1
74888.1
74305.4
75295.9
75771.1
74700.7
74184.9
75256
75585.9
75302
75176.8
74468
73734
74726.3
74470.8
74493.8
75937.3
75829.7
74907.9
76053.9
75838.3
74899.3
74570
75712.6
75514.9
75337.4
75076.2
75118.6
74546
74429.6
75140.3
75085.5
74929.9
75235.9
75992.5
75023.5
74633.6
75340.2
75516.7
74626.5
75381.1
74682.2
74329.8
75218.3
74502.7
74154.9
74879.2
74692
73758
73950.8
74796.3
74563
74774.6
75363.7
75230.2
73778.2
74860
76116.6
74701.3
73283.9
75480.8
76003.9
75191.6
74676.5
74531.4
74298.6
74887.9
74740.5
74046.1
74299.6
74328.9
74391.6
74143.4
74759.6
75041.8
74120.8
74610.1
74512.4
74515.4
75278.1
75406.1
74489.9
74086.5
74843.7
75143.9
73207
73456.7
75754.2
76352.7
74388.7
74412.2
75008.1
74749.4
74487.4
74779.4
75095.9
76104.8
76084.3
74727
75294.7
75937.5
75918.3
75053.3
74829.6
75066.8
75141
74941.6
75433.5
75410.5
75186.9
75565.2
75932.9
75769.1
74417.1
74364.7
73731
73716.9
74029.7
74419
73802.2
74318.9
74916.2
74762.9
74203
74190.8
75441.1
74581.3
74037.2
74028.1
74574.7
74456.5
75218.8
74889.3
74451.4
75032.4
74985.1
75154.3
74252.3
74009.3
75067.6
74896.5
74203.8
74874
74682.9
74347.2
74692.3
75206.3
75115.5
75423.9
74401.3
73672.6
75586.6
75938.9
75041.6
75418.7
75616.7
75291.7
74305.7
74118.3
74904.9
74562.2
74927.8
75100.2
74832.7
74958.9
74599.1
73848.2
74385.6
75389.4
74807
74898
75576.4
75348.1
74459.4
73930.9
74035.9
74548.7
74883.2
74555.8
74477.5
74343.8
74092.3
74281.3
73832.5
74178.8
74859.2
74278.6
74697.5
74769.7
74341.7
74474.7
75503.4
75057.2
74533.4
75183.6
76046.6
75475.5
74036.2
74640.2
75808.7
74007.1
74158
74760.4
75176.4
75296.3
74847.1
74696.8
74930.4
74744.3
74383
74578.3
74508.4
74434
74678.8
74444.3
74525.9
74352.4
74266.4
74018.8
74069.3
74188.3
73946.8
74210.7
74004.4
74223.1
75110.8
73837.5
73532.1
73864
74816.3
74829.4
74094.9
74105.6
74219.9
73363.8
73194.2
73429
73324.1
73581.4
73958.3
73709.7
73833.7
73473.7
73415.2
73855.8
74545.7
74200.9
73455
73307.9
73387.4
73646
74237.7
73860.4
74397.6
74578.3
73892.3
74127.2
74707.8
74342.9
73709.6
74064.1
74349.5
74118.6
73948.1
74807.5
74925.9
74551.6
73678.2
74430.3
74360.1
74200.1
74298.1
74543.4
74611.8
74248
74322.3
74356.8
74368.6
74814.3
75174.1
74554.4
