2104.79
2089.72
2124.76
2120.03
2114.44
2079.23
2088.85
2157.94
2190.03
2143.77
2121.9
2150.02
2165.3
2164.91
2184.21
2183.85
2196.96
2224.4
2273.04
2252.11
2223.28
2222.4
2263.9
2292.94
2288.41
2264.2
2255.42
2267.85
2275.85
2224.89
2216.66
2226.88
2222.06
2204.25
2141.01
2133.77
2158.15
2189.3
2165.44
2175.83
2230.17
2259.77
2202.47
2186.37
2192.44
2196.32
2204.98
2222.37
2222.35
2269.63
2263.04
2231.61
2230.55
2270.14
2268.7
2219.04
2235.57
2275.51
2267.57
2225.18
2233.32
2281.59
2275.12
2286.14
2297.06
2274.14
2264.7
2284.26
2278.86
2295.74
2279.23
2284.07
2268.95
2256.8
2282.69
2297.02
2299.17
2213.75
2215.21
2239.03
2254.33
2241.96
2254.97
2255.13
2219.81
2176.1
2144
2195.15
2219.51
2156.65
2152.54
2182.39
2192.95
2139.25
2169.54
2181.79
2193.12
2233.14
2228.23
2212.85
2183.88
2191.15
2202.36
2216.15
2196.62
2228.58
2288.3
2273.55
2232.81
2222.94
2251.78
2259.59
2231.24
2242.46
2269.66
2247.79
2206.67
2212.9
2213.5
2235.41
2220.66
2214.39
2265.14
2294.22
2255.32
2270.17
2276.39
2278.98
2292.66
2296.82
2303.74
2297.07
2280.44
2264.04
2219.08
2193.06
2237.82
2252.54
2259.83
2217.69
2188.55
2202.63
2215.6
2258.7
2241.92
2199.57
2186.36
2207.02
2195.07
2209.51
2243.96
2249.85
2257.57
2227.78
2199
2184.64
2252.43
2276.01
2231.68
2233.33
2263.7
2283.3
2252.57
2208.32
2231.15
2267.01
2248.31
2197.28
2233.07
2232
2241.48
2203.16
2204.31
2156.38
2151.48
2175.76
2207.43
2198.92
2217.37
2281.51
2297.86
2279.09
2263.21
2312.69
2300.45
2266.46
2224.72
2261.17
2293.8
2286.97
2263.94
2268.02
2248.21
2214.77
2226.16
2231
2218.34
2206.77
2236.34
2224
2205.67
2200.72
2187.36
2197.88
2217.21
2218.79
2244.35
2204.52
2189.91
2205.65
2266.06
2272.61
2264.6
2259.44
2301.64
2279.82
2305.35
2283.93
2329.46
2381.06
2367.03
2308.02
2304.42
2347.67
2324.78
2283.35
2266.58
2267.68
2254.21
2231.45
2268.76
2290.14
2250.4
2222.25
2218.01
2219.03
2218.14
2216.6
2227.42
2190.23
2143.89
2161.4
2192.95
2189.87
2169.35
2159.78
2198.69
2232.96
2227.49
2191.76
2180.68
2149.08
2144.34
2162.39
2188.65
2234.4
2244.16
2200.05
2178.44
2190.9
2197.77
2206.1
2199.58
2247.96
2272.73
2243.07
2184.53
2218.6
2272.46
2293.55
2278.9
2307.35
2291.53
2284.35
2268.79
2288.29
2243.34
2236.06
2271.97
2287.59
2251.77
2249.19
2220.68
2205.66
2229.84
2244.84
2192.92
2148.68
2206.78
2234.31
2194.75
2190.59
2243.59
2225.17
2217.43
2208.27
2273.03
2225.29
2151.55
2137.11
2190.58
2222.23
2244.75
2223.17
2192.27
2215.54
2220.24
2208
2232.04
2249.73
2271.49
2266.49
2237.63
2219.87
2245.21
2254.61
2220.38
2175.26
2152.8
2196.71
2240.85
2221.23
2184.05
2157.08
2136.05
2120.14
2128.85
2138.96
2171.2
2180.5
2189.33
2187.44
2173.53
2186.88
2170.41
2203.97
2263.63
2256.07
2207.19
2229.75
2225.28
2237.32
2212.57
2228.68
2243.93
2247.69
2269.24
2274.57
2253.66
2240.41
2249.87
2289.11
2279.25
2222.04
2226.3
2265.31
2262.04
2260.09
2253.41
2250.77
2254.64
2258.58
2249.72
2238.1
2235.66
2220.51
2260.26
2268.56
2236.16
2214.98
2216.88
2240.17
2207.36
2176.06
2185.53
2236.77
2227.78
2232.01
2247.85
2245.85
2220.25
2213.48
2237.48
2232.55
2212.48
2220.86
2262.28
2241.86
2210.07
2232.07
2240.21
2225.59
2220.93
2230.66
2230.25
2268.02
2290.41
2249.73
2247.15
2245.73
2210.82
2197.59
2259.91
2258.79
2200.91
2214.73
2244.31
2261.51
2271.29
2240.76
2252.21
2273.13
2282.41
2257.12
2176.04
2158.06
2219.58
2205.02
2173.54
2150.26
2175.8
2220.32
2212.5
2180.09
2168.57
2164.22
2197.1
2198.05
2252.52
2239.68
2196.5
2193.56
2225.79
2236.74
2260.02
2254.77
2292.13
2246.09
2214.25
2251.14
2279.26
2266.4
2287.58
2302.43
2250.2
2218.5
2231.91
2259.33
2319.04
2317.27
2261.61
2201.65
2245.36
2248.96
2277.32
2242.49
2208.32
2233.48
2248.04
2275.93
2292.71
2260.41
2257.12
2273.76
2282.58
2236.16
2198.67
2212.2
2238.6
2253.53
2195.53
2161.99
2181.33
2201.86
2200.39
2151.33
2148.82
2202.46
2252.37
2225.9
2180.03
2205.27
2241.23
2233.39
2211.3
2216.52
2222.52
2222.06
2213.4
2220.39
2242.01
2236.53
2200.27
2153.45
2173.48
2181.24
2220.44
2179.82
2136.12
2145.31
2152.69
