0.415267
0.416464
0.425528
0.429894
0.415645
0.400247
0.404006
0.422313
0.425674
0.415683
0.414449
0.425073
0.439877
0.437542
0.432667
0.445895
0.452361
0.469989
0.471199
0.476563
0.475776
0.463469
0.479061
0.482644
0.485241
0.474884
0.473488
0.47082
0.471662
0.453935
0.459262
0.45482
0.446003
0.434475
0.405445
0.407686
0.41855
0.417198
0.416979
0.41519
0.432201
0.435492
0.429264
0.418668
0.430489
0.427469
0.452292
0.446444
0.459921
0.463909
0.459664
0.458074
0.457626
0.472513
0.476435
0.469649
0.469689
0.486132
0.479112
0.484501
0.48819
0.500909
0.513219
0.496905
0.490142
0.478892
0.479696
0.479586
0.480186
0.474563
0.482166
0.484724
0.483345
0.480916
0.482529
0.493723
0.48642
0.466296
0.458104
0.466156
0.457486
0.4634
0.462034
0.466101
0.455126
0.450824
0.440111
0.447297
0.44726
0.43134
0.428885
0.435886
0.43648
0.43356
0.434121
0.436846
0.45398
0.468051
0.459719
0.460803
0.446246
0.456402
0.461746
0.459836
0.461988
0.480067
0.493889
0.486423
0.475293
0.469392
0.487798
0.484966
0.477984
0.462623
0.47343
0.460677
0.455048
0.433703
0.442868
0.441241
0.438811
0.4363
0.448324
0.458754
0.460593
0.461743
0.466341
0.484653
0.492393
0.492293
0.482119
0.468499
0.462776
0.458385
0.448614
0.445972
0.456973
0.46346
0.464699
0.461304
0.448927
0.442411
0.451181
0.46252
0.459601
0.442325
0.445895
0.439583
0.442523
0.442767
0.449557
0.44899
0.44249
0.441777
0.439399
0.426855
0.439313
0.443057
0.454923
0.450213
0.451936
0.446288
0.441399
0.438954
0.450711
0.459312
0.458705
0.451242
0.454189
0.463375
0.453753
0.453254
0.451842
0.428191
0.414689
0.437853
0.440773
0.441931
0.449776
0.468355
0.476193
0.472907
0.478986
0.482144
0.473325
0.459889
0.454937
0.457986
0.461728
0.456217
0.451416
0.447604
0.441002
0.442069
0.442128
0.446195
0.4438
0.439127
0.447833
0.435077
0.433267
0.43438
0.429984
0.434349
0.436958
0.433034
0.436084
0.448124
0.442439
0.453256
0.468452
0.474686
0.481837
0.487228
0.492286
0.497217
0.507988
0.509554
0.532899
0.547749
0.532918
0.511924
0.504734
0.509672
0.494895
0.482088
0.484968
0.484364
0.469385
0.464288
0.47781
0.47177
0.460674
0.463438
0.466807
0.456351
0.456113
0.444196
0.448215
0.420496
0.430997
0.434854
0.435161
0.433724
0.432375
0.418733
0.428251
0.435882
0.451539
0.446333
0.448359
0.444951
0.444685
0.455897
0.467021
0.466836
0.465337
0.451335
0.447017
0.448294
0.450137
0.445336
0.444803
0.464073
0.463801
0.463145
0.455297
0.467372
0.476664
0.488407
0.497407
0.500534
0.506922
0.494862
0.484242
0.489698
0.479206
0.4742
0.481042
0.483501
0.473534
0.460375
0.462899
0.467289
0.467889
0.466365
0.441188
0.427454
0.440771
0.451822
0.435801
0.426781
0.441203
0.444565
0.445813
0.450945
0.452435
0.448824
0.425186
0.42176
0.432976
0.451378
0.449914
0.452361
0.443664
0.451634
0.440752
0.436475
0.44355
0.4455
0.450494
0.457081
0.450358
0.434633
0.452189
0.450928
0.456208
0.436445
0.431899
0.431658
0.441859
0.435991
0.425315
0.419321
0.421963
0.414014
0.412346
0.411162
0.413055
0.432085
0.433091
0.430562
0.420536
0.433135
0.419025
0.417283
0.445018
0.446151
0.443472
0.448642
0.445277
0.436918
0.424644
0.434852
0.435916
0.432879
0.448162
0.461693
0.447928
0.448195
0.440289
0.444141
0.443954
0.440442
0.441911
0.445945
0.454354
0.450937
0.450544
0.453127
0.458467
0.452771
0.455217
0.462474
0.456929
0.453749
0.462434
0.463538
0.46451
0.457644
0.457197
0.453093
0.447875
0.440331
0.439524
0.452572
0.457351
0.443299
0.443909
0.442122
0.450777
0.441995
0.443941
0.446479
0.439438
0.450005
0.444757
0.444022
0.434567
0.44389
0.448513
0.446365
0.44809
0.442212
0.453164
0.459826
0.468813
0.465031
0.466547
0.458386
0.458482
0.458254
0.460772
0.458032
0.444372
0.443684
0.45241
0.464561
0.466133
0.459339
0.454777
0.452163
0.456463
0.449063
0.424335
0.415211
0.416563
0.42069
0.411515
0.414172
0.424772
0.431217
0.424845
0.422153
0.419387
0.428928
0.428498
0.437461
0.441234
0.456792
0.453946
0.458659
0.463741
0.476542
0.477797
0.483885
0.489916
0.47879
0.474499
0.475743
0.474832
0.47202
0.484004
0.494433
0.488493
0.469482
0.480601
0.49138
0.509174
0.517799
0.487535
0.480903
0.486917
0.474423
0.474937
0.468663
0.459395
0.469486
0.481707
0.482903
0.483057
0.476832
0.465166
0.467242
0.465434
0.454873
0.434201
0.445494
0.44584
0.455339
0.43806
0.435397
0.450962
0.446346
0.440562
0.439928
0.442746
0.453163
0.453637
0.458186
0.44771
0.451305
0.462296
0.471471
0.460727
0.469275
0.462774
0.466009
0.450204
0.458064
0.460727
0.464862
0.449256
0.449646
0.441331
0.447523
0.450622
0.441146
0.432954
0.431532
0.421165
