0.642959
0.643513
0.632939
0.634265
0.639969
0.644602
0.643554
0.631443
0.627241
0.634297
0.640208
0.632833
0.62669
0.628511
0.623267
0.621222
0.619712
0.614198
0.606255
0.607125
0.613033
0.615648
0.606047
0.601547
0.601763
0.607166
0.608956
0.60745
0.608487
0.618297
0.622013
0.622224
0.622566
0.625276
0.636338
0.640198
0.632342
0.629597
0.633126
0.631037
0.622395
0.619223
0.62976
0.631368
0.624871
0.628505
0.622754
0.623445
0.619672
0.614344
0.614216
0.618532
0.619866
0.609507
0.611486
0.616773
0.613172
0.60546
0.605982
0.613689
0.609736
0.59758
0.598185
0.59837
0.599826
0.606957
0.606635
0.607469
0.605321
0.60547
0.607674
0.605843
0.606882
0.607175
0.604454
0.600202
0.603046
0.614774
0.620674
0.617104
0.616412
0.616457
0.612509
0.611456
0.616679
0.623303
0.632416
0.619275
0.619326
0.630593
0.631094
0.622488
0.621639
0.631978
0.625786
0.624935
0.620439
0.614606
0.617769
0.62138
0.627457
0.62372
0.620831
0.620512
0.622671
0.614498
0.603374
0.605098
0.61506
0.614269
0.606808
0.606228
0.613689
0.61317
0.60903
0.613589
0.62118
0.62024
0.621705
0.617199
0.619857
0.624189
0.616369
0.60817
0.615873
0.613617
0.611141
0.607995
0.603854
0.604654
0.606351
0.609037
0.610806
0.612295
0.621916
0.6256
0.617104
0.612782
0.611148
0.617091
0.622225
0.617073
0.6169
0.610424
0.6114
0.620961
0.621971
0.619526
0.621436
0.621094
0.616163
0.616198
0.614704
0.619468
0.62358
0.627847
0.61839
0.610907
0.614756
0.616746
0.612181
0.609472
0.613958
0.621174
0.615325
0.60743
0.612594
0.618293
0.61208
0.610017
0.607526
0.613343
0.615259
0.625889
0.628583
0.622735
0.61861
0.622269
0.618827
0.605666
0.602696
0.606884
0.607534
0.600788
0.601419
0.610292
0.618401
0.612101
0.607139
0.610821
0.615101
0.612148
0.616777
0.622828
0.61973
0.616322
0.618898
0.623206
0.621512
0.622879
0.622403
0.621575
0.621728
0.619318
0.62096
0.621968
0.616853
0.620364
0.624568
0.617752
0.607675
0.607419
0.610857
0.608887
0.6006
0.600006
0.597126
0.599871
0.592357
0.583601
0.588583
0.597745
0.600977
0.591884
0.598107
0.607773
0.609662
0.609734
0.61428
0.616716
0.611122
0.609761
0.614318
0.619285
0.618386
0.617945
0.621191
0.621347
0.61875
0.628622
0.634961
0.62933
0.623525
0.624053
0.627541
0.634454
0.62658
0.620964
0.618625
0.6236
0.623757
0.629282
0.62891
0.626603
0.621671
0.616919
0.616757
0.622597
0.630103
0.626078
0.622033
0.62275
0.624246
0.616283
0.611612
0.618957
0.626697
0.619064
0.609793
0.606735
0.603128
0.60269
0.600355
0.608251
0.608511
0.604454
0.611428
0.614368
0.607015
0.60324
0.611008
0.613268
0.616406
0.619174
0.612681
0.613968
0.624828
0.635546
0.623906
0.6175
0.627962
0.626394
0.618763
0.617083
0.622085
0.622397
0.614452
0.618654
0.631097
0.633062
0.624362
0.618845
0.615673
0.616027
0.62059
0.619972
0.61864
0.623939
0.619998
0.617284
0.6134
0.609665
0.616546
0.625048
0.617735
0.615028
0.6196
0.627036
0.630548
0.623179
0.614826
0.61775
0.625418
0.628
0.632757
0.634439
0.633772
0.633164
0.62865
0.623333
0.622656
0.622443
0.626978
0.622592
0.630034
0.624676
0.613459
0.614142
0.620858
0.616676
0.616096
0.618727
0.624052
0.622435
0.622444
0.620651
0.615106
0.612962
0.61617
0.617291
0.616261
0.609417
0.612676
0.621346
0.619281
0.613678
0.613325
0.615016
0.613333
0.613514
0.612912
0.614733
0.615824
0.614809
0.616435
0.619286
0.612699
0.610521
0.615702
0.618385
0.61826
0.616504
0.620708
0.627559
0.624161
0.61353
0.614407
0.616589
0.61424
0.614461
0.62041
0.620671
0.61795
0.615931
0.62049
0.617771
0.61157
0.613333
0.623609
0.615768
0.614624
0.618328
0.618923
0.618859
0.617142
0.611826
0.60863
0.615012
0.613014
0.611565
0.619435
0.622653
0.611293
0.612767
0.623352
0.620562
0.613749
0.612765
0.609983
0.616102
0.614953
0.614822
0.611952
0.619067
0.632361
0.634215
0.624155
0.624371
0.632621
0.635807
0.631711
0.623043
0.623757
0.630103
0.62949
0.630253
0.626219
0.624055
0.617209
0.61443
0.621953
0.622103
0.616005
0.612048
0.608348
0.608271
0.599423
0.604997
0.612576
0.604668
0.603722
0.607319
0.602612
0.599339
0.605945
0.615572
0.609653
0.605099
0.594427
0.594182
0.605769
0.613429
0.606537
0.605648
0.605694
0.610247
0.617479
0.610597
0.608254
0.607438
0.604483
0.610977
0.612685
0.609962
0.608035
0.615556
0.624903
0.623279
0.617561
0.614926
0.623202
0.62778
0.622374
0.620595
0.62496
0.63268
0.633922
0.623028
0.61503
0.619836
0.626893
0.623378
0.61721
0.617925
0.620758
0.617975
0.618012
0.616583
0.62194
0.620001
0.618588
0.61667
0.624736
0.630125
0.627646
0.624922
0.620623
0.627911
0.634402
0.631085
0.629998
