68260
68201.3
69340.7
69195.6
68578.9
68086
68196.9
69504.9
69970.5
69192.1
68553.3
69352.3
70032
69829.2
70416.7
70648.4
70820.6
71456.4
72392.7
72288.9
71592.2
71288.2
72417.5
72959.2
72933
72284
72071.5
72250.2
72127.1
70982.8
70558.7
70534.7
70496
70190.5
68970.3
68554.4
69406.1
69708.7
69320.2
69549.7
70515.3
70876.6
69690.6
69513.2
70236
69829.8
70474.7
70396.6
70825.2
71439.4
71454.3
70955.7
70803.1
72006.4
71773.4
71158.1
71576
72487.7
72425.2
71515.6
71979.4
73443.6
73369.3
73346.5
73168.6
72308.9
72347.3
72248
72504.3
72486.5
72223.6
72441.8
72317.8
72283
72608.3
73122.7
72777.9
71389.4
70710.9
71119.9
71199.7
71194.5
71653.5
71776.9
71168.9
70412.6
69398
70870.6
70864.7
69598.6
69543.4
70504.8
70601
69446.1
70133.2
70228.7
70737.6
71409
71043.4
70630.6
69946.5
70365.6
70692.9
70729.4
70484
71421.5
72738.3
72531.1
71356.3
71448.1
72326.6
72395.8
71515.7
71576.2
72062.7
71527.3
70653.3
70760.3
70593.6
71108.9
70804
70312.7
71204.7
72164.7
71262.1
71524.1
71813.8
72185.5
72680.5
72584.3
72381.1
72061.9
71853.2
71678.5
70569.7
70154.1
71119.9
71621.6
71813
71121.4
70534.6
71123.5
71143.5
71898.2
71783.4
70678.1
70563.4
70841.8
70624.1
70663
71228.6
71224.4
71397.6
70848.5
70381.4
69902.9
70972
71841.4
71391.6
71161.3
71691.9
72010.5
71484.4
70653.9
71325.6
72252.6
71643.5
70983.1
71703.7
71946.2
72241.2
71556.1
71333.2
70121.7
69821.2
70476.8
70946.8
70529.6
70921.9
72463
72820.1
72317.6
72240.3
73051.3
72974.8
71913.8
70970.8
71701.2
72287.2
71851.5
71351.5
71695.7
71157.6
70466.3
70818.5
71210.2
70913.8
70423.5
70615.5
70460.5
70514.5
70608.3
70591
70865.7
70678.3
70563.7
71148.9
70746.2
70270
71045.3
72223.5
72254
71847.2
72079.7
73074.3
73146.6
73499.3
73163
74091.1
75202.7
74566.2
73423.3
73028.5
74150.3
73378.9
72211.8
71988.1
71979.6
71446.9
71164.7
71816.1
71976.4
71442.5
70869.5
70972.5
71023.1
70652
70634.3
70930.7
69816.8
69119.8
69738.3
70387.6
70328
69937
69175
70044.4
70677.9
70945.1
70379.1
70361.4
69743.6
69784.9
70041.8
70597.4
71141.2
71159.9
70492.4
69652.7
70100.6
70556.3
70475.1
70306.2
71214.7
71758.5
70907
70031.3
70894.7
71972.6
72335.4
72767.9
72820.8
73104
72155.1
72124.3
72608.3
71780.2
71436.6
72302
72754.5
71829.4
71564.7
71200.5
70882.2
71633.3
71483.2
70240.8
69056.2
70344.5
71074.3
69890.2
70065.1
70929.2
71122.3
70550.5
70515.1
71426.8
70941.7
69543
69327.2
70293.2
70919.8
71285.2
71244.2
70720.4
70791
70943.3
70340.9
70788
71099.1
71549.3
71987.7
71184.3
70216
71047.2
71360
70833.4
69993.4
69603.5
70426.7
71383.4
71045.5
70174.5
69886
69360.6
69176.7
69249.5
69316
69813.7
70409.2
70485.8
70509.9
69999.9
70493
69660.3
70257.8
71542.5
71462.9
70689.9
71169.3
71236.3
70933.3
70328
70510.8
70509.8
70713.5
71351
71600.6
71227.7
71098.4
71217.2
72017.1
71634
70634.4
70870
71517
71558.2
71361.4
71557.2
71536.1
71606.3
71394.3
71267.7
71385.4
71197.1
70869.4
71631.2
71886.8
71281.8
70972.6
70986.9
71189.2
70707
69935.1
70315.9
71534.2
71432.1
71179.3
71451.6
71425.9
70740.9
70711.2
71022.6
71255.4
70731.8
71043.2
71763.5
71557.2
70378
71274.3
71406.9
70979.2
70910.9
70918.3
71115.5
71733.5
72110.2
71361.8
71594.4
71764
70852.2
70486.1
71796.1
71623.3
70407.1
70723.6
71508.6
71623.5
71950.2
71235.6
71368.7
71383.9
71718.7
70894.4
69404
69201.1
70316.5
70292.2
69375.5
69027.9
69475.4
70442
70361.3
69652.7
69720.5
69636.1
70084.7
70327.7
71107.9
71429.5
70565.4
70548.4
71246.8
71707.4
72143.6
72152.7
73217.8
72543.2
71645.6
72582.6
72696.4
72265.8
72830.3
73227.9
72429.6
71296.9
71989.1
72530.9
73833.1
73863.5
72450.7
71546
72359
72465.2
72459.6
71919.1
71076.7
71877.8
72154.7
72251.6
72604.8
71833.1
71632.9
71952.6
72180.7
71298.7
70232.3
70415.3
71067.2
71371.8
70424
69910.5
70517.8
70719.8
70226
69369
69233.1
70443.6
71359.8
70806.4
70009.3
70404.2
71107.8
71025.5
70701.3
71019.7
71015.4
71180
70566.9
70787.6
70949.3
71169.9
70251.1
69650.3
69925.4
70230.2
70716.6
69895.9
69180.8
69544.4
69664.3
