2024.44
2029.58
2037.22
2075.38
2047.18
2035.21
2071.13
2025.34
2012.47
2051.17
2037.26
2021.79
2058.91
2025.28
2054.41
2034.64
2041.2
2056.43
2011.88
2010.32
2057.5
2045.36
2034.32
2001.67
2043.98
2082.86
2053.03
2037.23
2055.58
2046.67
2074.93
2044.06
2025.08
2060.93
2043.22
2031.94
2052.8
2039.39
2063.93
2056.18
2035.13
2041.23
2030.91
2043.61
2047.7
2026.68
2031.11
2044.93
2035.54
2045.05
2046.78
2027.53
2032.4
2051.27
2047.61
2053.02
2053.21
2043.22
2043.46
2029.76
2067.02
2033.96
2006.31
2045.29
2084.89
2030.27
2032.15
2059.65
2063.92
2026.87
2058.99
2051.57
2021.55
2055.77
2077.57
2045.77
2051.51
2061.04
2019.67
2016.12
2035.99
2053.69
2046.74
2033.61
2056.86
2045.66
2016.22
2017.87
2051.16
2026.55
2027.59
2038.9
2024.08
2049.97
2077.13
2040.97
2034.76
2035.75
2025.38
2030.33
2023.16
2045.88
2038.31
2024.44
2039.45
2038.71
2011.68
2029.95
2026.89
2048.46
2026.77
2037.62
2049.6
2019.52
2024.29
2034.1
2018.96
2028.95
2026.48
2034.26
2036.77
2050.38
2047.91
1995.5
2034.56
2032.97
2020.33
2029.97
2011.44
2018.56
2035.95
2039.86
2040.28
2039.49
2030.6
1993.96
1999.76
2042.79
2037.65
2032.57
2036.49
2030.71
2035.16
2016.05
2025.06
2002.43
2010.94
2042.08
2050.4
2031.68
2041.13
2001.32
2016.16
2051.42
2008.04
2039.07
2023.27
2044.75
2060.62
2005.56
2035.59
2053.27
2024.77
2024.69
2036.12
2049.06
2027.11
2020.74
2033.68
2020.99
2027.53
2035.6
2003.01
2023.38
2054.74
2029.97
2032.25
2018.94
2030.22
2022.61
2033.49
2022.69
2020.29
2020.43
2030.03
2022.41
2014.29
2012.37
2019.89
2040.62
2037.46
2014.56
2040.18
2049.11
2024.52
2045.86
2044.27
2048.61
2037.39
2045.02
2023.77
2013.52
2045.59
2007.9
2026.08
2049.11
2027.35
2033.33
2030.65
2013.38
2046.21
2050.84
2039.24
2020.25
2047.72
2039.51
2049.28
2046.47
2040.3
2037.16
2047.47
2020.04
2053.55
2044.86
2039.91
2038.19
2031.21
2050.01
2039.69
2022.38
2023.11
2056.04
2036.83
2045.02
2065.44
2057.6
2051.18
2056.08
2056.6
2036.67
2038.47
2045.43
2047
2033.95
2016.74
2024.24
2019.41
2023.67
2038.22
2036.25
2041.78
2026.82
2037.91
2018.4
2043.08
2038.65
2016.77
2026.34
2045.5
2037.83
2035.54
2040.64
2046.5
2031.67
2049.11
2017.18
2031.42
2026.21
2028.34
2041.76
2035.75
2033.7
2022.2
2028.86
2037.51
2020.67
2063.46
2042.32
2009.92
2020.83
2018.68
2050.32
2066.9
2036.62
2021.76
2037.05
2040.94
2017.21
2012.57
2023.63
1999.48
2048.67
2053.94
1998.12
2051.74
2037.37
1994.66
2030.48
2033.58
2026.79
2017.08
2052.84
2023.55
2005.72
2020.24
2030.43
2046.51
2028.21
2018.54
2025.82
2028.27
2026.34
2031.81
2022.1
2035.62
2034.79
2060.16
2031.08
2015.27
2022.13
2024.25
2015.74
2039.55
2024.01
2014.46
2032.93
2033.45
2020.35
2034.62
2035.16
2044.16
2030.07
2004.67
2008.76
2037.82
2042.23
2057.5
2061.69
2051.86
2048.05
2044.04
2070.86
2058.08
2052.01
2061.11
2044.85
2025.94
2057.14
2042.33
2036.29
2042.45
2038.64
2043.89
2058.57
2072.21
2066.76
2046.04
2067.64
2069.96
2054.18
2033.67
2045.41
2067.53
2045.66
2056.57
2048.16
2044.99
2052.57
2041.41
2027.43
2057.49
2075.86
2054.14
2026.68
2032.01
2042.14
2048.79
2034.8
2030.37
2036.9
2064.6
2058.76
2050.78
2038.66
2033.43
2076.73
2043.29
2043.07
2060.38
2072.49
2047.55
2046.58
2048.66
2058.96
2037.15
2012.38
2051.48
2052.82
2051.85
2053.93
2007.82
1998.82
2056.84
2041.02
2018.31
2034.53
2031.21
2010.36
2035.21
2023.95
2015.72
2049.9
2044.02
2052.41
2035.48
2022.55
2027.74
2026.72
2043.18
2050.67
2008.2
2020.24
2020.7
2031.54
2043.89
2016.4
2025.25
2047.38
2032.01
2016.33
2034.41
2023.77
2030.18
2033.16
2011.23
2025.96
2029.09
2024.59
2024.75
2026.65
2039
2029.07
2038.62
2021.67
2014.19
2013.82
2020.5
2007.56
2022.92
2026.68
2039.92
2043.71
2022.91
2007.34
2026.98
2042.83
2029.27
2017.62
2033.83
2035.77
2029.03
2041.49
2021.97
2014.12
2048.04
2023.03
2018.24
2036.19
2032.39
2012.31
2044.38
2018.95
2028.59
2024.25
2010.66
2031.77
2034.99
2017.36
2016.26
2014.72
2027.12
2052.21
2030.92
2014.28
2017.16
2042.39
2030.81
2015.08
2049.45
2015.83
2011.44
2045.16
2052.96
2017.86
2039.24
2031.6
2047.29
2058.26
2049.82
2033.45
2028.9
