0.509509
0.500406
0.506694
0.519341
0.514969
0.507335
0.526137
0.517681
0.515933
0.533134
0.523892
0.515547
0.526163
0.521628
0.520964
0.519464
0.508472
0.515887
0.504671
0.504113
0.531673
0.528356
0.525188
0.51997
0.528988
0.535658
0.538815
0.527691
0.529658
0.529802
0.537252
0.519796
0.502373
0.512114
0.500382
0.515031
0.522693
0.512904
0.513816
0.518499
0.515316
0.520861
0.513567
0.521884
0.517207
0.510811
0.515543
0.520913
0.514089
0.512145
0.518126
0.508685
0.50108
0.507964
0.511836
0.503503
0.50781
0.510234
0.504025
0.499922
0.507516
0.4997
0.488002
0.504949
0.521332
0.498456
0.501769
0.504417
0.507844
0.497851
0.50578
0.501007
0.489096
0.500292
0.506722
0.498775
0.503404
0.510985
0.499675
0.499872
0.507968
0.519468
0.522466
0.518547
0.524179
0.512276
0.501512
0.501037
0.508984
0.499206
0.482184
0.484721
0.488184
0.492749
0.503414
0.496731
0.504938
0.503312
0.501714
0.505303
0.504804
0.511046
0.504451
0.500769
0.497715
0.506122
0.494626
0.493829
0.499194
0.49591
0.501328
0.501559
0.503032
0.495817
0.498516
0.502825
0.492729
0.497807
0.500037
0.498631
0.506601
0.509634
0.516154
0.494446
0.500901
0.506066
0.4897
0.495279
0.486198
0.494638
0.498866
0.499799
0.503264
0.512257
0.494519
0.477258
0.474902
0.485046
0.492972
0.502456
0.495778
0.499113
0.497422
0.4967
0.489206
0.503252
0.498099
0.505092
0.50681
0.500159
0.505697
0.491423
0.496708
0.503873
0.474462
0.487715
0.491519
0.499107
0.499692
0.486801
0.495277
0.499346
0.493735
0.499037
0.508726
0.503137
0.494775
0.49211
0.49732
0.496263
0.484061
0.484053
0.477857
0.479276
0.485343
0.476661
0.480218
0.484597
0.481249
0.482302
0.484285
0.481749
0.47234
0.475783
0.475651
0.47514
0.4742
0.469692
0.470455
0.475431
0.473062
0.479018
0.484781
0.493213
0.492636
0.500373
0.502263
0.501617
0.503186
0.501172
0.489459
0.477616
0.482592
0.466095
0.478868
0.483204
0.478426
0.475613
0.470869
0.474082
0.478446
0.485846
0.484707
0.483616
0.489625
0.488984
0.501151
0.49621
0.491878
0.487501
0.490311
0.481142
0.489229
0.487564
0.483033
0.486153
0.481231
0.482907
0.478741
0.484328
0.486877
0.504792
0.502505
0.509183
0.508996
0.506549
0.505095
0.497592
0.503446
0.503404
0.502239
0.503262
0.499161
0.494324
0.490565
0.488085
0.491496
0.488659
0.501482
0.493025
0.495569
0.489664
0.482042
0.47398
0.483821
0.480868
0.475877
0.482699
0.485568
0.48755
0.491851
0.489105
0.496617
0.486344
0.486384
0.471768
0.469619
0.47836
0.474285
0.48112
0.483407
0.483201
0.484984
0.488452
0.496848
0.480772
0.497895
0.488628
0.476888
0.47056
0.479389
0.494481
0.504565
0.494735
0.493982
0.496827
0.499959
0.488945
0.492452
0.486277
0.490166
0.505279
0.502741
0.48626
0.495095
0.492678
0.482933
0.494301
0.489218
0.494231
0.48377
0.496502
0.482105
0.470408
0.462865
0.47667
0.471564
0.469213
0.460435
0.463214
0.470177
0.475046
0.483262
0.492739
0.489782
0.488591
0.487835
0.489609
0.474156
0.47962
0.486329
0.479974
0.484226
0.481854
0.480403
0.490482
0.493476
0.491291
0.490939
0.489676
0.500018
0.493317
0.475694
0.475887
0.533547
0.542077
0.553739
0.540902
0.536713
0.528465
0.527284
0.531245
0.517889
0.517907
0.513667
0.501266
0.501327
0.51088
0.50329
0.499105
0.504036
0.49639
0.503531
0.501626
0.512039
0.509582
0.506803
0.511014
0.519912
0.51668
0.515729
0.526197
0.529754
0.525688
0.522168
0.521827
0.508589
0.523711
0.507553
0.50962
0.515673
0.518922
0.512222
0.505053
0.494817
0.497274
0.506465
0.496384
0.494256
0.502493
0.51228
0.512587
0.516474
0.504448
0.517654
0.526868
0.516647
0.521595
0.522946
0.532021
0.516895
0.516048
0.518369
0.521333
0.517736
0.507256
0.519478
0.514468
0.510638
0.516245
0.497258
0.492816
0.504313
0.50612
0.505701
0.507333
0.505758
0.500999
0.493873
0.500317
0.498286
0.51535
0.517233
0.513333
0.503713
0.488242
0.491762
0.495052
0.507213
0.49687
0.477212
0.478823
0.49137
0.491442
0.493837
0.490122
0.487682
0.492249
0.476846
0.47428
0.479838
0.471345
0.464948
0.483056
0.466935
0.477037
0.483813
0.481946
0.480305
0.492719
0.496069
0.504375
0.498069
0.495522
0.495757
0.490289
0.486839
0.478631
0.468497
0.469949
0.477034
0.479961
0.477124
0.48315
0.490872
0.499068
0.502124
0.501866
0.512995
0.506474
0.506413
0.516215
0.498063
0.498364
0.496023
0.491346
0.49225
0.492919
0.490512
0.484639
0.482873
0.484673
0.477563
0.471705
0.47129
0.479604
0.484306
0.484792
0.496116
0.496957
0.499684
0.503439
0.490877
0.480488
0.482841
0.494337
0.487578
0.49245
0.512949
0.504994
0.500223
0.509721
0.518401
0.508994
0.516267
0.513063
0.517071
0.525515
0.51982
0.517524
0.507452
