0.639831
0.638815
0.640755
0.629644
0.636932
0.639288
0.629114
0.63939
0.64091
0.627735
0.631809
0.638157
0.626549
0.636468
0.630882
0.635271
0.635236
0.631275
0.642003
0.642052
0.628833
0.63278
0.635328
0.642344
0.633284
0.624777
0.630396
0.635473
0.631854
0.632312
0.627266
0.635506
0.642285
0.632671
0.639511
0.640739
0.633259
0.637546
0.629928
0.630667
0.635855
0.633566
0.636074
0.631047
0.629664
0.636896
0.634282
0.631584
0.63478
0.634586
0.634981
0.638248
0.639286
0.631935
0.633016
0.633562
0.634095
0.63435
0.63555
0.6401
0.629208
0.637716
0.646856
0.636367
0.628519
0.641982
0.640401
0.633735
0.633396
0.640754
0.634664
0.636718
0.644727
0.634297
0.628221
0.638231
0.63501
0.63146
0.64175
0.641498
0.635867
0.632057
0.630344
0.632537
0.629556
0.631821
0.640729
0.638675
0.633943
0.643022
0.642216
0.641606
0.643883
0.638595
0.630363
0.638843
0.637702
0.638438
0.640471
0.639221
0.640513
0.63595
0.636336
0.643011
0.638251
0.638845
0.64628
0.641248
0.641034
0.637885
0.643624
0.641998
0.638793
0.644055
0.64458
0.640382
0.644709
0.64081
0.641286
0.639083
0.637582
0.633788
0.634823
0.647863
0.638184
0.636939
0.643932
0.640716
0.643771
0.640872
0.638114
0.638257
0.638498
0.6364
0.640353
0.650242
0.649257
0.638427
0.638305
0.638862
0.638726
0.639802
0.639297
0.642239
0.639812
0.642488
0.641104
0.634208
0.632058
0.637131
0.63279
0.642352
0.640215
0.63045
0.643536
0.636301
0.638158
0.635134
0.631722
0.645027
0.637354
0.634163
0.640694
0.639231
0.635575
0.63601
0.639348
0.6401
0.637416
0.641461
0.641103
0.641804
0.64873
0.644723
0.638724
0.644064
0.643457
0.644522
0.644157
0.642751
0.641495
0.642796
0.645721
0.64315
0.642629
0.645424
0.646
0.647942
0.646183
0.640121
0.640508
0.643678
0.638089
0.632587
0.63874
0.628864
0.629816
0.630627
0.632636
0.631187
0.637438
0.639286
0.633385
0.645791
0.642488
0.636722
0.644474
0.640577
0.642075
0.647567
0.638874
0.636004
0.639562
0.645829
0.636541
0.63874
0.63454
0.635484
0.635659
0.637948
0.634972
0.642222
0.635694
0.637181
0.640399
0.641773
0.644181
0.638494
0.639177
0.642126
0.640135
0.632604
0.635483
0.631731
0.626723
0.629751
0.630905
0.631709
0.632309
0.635011
0.633829
0.633865
0.633062
0.63656
0.639398
0.635818
0.63751
0.636435
0.634121
0.632828
0.634961
0.639214
0.637565
0.645597
0.637977
0.639816
0.645125
0.640841
0.637054
0.638567
0.637727
0.639262
0.634963
0.63878
0.637356
0.642972
0.640946
0.640382
0.640965
0.638787
0.639214
0.638796
0.640571
0.6408
0.63668
0.642023
0.631324
0.63784
0.644456
0.641788
0.641789
0.633661
0.629585
0.635357
0.637675
0.634024
0.633385
0.638108
0.639656
0.637497
0.644
0.631994
0.632532
0.645745
0.631529
0.63598
0.646053
0.637264
0.637753
0.639377
0.642179
0.635109
0.644397
0.648374
0.648138
0.643353
0.641836
0.644342
0.647214
0.645489
0.644438
0.642745
0.640095
0.63996
0.637699
0.639253
0.634095
0.640648
0.64606
0.642871
0.640856
0.646562
0.63882
0.641964
0.645291
0.640186
0.640355
0.642525
0.637554
0.639198
0.63531
0.638535
0.646073
0.643711
0.630373
0.626602
0.622435
0.622418
0.626654
0.628866
0.631538
0.625575
0.630766
0.632675
0.632056
0.637053
0.640301
0.632895
0.638466
0.639812
0.638182
0.639282
0.636174
0.635268
0.634066
0.633199
0.634698
0.630772
0.629594
0.630951
0.637286
0.632842
0.626706
0.630285
0.631342
0.632393
0.634436
0.630755
0.63573
0.640346
0.630891
0.628868
0.63319
0.638877
0.639967
0.636135
0.637096
0.638618
0.637997
0.636825
0.631165
0.631438
0.633139
0.636339
0.634916
0.626343
0.634863
0.632675
0.628491
0.625288
0.632624
0.631724
0.632111
0.627238
0.631596
0.639387
0.629479
0.63172
0.633194
0.630837
0.643529
0.64189
0.631883
0.635554
0.640695
0.636663
0.637987
0.642051
0.637815
0.640927
0.640864
0.631286
0.631566
0.63052
0.63462
0.639709
0.637164
0.636297
0.634184
0.633969
0.644019
0.641155
0.641064
0.640971
0.637187
0.642017
0.639761
0.635857
0.642416
0.645188
0.645357
0.648498
0.648101
0.643818
0.65034
0.644954
0.6435
0.64115
0.641259
0.637957
0.633648
0.63577
0.632442
0.636366
0.640771
0.641118
0.642923
0.648376
0.64746
0.644751
0.64356
0.64033
0.644836
0.643002
0.638999
0.63318
0.63331
0.634964
0.631585
0.632477
0.634528
0.631519
0.637804
0.642101
0.637067
0.642453
0.643305
0.639727
0.640827
0.647218
0.64199
0.64786
0.645639
0.647297
0.649281
0.643587
0.643532
0.645637
0.642322
0.643919
0.639738
0.63629
0.641708
0.647258
0.647556
0.639915
0.643316
0.646428
0.636191
0.641592
0.643047
0.633026
0.630143
0.63786
0.632747
0.63345
0.632408
0.62859
0.630346
0.635719
0.638485
