73327.2
73443.9
73221.5
74513.6
73661
73389.5
74576.3
73377.8
73203.7
74740.2
74258.2
73519.5
74881.7
73714.6
74367.4
73853.6
73857.6
74321.1
73079.2
73073.6
74609.7
74144.3
73847
73040.3
74085.2
75094.1
74424.7
73830.1
74252.9
74199.2
74796
73826.2
73047.1
74157
73363.9
73223.3
74088.2
73590
74480
74392.7
73785.7
74052.3
73760.3
74347.9
74511.2
73665.1
73968.7
74284.7
73910.7
73933.3
73887.3
73509.1
73389.7
74243.4
74116.7
74052.8
73990.5
73960.8
73821.1
73296.4
74565.2
73570.4
72530.9
73726.3
74647
73081.5
73261.9
74032.5
74072.1
73221.6
73924.2
73685.7
72770.3
73967
74682.3
73511.1
73883.9
74299.2
73107.9
73136.7
73784.3
74229.1
74430.9
74172.7
74524
74256.9
73224.4
73459.9
74008.2
72963.4
73054.9
73124.4
72865.8
73469.2
74428.6
73440.6
73572
73487.2
73253.9
73397.2
73249.1
73774.7
73730
72964.6
73508.8
73440.4
72595.5
73165.2
73189.6
73551
72895.1
73079.7
73446.3
72846.3
72786.9
73264.1
72772.4
73215.2
73160.9
73413.1
73585.8
74026.4
73905.7
72418.1
73516.5
73660.1
72860.2
73225.9
72878.4
73208.1
73524.5
73508.1
73480.2
73722.6
73267.5
72153.2
72262.6
73488.5
73502.5
73438.4
73454
73330.5
73388.5
73052.3
73329.4
73023.9
73181.6
73977.3
74229
73637.9
74143.1
73039.5
73283.2
74418.3
72905.1
73734
73519.5
73869.4
74268.4
72736.5
73612.2
73982.6
73228.4
73396
73818.3
73767.7
73382.7
73296.4
73605
73140.9
73181.7
73101.8
72321.4
72770.9
73454.3
72845.3
72914
72793.6
72834.7
72994
73137
72988.9
72658.3
72948.8
73008
72691.8
72626.9
72409.3
72606.4
73294
73249.7
72889
73527.4
74166.9
73452.4
74606
74493.2
74397.4
74161.2
74331.4
73602.5
73389.8
74073.5
72650.5
73024
73685.3
72798.9
73241.8
73070.9
72451.3
73437.1
73768.5
73358.1
72646.2
73706.2
73452.5
73938.7
73828.8
73808.5
73543.7
73888.4
73054.2
73804.5
73632.2
73262.2
73105.3
72832
73480.7
73402.2
73065.1
73292.4
74165
73828.9
74267.4
74860.8
74500.9
74364.7
74270
74199.5
73883.8
74021.6
74017.4
74111.2
73704.1
73376.8
73790.1
73594.2
73718.5
73987.5
74138.7
73889.7
73398
73587.8
72672.3
73540.3
73329
72725.5
73211.7
73646.8
73472.4
73569.1
73392.4
73889.3
73447.8
73611.9
72969
73199.7
73264.1
73197.5
73447
73398
73446
73242.5
73216.4
73690.2
73076.8
74315.3
73556.1
72801
73103.6
73103.5
74041.2
74520.6
73843.6
73575.2
73998.8
74073.5
73525.2
73347.3
73595.7
72852.6
74236.5
74173.4
72655.7
74291.2
73771.2
72621
73622.6
73566.1
73379.3
73059.2
73872.4
72807.7
72361.1
72387.5
72925.8
73098.2
72813.9
72490.8
72684.4
72803
72994.7
73297
73312.5
73572.3
73393.5
73990.6
73233.7
72620.2
72980.5
73209.9
72563.8
73443.3
73083.5
72706.7
73286.6
73267.2
73019.7
73589.1
73399.8
73849
73476.1
72618.7
72885.3
74427.4
74875.3
75376.6
75378.7
74869.1
74605.8
74290.1
74998.2
74381.1
74156.6
74229.2
73646.9
73273.4
74130.8
73484
73329.3
73516.7
73390.2
73748.8
73853.9
73993.9
74095.2
73920.3
74380.3
74519.5
74359.2
73620
74137
74862.9
74437.8
74313.2
74189.6
73950.8
74382.3
73800.3
73268.2
74366.3
74605.5
74096.3
73436.7
73311.6
73753.3
73642
73466.5
73538.1
73673.3
74334
74301.9
74102.3
73729.6
73894.9
74906.3
73901
74156.6
74650.3
75032.6
74162.6
74268.2
74222.7
74799.3
74283.3
73378.1
74533.1
74268.7
74095.8
74372.6
72905.8
73092
74249.6
73820.6
73228.3
73692.1
73539.2
73073.7
73559
73201.9
73209
74319.7
74286.9
74410
73929.3
73341.1
73634.1
73734.5
73980.1
74005.2
72850.4
73175.8
73186.1
73196.8
73631.5
73077.5
73335.2
73785.5
73032.2
72718.4
72699.3
72347.2
72391.5
72873.1
72142.3
72744.8
72909.2
73176.3
73163.9
73542.6
74042.7
73795.6
74183.9
73726.5
73219.7
73180
72974.5
72360.8
72463.2
72767.7
72902.3
73270.1
72758.1
72965.6
73422.6
74097.4
74082.2
73889.3
74284.6
74179.8
73940
74292.3
73560.3
73068
73645.3
73027.9
72931.2
73339.1
73213.2
72490.3
73080.6
72418.4
72667.6
72481.4
72259.9
72899.3
72905.5
72667.8
73042.8
72861.7
73337.9
73735.3
73112.7
72485.8
72452.5
73317.6
72930
72578.9
73746.8
73126
72960.5
74115.5
74454.6
73553.8
74148.2
74065.8
74187.9
74638.5
74430.6
73801.5
73481.9
