1969.94
1972.32
1965.47
1995.81
1978.57
1990.86
1976.73
1991.28
2001.51
1987.97
2000.02
1999.89
1992.55
1985.91
1986.36
1977.46
1991.81
1985.87
2009.49
1998.74
1986.12
1999.78
1990.69
1983.43
1990.23
2008.95
1998.26
2000.89
1982.82
1999.26
1983.36
1995.21
1997.93
1986.42
1998.58
1982.13
1988.8
1995.63
1976.69
1995.99
1990.83
1987.54
1990.48
1977.28
2006.74
1992.85
1986.18
2013.7
1996.58
1978.12
1982.66
1973.03
1999.62
1980.54
2010.21
1993.36
1975.63
2016.03
2006.88
1992.85
1982.16
1997.75
1990.96
1969.16
1998.13
1985.6
1993.81
1980.69
1987.49
1984.27
1989.83
1972.6
1997.57
1995.06
1982.39
1995.41
1983.5
1991.1
1990.1
1973.14
1979.25
1970.93
2002.91
1980.57
1991.47
1965.74
2007.29
1987.87
1981.23
1996.13
1983.01
1985.89
1988.03
1967.76
2002.93
2004.36
1991.47
2012.78
1990.6
1966.31
2012.74
1974.33
1988.33
1978.86
1996.09
2003.63
1999.07
1965.48
2003.38
1997.32
1995.33
1982.8
1979.86
1997.6
2005.19
1996.32
1965.94
1984.96
1993.3
1994.99
1992.83
1987.49
1986.28
1994.73
1985.26
1996.42
1985.22
1985.81
1984.97
1988.82
1988.64
2003.01
1979.58
1998.23
1979.05
1988.46
1985.24
1975.88
2010.15
1974.04
1987.47
1978.49
1988.81
1995.9
1965.81
1990.97
1977.94
1979.9
1986.56
1983.46
1998.89
1976.02
1985.01
1984.01
1976.61
1987.78
1974.99
1999.72
1984.94
1994.6
1996.42
1991.55
1995.5
1972.08
1992.92
1986.92
1991.3
1987.73
2000.42
1986.85
1998.5
1980.67
1984.11
1988.87
2002.81
2004.28
1990.34
2005.94
1978.89
1978.79
1979.39
1976.7
1987.39
1984.37
1994.1
1984.89
1984.23
1987.96
1986.1
1993.96
1978
1978.63
1988.77
1975.57
1980.37
1990.38
1993.09
2001.65
1992.67
1981.49
1981.31
1992.37
2006.86
1970.83
1984.48
1991.89
1976.38
1970.94
1991.07
1985.91
2014.43
1975.14
1974.91
1973.47
1983.19
2002.85
1986.99
1975.81
1975.38
2000.67
1991.9
2004.02
1990.09
1982.28
1981.31
1973.43
1985.41
1988.52
2008.33
1980.19
1993.5
1985.31
1988.75
1976.29
2010.6
1973.04
1995.13
1980.19
1967.51
2007.36
1983.78
1990.04
1990.76
1981.62
1989.71
1995.5
1991.56
1982.87
1983.38
2004.05
1978.74
1989.51
2000.19
1986.76
1996.31
1975.62
1992.05
1992.98
1978.29
1990.27
1998.6
1986.95
1975.01
1971.16
2001.03
1987.54
1983.37
2002.36
2005.74
2005.9
1992.55
1988.62
2010.17
1983.98
1982.54
1983.82
2000.03
1983.58
1962.35
1985.46
1972.18
1993.5
1995.06
1959.69
1980.91
1988.98
1986.21
2006.51
1987.43
1995.98
1995.56
1989.16
1995.56
1999.28
1989.44
2003.96
1989.66
1990.34
1991.49
2008.68
1987.37
1976.22
1981.88
2005.82
2017.31
2002.21
1992.57
1973.79
2006.29
2011.24
1989.75
2001.43
2007.78
2009.19
2002.08
2002.25
1977.7
2020.73
1986.67
2011.17
2013.82
1981.88
2016.85
1994.73
1997.39
2027.42
2008.1
2005.24
2003.36
1971.47
1977.56
1995.68
2005.62
1986.96
1968.94
1983.15
1985.31
2002.7
1978.72
1984.31
1985.7
1978.31
2007.28
1996.03
1972.72
2004.28
1969.8
1987.97
2011.16
1998.49
1995.03
1997.74
1985.39
1989.85
1996.34
1989.54
1984.63
1988.55
1995.87
1965.22
2000.56
1988.5
1979.81
1981.72
1991.04
1995.93
1972.15
1973.71
1991.5
2015.95
1981.46
2005.79
1990.32
1988.07
1984.9
1966.19
1993.47
1966.99
1987.88
1988.7
1991.34
1985.8
2005.83
1990.96
1997.9
1988.65
1998.3
1981.4
1988.88
1993.35
1964.91
1990.95
2008.4
1973.34
1997.32
1961.31
1966.51
1997.69
1988.42
1991.27
1994.25
2000.25
1986.6
1979.67
1983.62
1995.36
1993.75
1983.53
1991.62
1991.58
1973.69
1980.59
1990.08
1998.82
1986.77
1989.73
1999.68
1983.93
1987.74
1984.71
1975.51
1977.02
1981.75
2008.71
2000.16
1975.69
1978.96
1979.97
1987.43
1999.83
1996.55
1985.3
1984.2
1998.77
1998.88
1999.38
1997.42
1992.55
2008.89
2003.1
2009.7
1973.08
1982.66
1989.46
1959.94
1979.65
1967.09
1985.08
1995.51
1990.47
2003.94
1990.1
1979.33
1992.27
1988.1
2010.64
1983.65
2022.42
1986.52
2014.15
1981.82
1996.02
2013.88
2013.9
2010.92
1999.09
1980.31
2013.86
2003.83
2000.45
1988.8
2005.79
1993.47
2008.48
1967.27
1989.09
2017.35
1984.08
1993.71
1994.08
1996.93
1990.73
1999.06
1991.34
1969.39
1990.57
1974.75
1993.71
1986.21
1977.82
1995.38
1962.52
2005.66
1986.64
1992.35
1974.32
1993.88
1986.62
1961.77
1993.46
1998.04
