0.471484
0.468972
0.463629
0.480353
0.475269
0.489073
0.488975
0.493667
0.493031
0.488171
0.492601
0.488647
0.484533
0.483326
0.484272
0.469504
0.484464
0.483615
0.493196
0.490242
0.490785
0.489724
0.48957
0.492546
0.488047
0.510161
0.505581
0.502411
0.498101
0.5032
0.487524
0.49124
0.489762
0.482547
0.493898
0.490469
0.499639
0.504596
0.501565
0.513853
0.511853
0.507192
0.495934
0.495853
0.5084
0.498721
0.497158
0.504487
0.493677
0.484925
0.476355
0.491044
0.490783
0.490929
0.493068
0.491888
0.484859
0.492936
0.494146
0.489082
0.481544
0.480329
0.47831
0.477339
0.48308
0.484728
0.487921
0.486852
0.49226
0.494526
0.490765
0.486783
0.492756
0.491031
0.482957
0.488136
0.483053
0.483914
0.484594
0.484427
0.47523
0.470225
0.488025
0.474178
0.485104
0.477391
0.480679
0.479223
0.478019
0.478226
0.465625
0.462542
0.462434
0.456297
0.468682
0.475393
0.474158
0.483115
0.487462
0.477497
0.492119
0.476905
0.472619
0.478817
0.483156
0.47914
0.483811
0.473664
0.479374
0.48249
0.484634
0.474671
0.478192
0.483968
0.488905
0.479979
0.473573
0.477135
0.487053
0.487536
0.483221
0.485592
0.492417
0.48578
0.476533
0.487158
0.482529
0.490064
0.490762
0.490072
0.489243
0.492843
0.490639
0.488208
0.484682
0.482273
0.482986
0.481595
0.489568
0.47893
0.477535
0.480706
0.488761
0.493519
0.485875
0.494829
0.494245
0.488693
0.488085
0.485157
0.483968
0.472517
0.47152
0.472344
0.465251
0.473434
0.455079
0.46014
0.472913
0.478639
0.477404
0.47227
0.480313
0.464942
0.464266
0.467602
0.459337
0.459729
0.462138
0.470091
0.483051
0.469754
0.478166
0.475222
0.487776
0.488709
0.485061
0.49117
0.485636
0.486989
0.488355
0.481912
0.494753
0.48944
0.498641
0.49427
0.498652
0.496625
0.502453
0.50454
0.490967
0.485085
0.478241
0.477974
0.48098
0.488148
0.488048
0.483323
0.485019
0.48692
0.478838
0.488039
0.487379
0.477623
0.480844
0.48136
0.470364
0.472186
0.480624
0.47462
0.480931
0.467915
0.468775
0.471323
0.481127
0.488978
0.483968
0.470675
0.477631
0.48646
0.477585
0.48338
0.48045
0.474635
0.469544
0.468831
0.47924
0.477257
0.484928
0.483044
0.490846
0.487297
0.486599
0.481255
0.484191
0.468719
0.46952
0.467063
0.464474
0.482022
0.476884
0.476908
0.473875
0.480436
0.478138
0.480867
0.478363
0.469182
0.468293
0.486907
0.474963
0.480769
0.478
0.485897
0.4739
0.471083
0.473269
0.476147
0.46179
0.464901
0.470338
0.463042
0.454264
0.459902
0.467893
0.466715
0.470413
0.47781
0.485028
0.470245
0.468607
0.467735
0.473708
0.463932
0.470866
0.469238
0.471693
0.463874
0.461748
0.466089
0.467325
0.467629
0.473132
0.465384
0.479293
0.47592
0.48178
0.478156
0.484182
0.498875
0.489533
0.49185
0.498168
0.500385
0.49958
0.497961
0.49061
0.497911
0.501212
0.504881
0.492365
0.487694
0.488107
0.501698
0.499518
0.507515
0.499092
0.489713
0.501493
0.501365
0.496285
0.49098
0.496703
0.482674
0.482395
0.4765
0.474382
0.489434
0.486269
0.48477
0.480794
0.46966
0.485195
0.486142
0.494042
0.505543
0.494855
0.489567
0.479375
0.47551
0.480454
0.485461
0.491476
0.487634
0.481747
0.488741
0.487369
0.489117
0.470182
0.474369
0.472504
0.46408
0.476164
0.474892
0.464811
0.476783
0.471911
0.472741
0.478071
0.46959
0.473946
0.472575
0.463879
0.463629
0.473816
0.467884
0.461945
0.467916
0.46827
0.462521
0.466026
0.475647
0.47779
0.473095
0.480947
0.489123
0.478574
0.484847
0.485764
0.492819
0.487206
0.487368
0.469067
0.467613
0.467046
0.458383
0.472123
0.467927
0.479035
0.487301
0.486826
0.47606
0.481804
0.483619
0.484955
0.470086
0.474694
0.465227
0.465151
0.460401
0.460963
0.464166
0.476908
0.461918
0.467309
0.464369
0.470918
0.481587
0.470875
0.465037
0.469297
0.473904
0.473309
0.465875
0.479174
0.481616
0.473564
0.477034
0.479827
0.478376
0.462532
0.471705
0.48099
0.49069
0.479729
0.493227
0.496305
0.488112
0.484543
0.474213
0.461648
0.465688
0.467876
0.481495
0.467665
0.467712
0.480048
0.470537
0.478843
0.485746
0.487509
0.482527
0.480876
0.489627
0.482223
0.49178
0.491628
0.490505
0.502775
0.480371
0.484203
0.474284
0.479195
0.479717
0.464338
0.464469
0.464616
0.475523
0.476443
0.484143
0.481201
0.48358
0.482476
0.493886
0.491305
0.493799
0.478083
0.484968
0.477533
0.488574
0.474478
0.478802
0.48757
0.487994
0.486566
0.483971
0.475614
0.486339
0.481082
0.481104
0.474139
0.480542
0.475236
0.474566
0.459216
0.469213
0.476193
0.471217
0.477322
0.48196
0.484439
0.4747
0.478877
0.469933
0.470064
0.471273
0.469871
0.471055
0.466902
0.465381
0.470421
0.469897
0.475864
0.47281
0.486269
0.477184
0.479228
0.475909
0.467387
0.474777
0.478232
