2171.25
2204.36
2212.55
2171.94
2207.35
2200.31
2163.12
2208.21
2223.85
2151.94
2157.25
2218.37
2214.98
2177.04
2157.48
2162.98
2172
2151.72
2171.93
2193.54
2210.8
2200.59
2159.81
2164
2178.5
2218.14
2171.69
2160.67
2170.22
2195.87
2197.19
2195.15
2185.15
2203.11
2211.72
2208.24
2195.96
2199.34
2181.88
2203.99
2196.3
2177.04
2162.06
2191.32
2150.53
2142.18
2161.38
2175.87
2176.97
2156.79
2128.04
2152.88
2228.74
2153.69
2136.5
2169.38
2164.73
2140.75
2176.63
2199.19
2188.72
2194.73
2190.91
2210.22
2208.15
2215.18
2186.77
2218.24
2222.05
2187.6
2212.48
2211.67
2196.84
2205.96
2219.12
2203.83
2172.53
2183.59
2211.54
2196.19
2155.1
2153.94
2183.2
2196.21
2141.1
2137.47
2198.81
2184.92
2154.54
2179.58
2204.77
2156.37
2153.05
2195.43
2180.33
2183.33
2207.16
2205.1
2165.57
2188.6
2181.57
2192.95
2195.96
2211.85
2221.28
2195.52
2158.61
2172
2201.9
2187.43
2191.84
2164.45
2172.79
2160.81
2164.43
2157.32
2179.55
2195.41
2165.19
2158.38
2144.7
2169.23
2166.71
2179.75
2189.6
2184.51
2181.69
2207.65
2188.34
2198.32
2179.97
2159.46
2166.96
2209.93
2213.09
2183.74
2167.04
2186.52
2194.35
2151.08
2137.16
2161.59
2179.97
2168.06
2154.37
2205.63
2194.8
2138.25
2160.31
2158.11
2152.14
2135.06
2221.84
2209.89
2142.77
2163.81
2189.2
2172.43
2182.81
2200.05
2177.89
2183.61
2203.4
2186.6
2182.96
2185.76
2201.31
2224.85
2179
2188.85
2202.51
2191.57
2177.44
2204.59
2202.04
2153.21
2166.18
2200.77
2174.78
2168.94
2170.74
2150.18
2200.39
2218.2
2194.27
2188.32
2231.67
2218.82
2152.54
2148.24
2183.56
2172.94
2190.1
2183.35
2168.58
2180.05
2173.31
2195.02
2168.72
2174.03
2192.37
2196.35
2185.87
2199.65
2204.84
2221.69
2195.59
2180.55
2162.52
2178.54
2160.44
2177.17
2215.39
2215.55
2171.01
2207.58
2200.57
2196.47
2191.07
2200.87
2198.54
2200.09
2210.91
2151.47
2152.15
2155.32
2143.07
2155.75
2151.65
2138.46
2162.02
2177.3
2157.75
2146.2
2175.71
2190.05
2169.46
2165.88
2173.65
2175.95
2194.91
2163.14
2152.04
2191.95
2184.89
2188.37
2176.11
2172.59
2213.09
2190.06
2185.99
2174.82
2204.28
2187.39
2137.34
2183.95
2197.19
2195.96
2194.92
2224.93
2186.12
2161.4
2179
2196.27
2176.86
2166.65
2152.55
2146.31
2171.15
2163.94
2179.37
2169.47
2160.51
2138.78
2165.28
2174.54
2145.82
2142.13
2209.41
2191.86
2139.28
2166.89
2193.54
2159.84
2196.04
2219.15
2251.02
2201.29
2190.48
2212
2216.21
2234.59
2195.68
2197.55
2226.15
2178.77
2166.95
2195.42
2194.9
2171.84
2193.22
2181.43
2172.91
2165.71
2165.42
2175.75
2187.47
2206.9
2185.98
2194.02
2177.67
2191.27
2198.31
2182.34
2196.13
2173.25
2167.95
2204.5
2202.49
2200.37
2211.3
2199.22
2178.64
2178.37
2185.78
2187.74
2216.4
2197.69
2200.85
2208.31
2177.37
2180.96
2184.35
2178.19
2187.63
2194.41
2147.65
2164
2188.54
2184.23
2185.71
2205.17
2217.17
2179.09
2207.4
2223.06
2202.34
2166.79
2194.88
2171.9
2117.78
2156.79
2177.02
2115.27
2106.27
2127.67
2137.8
2114.93
2149.13
2141.69
2125.72
2103.33
2124.33
2147.97
2159.85
2141.06
2163.52
2157.82
2106.09
2135.45
2199.19
2196.99
2164.54
2162
2153.07
2196.07
2205.16
2135.25
2146.8
2143.01
2156.7
2155.89
2181.01
2167.42
2136.05
2136.38
2197.94
2160.12
2140.02
2116.1
2125.51
2137.66
2153.87
2149.01
2164.53
2166.34
2154.41
2164.4
2172.69
2124.39
2124.16
2177.01
2135.33
2139.45
2147.44
2136.7
2138.18
2171.88
2143.48
2110.7
2163.71
2185.75
2134.02
2164.92
2168.55
2173.54
2172.33
2168.87
2160.93
2173.31
2193.14
2174.96
2188.6
2193.26
2211.78
2193.8
2153.1
2154.48
2201.61
2153.39
2172.9
2192.18
2187.36
2228.97
2213.48
2209.76
2190.79
2135.9
2158.24
2185
2131.32
2155.83
2180.91
2136.65
2105.1
2123
2140.82
2118.02
2169.22
2199.4
2184.2
2136.37
2201.42
2190.97
2191.73
2189.15
2154.73
2153.15
2152.63
2152.85
2187.93
2185.8
2161.67
2164.01
2169.13
2153.26
2162.76
2175.39
2185.6
2179.61
2208.43
2181.7
2168.28
2221.8
2204.4
2182.34
2241.98
2216.82
2185.65
2158.12
2176.92
2169.09
2159.32
2168.36
2164
2152.42
2153.73
2173.2
2154.03
2114.3
2119.95
2136.2
2156.66
2148.48
2168.79
2205.9
2135
2129.43
2182.98
2199.71
2164.93
