0.465739
0.47281
0.481904
0.479641
0.487384
0.481625
0.467352
0.479263
0.489792
0.464263
0.466311
0.479336
0.483125
0.477602
0.464991
0.477122
0.484393
0.482795
0.476732
0.491517
0.494518
0.49199
0.481948
0.478065
0.490502
0.492657
0.478121
0.474078
0.474936
0.478087
0.480168
0.481885
0.482813
0.483067
0.474826
0.491669
0.48676
0.495394
0.478412
0.489994
0.500012
0.485793
0.476596
0.480439
0.472512
0.465969
0.465126
0.471466
0.467647
0.474146
0.460553
0.476185
0.486643
0.469438
0.454829
0.465834
0.465313
0.461081
0.46476
0.472775
0.479052
0.475111
0.474534
0.473787
0.479245
0.490474
0.488416
0.49582
0.499382
0.482282
0.492319
0.482622
0.483723
0.491516
0.490123
0.47676
0.466582
0.471348
0.476297
0.469439
0.45832
0.456055
0.463891
0.464057
0.4459
0.450133
0.469531
0.458159
0.458053
0.452254
0.46744
0.461768
0.471386
0.48436
0.48207
0.483707
0.489714
0.481375
0.475216
0.468056
0.466805
0.469455
0.470662
0.475293
0.482995
0.466979
0.463451
0.464641
0.468294
0.468661
0.470415
0.467862
0.479925
0.469573
0.474401
0.469405
0.475884
0.473795
0.466482
0.474094
0.467367
0.474099
0.479958
0.482704
0.498688
0.490249
0.494528
0.495361
0.50735
0.504398
0.491471
0.479706
0.483073
0.484057
0.488268
0.471517
0.458093
0.458119
0.458986
0.450754
0.453933
0.457754
0.459578
0.457597
0.453155
0.463396
0.457045
0.446902
0.443897
0.447797
0.448541
0.451139
0.469135
0.471042
0.450909
0.460026
0.470066
0.47918
0.484411
0.489885
0.477007
0.476648
0.484962
0.476921
0.470893
0.488378
0.482571
0.485899
0.467895
0.47207
0.477871
0.472638
0.472896
0.480892
0.475029
0.460598
0.466715
0.476778
0.478752
0.468911
0.460968
0.466083
0.475464
0.482998
0.475692
0.476137
0.490581
0.482697
0.460928
0.458605
0.456129
0.448425
0.463631
0.451417
0.44776
0.459919
0.45968
0.456405
0.457547
0.453414
0.471402
0.46179
0.46437
0.463679
0.466837
0.465373
0.465979
0.457099
0.459901
0.465511
0.466586
0.468157
0.490821
0.494153
0.479745
0.492456
0.483052
0.483634
0.486126
0.477421
0.464778
0.456539
0.461556
0.441455
0.443372
0.44383
0.428664
0.436386
0.435978
0.449593
0.451802
0.457424
0.44473
0.445909
0.446392
0.444587
0.448531
0.453815
0.457368
0.455319
0.45008
0.446256
0.450825
0.453437
0.454346
0.452663
0.456788
0.444843
0.457382
0.452659
0.451208
0.458579
0.46002
0.468939
0.454595
0.477674
0.481253
0.477688
0.480638
0.485062
0.48476
0.479069
0.482211
0.479642
0.476436
0.461834
0.46524
0.456457
0.474224
0.468781
0.467681
0.461348
0.458192
0.4566
0.459286
0.465502
0.463671
0.45343
0.462651
0.464726
0.45312
0.45905
0.473132
0.470929
0.482425
0.493766
0.50385
0.504875
0.496082
0.503322
0.500127
0.496144
0.486261
0.485387
0.490981
0.47504
0.479838
0.479934
0.481264
0.467399
0.463304
0.455064
0.457882
0.455448
0.45448
0.468515
0.465863
0.466307
0.462242
0.465177
0.469157
0.470629
0.465609
0.468511
0.468572
0.467627
0.46702
0.468963
0.480039
0.472978
0.461422
0.459326
0.45955
0.450887
0.452892
0.473631
0.472607
0.463319
0.465614
0.466297
0.45521
0.454771
0.453194
0.442105
0.489452
0.486243
0.474495
0.489682
0.491338
0.505074
0.49363
0.500118
0.494756
0.48412
0.496499
0.501523
0.477469
0.47662
0.482406
0.472417
0.448309
0.457399
0.455485
0.44202
0.441419
0.440748
0.443942
0.455895
0.452783
0.453079
0.440929
0.438498
0.440403
0.456333
0.458794
0.453126
0.47312
0.46108
0.450794
0.454512
0.471278
0.470276
0.464695
0.464355
0.46218
0.467488
0.473734
0.459527
0.451752
0.444143
0.449479
0.453195
0.457621
0.463156
0.447561
0.45335
0.46239
0.457097
0.437769
0.437596
0.440862
0.438072
0.446244
0.454832
0.463438
0.463148
0.449639
0.445303
0.455953
0.445791
0.4523
0.469806
0.454468
0.454645
0.454759
0.44714
0.446201
0.463873
0.447922
0.445649
0.462776
0.473483
0.461312
0.462041
0.470906
0.465908
0.467219
0.45867
0.455232
0.461058
0.455682
0.460561
0.473607
0.482435
0.486508
0.482099
0.47169
0.480666
0.487484
0.486433
0.488414
0.487307
0.486404
0.481528
0.473671
0.469992
0.46734
0.447217
0.452901
0.460793
0.453931
0.462124
0.447426
0.430898
0.43587
0.438806
0.440861
0.429475
0.446312
0.466053
0.458942
0.46061
0.479783
0.47561
0.472148
0.474579
0.471255
0.467769
0.467135
0.455108
0.469703
0.475045
0.468841
0.468197
0.47487
0.47975
0.484683
0.487629
0.495925
0.498201
0.50043
0.499001
0.49914
0.510097
0.503797
0.495593
0.501848
0.488911
0.474327
0.468154
0.471033
0.469838
0.477055
0.48882
0.47674
0.489163
0.481374
0.475985
0.471003
0.460812
0.458986
0.467017
0.466201
0.457084
0.462125
0.463678
0.4587
0.454316
0.472482
0.471109
0.461883
