0.62696
0.621109
0.618381
0.625468
0.619634
0.618739
0.62979
0.620397
0.613867
0.630389
0.628335
0.61613
0.618198
0.620461
0.62797
0.625276
0.620708
0.624144
0.622991
0.617137
0.616762
0.617221
0.623857
0.622649
0.620453
0.613679
0.621182
0.625776
0.62254
0.619831
0.617839
0.619788
0.620668
0.616202
0.614962
0.614912
0.614951
0.613653
0.618017
0.614974
0.615319
0.619606
0.621771
0.618878
0.626439
0.628081
0.62707
0.623586
0.619413
0.619359
0.627506
0.620907
0.608934
0.624151
0.628807
0.620393
0.622519
0.62751
0.620392
0.61904
0.621365
0.618803
0.619555
0.617718
0.616247
0.613693
0.620372
0.61447
0.610755
0.622043
0.614101
0.617461
0.617434
0.617138
0.612772
0.617361
0.624399
0.623743
0.615862
0.62273
0.630564
0.632965
0.625865
0.622769
0.634672
0.634628
0.620477
0.62351
0.631659
0.625018
0.620401
0.630187
0.629349
0.62075
0.623699
0.622967
0.616686
0.615597
0.628486
0.623144
0.624814
0.624127
0.622527
0.62067
0.618364
0.623869
0.630056
0.629877
0.622828
0.625897
0.626397
0.62839
0.624403
0.626101
0.624648
0.626325
0.624102
0.624743
0.62882
0.629974
0.631196
0.627154
0.625055
0.620808
0.616952
0.618733
0.620121
0.61504
0.615617
0.615916
0.621264
0.625383
0.624474
0.619761
0.619195
0.62564
0.629422
0.62793
0.626744
0.631534
0.635189
0.62916
0.626661
0.630832
0.632602
0.625096
0.627947
0.637724
0.635283
0.633472
0.635394
0.638384
0.621001
0.622733
0.636493
0.628226
0.624735
0.626766
0.625501
0.616471
0.62403
0.623801
0.617918
0.623443
0.621515
0.623834
0.621671
0.616726
0.625496
0.624907
0.618717
0.62204
0.623816
0.620374
0.621716
0.631787
0.626364
0.617338
0.62454
0.624141
0.626218
0.627213
0.619745
0.61422
0.622252
0.62027
0.615597
0.617365
0.632781
0.632353
0.626285
0.632585
0.625497
0.627653
0.633524
0.632721
0.630874
0.628097
0.632357
0.630034
0.625086
0.624382
0.626655
0.624714
0.622629
0.620291
0.624491
0.627143
0.629845
0.624404
0.626537
0.625146
0.616653
0.615194
0.621858
0.61393
0.614151
0.618926
0.619181
0.621394
0.623237
0.624262
0.618921
0.630491
0.633027
0.633125
0.638417
0.633995
0.632295
0.633165
0.63007
0.626698
0.630345
0.633911
0.627251
0.62455
0.630206
0.627274
0.626046
0.630327
0.625815
0.631924
0.633653
0.626327
0.630209
0.628871
0.631219
0.633182
0.625298
0.63035
0.6309
0.630935
0.623886
0.625525
0.63573
0.623856
0.621295
0.62314
0.620702
0.614354
0.618175
0.626214
0.621443
0.619211
0.622679
0.627931
0.629065
0.633867
0.626287
0.630715
0.626495
0.628593
0.631468
0.633669
0.629963
0.62728
0.633351
0.632953
0.62322
0.624023
0.636329
0.629561
0.62421
0.627838
0.621168
0.614326
0.607324
0.614674
0.616161
0.612597
0.615843
0.611382
0.619695
0.618751
0.614416
0.623807
0.624516
0.620919
0.619896
0.625447
0.623062
0.629215
0.628255
0.63088
0.62929
0.628227
0.624647
0.623338
0.627377
0.624852
0.625945
0.623988
0.625704
0.62752
0.626016
0.62728
0.629523
0.62194
0.622172
0.625822
0.622712
0.625555
0.6267
0.628391
0.625608
0.622848
0.619965
0.620882
0.620686
0.618347
0.626085
0.62449
0.626663
0.625793
0.617017
0.61629
0.625929
0.618088
0.617361
0.617071
0.619897
0.615855
0.614444
0.622435
0.617658
0.613465
0.62203
0.623837
0.61981
0.621625
0.632005
0.626003
0.624975
0.634209
0.636584
0.632259
0.630713
0.63538
0.629441
0.6305
0.63351
0.637024
0.634267
0.628926
0.629186
0.630435
0.627044
0.62679
0.636655
0.633646
0.621714
0.622329
0.629087
0.628112
0.628182
0.622475
0.621305
0.635436
0.63309
0.63343
0.633326
0.633282
0.629341
0.629018
0.63604
0.634535
0.623572
0.630063
0.637322
0.641383
0.641168
0.634599
0.634183
0.633201
0.630073
0.631188
0.632359
0.630283
0.625796
0.635574
0.636008
0.62508
0.632974
0.629795
0.631836
0.63142
0.633496
0.624452
0.629573
0.635778
0.623052
0.620226
0.628641
0.624764
0.621497
0.62244
0.625689
0.627175
0.628983
0.626819
0.62251
0.624601
0.622175
0.619773
0.614583
0.618821
0.625411
0.624828
0.61267
0.623586
0.619693
0.616312
0.619513
0.611249
0.617165
0.619159
0.620533
0.632803
0.629277
0.620669
0.63152
0.62898
0.625801
0.635109
0.642394
0.636576
0.636633
0.63954
0.630352
0.621531
0.625351
0.631771
0.61903
0.622359
0.622686
0.620901
0.625988
0.627089
0.628655
0.63062
0.623799
0.624502
0.629922
0.626516
0.624732
0.626715
0.623776
0.621374
0.617028
0.616886
0.612806
0.616565
0.617729
0.606421
0.61268
0.618115
0.60709
0.616335
0.622636
0.625862
0.623453
0.625748
0.628859
0.623269
0.62368
0.623514
0.625294
0.622568
0.626323
0.632217
0.629648
0.624531
0.624195
0.627163
0.62465
0.621839
0.635129
0.636855
0.623657
0.623351
0.627143
