71146
71816.2
72133.1
71315.7
71987.1
72091.3
70826.3
71898.6
72663.5
70759
70990.3
72396.6
72154.4
71891.2
71031.6
71337.6
71862.6
71467
71599.2
72278.5
72322.4
72268.6
71499.9
71638.6
71892.2
72685.8
71807.8
71280.6
71651.2
71964.2
72196.3
71969.3
71867.2
72388.1
72534.1
72540
72535.4
72688.8
72175.5
72532.7
72492
71990.4
71739.7
72075.1
71205.2
71019
71133.5
71530.9
72012.8
72019.2
71084.1
71839.6
73252.1
71466.2
70937
71899.1
71653.5
71083.6
71899.2
72056.3
71786.6
72083.9
71996.3
72210.5
72382.8
72684.1
71901.5
72592.2
73033.7
71708.4
72635.8
72240.5
72243.7
72278.4
72793.4
72252.2
71437.9
71513
72428
71629.3
70739.4
70471
71270.4
71624.8
70281.5
70286.4
71889.4
71539.7
70616.7
71367.1
71898.2
70781.7
70875.9
71857.7
71517.9
71602
72331.2
72459.2
70973.3
71581.6
71390.3
71468.9
71652.6
71867
72135
71498.5
70796.4
70816.5
71618
71266.9
71210
70984.1
71437.3
71243.6
71409.3
71218.1
71471.8
71398.5
70935.5
70805.6
70668.5
71124
71362.8
71851
72300.1
72092
71930.7
72524.9
72456.9
72421.8
71798.3
71325.4
71429.2
71972.4
72038.2
71296.1
70867.8
71036.1
71170.5
70630.7
70224.3
70897.3
71179.9
70709.3
70511.4
71358.2
71034.2
69945.1
70213.9
70414.7
70201.6
69872.8
71828.7
71628.9
70080.5
71002.7
71399.4
71168.1
71311.9
72356.5
71480
71506.3
72187.1
71547.3
71769.3
71502.5
71751.3
72326.6
71312.5
71379.8
72093.9
71708.7
71504.6
71901.3
71746.1
70602.4
71213.7
72254.9
71421.7
71467.3
71230.2
71117.3
71974.3
72621.8
71684.3
71913.4
72459.2
72251.7
70491.5
70539.3
71222.7
70513.4
71312.4
71067.4
70408.9
70498.3
70704.6
71017.3
70538.8
70798.8
71359.3
71439.7
71180.6
71401.8
71640.9
71910.9
71427.2
71125.2
70820.1
71437.3
71194
71352.4
72335.1
72506.8
71729.7
72656
72629.8
72069.6
72039.8
71783.2
71571
71453.5
72070.1
70747.6
70464.1
70453.2
69869.2
70356.5
70545.7
70448.8
70794.9
71175.7
70764
70365.8
71113
71420.6
70779.6
71110.3
71249.8
70766
71276.2
70587.1
70394.5
71217.9
70779.2
70929.8
70666
70446.9
71335.1
70763.4
70701.7
70697.8
71496.6
71309.2
70164.5
71500
71794.7
71582.2
71863.3
72605.8
72157
71230.8
71777.6
72036.3
71635.1
71036
70907.9
70370.7
71222.5
70722.5
71198.8
70961.2
70638.1
70392.7
70806.8
71109.8
70428.1
70472.4
71573
71480.8
70098.5
70852.1
71459.5
71046.6
71809.4
72609.2
73446.3
72568
72392.9
72814.2
72430.3
72958.9
71980.1
72089.9
72598.5
71505.6
71424.5
71838.2
71956.8
71318.1
71591.2
70891
70999.3
70703.9
70882.6
71002.6
71409.5
71559.4
71098.7
71386
71261.3
71484.8
71288.9
71082.5
71253.3
71109.7
70856.3
71720.3
71693.5
71275.3
71631.3
71305.9
71175.6
70984
71299.7
71615.7
71948.7
71842.4
71865.2
72137
71245.5
71427.4
71179.7
71278.6
72292.5
72377.8
71263.2
72167.2
72252.2
72286.1
71956.6
72428.9
72595.2
71663.3
72217.5
72711.1
71709.9
71502.1
71966.7
71756.6
70578.1
71254.7
71372
70332.8
70070.4
70549.7
70722.7
70203.1
70865.6
70746.5
70410.4
70022
70326.4
70923.6
70894.3
70753.8
71136.5
71165.3
70062.6
70395.3
71746.4
71675.4
70905.5
71015.5
71007.6
71658.6
71793.5
70197
70457.1
70419.3
70430.8
70435.8
70876.8
70913.3
70130.4
70296.7
71532.6
70795.6
69989.3
69546.1
69569.5
70289.6
70335.7
70444.8
70794.5
70669.4
70538.6
70771
71278.4
70181.7
70133.8
71359.9
70470
70825.7
70597
70643.5
70412
71431.7
70850.7
70159.3
71592.2
71918.4
70955.7
71396.1
71771.4
71662.7
71290.6
71121.6
70917.2
71162
71654.6
71414.7
71693.1
71971
72578.8
72081.7
71322.2
71388.8
72805.4
71530.9
71980.3
72375.2
72001.3
72974.7
72275.1
72042.3
71882.9
70489.1
70884.1
71867.1
70632.2
70917.5
71277.7
70233.2
69436.7
70071.2
70065
69746.5
70763.2
71767.4
71329
70604.2
72057.4
71672
71634.3
71840.2
71256.5
71131.3
70954.2
70733.1
71506.5
71426
70811.5
71196.4
71399.8
71173.8
71509.2
71785.6
72291.2
72307.9
72789.2
72345.5
72209.2
73555.7
72804.2
72164.1
73474.6
72372.5
71640
71270.8
71546.2
71283.8
70931.2
71567.3
71520.1
71539.3
71335.6
71647.9
71218.4
70554.5
70842.2
71422.7
71461.2
71122.9
71409.1
71731.9
70231
70040.6
71522.8
71557.9
71125.3
