2111.29
2142.95
2099.64
2097.73
2079.46
2056.35
2047.78
2079.1
2053.83
2040.82
2078.35
2031.15
2028.15
2032.41
2018.14
1988.48
2008.37
2069.59
2075.61
2029.07
2057.15
2038.6
2020.49
2069.14
2049.66
2085.85
2065.58
2067.42
2070.16
2084.22
2061.47
2110.33
2103.33
2081.7
2056.93
2106.75
2052.71
2012.35
2030.79
2069.59
2006.03
2020.65
2035.09
2011.26
2031.1
2042.29
2016.22
2029.08
2011.63
2028.94
2070.41
2072.07
2012.3
2011.71
2044.75
2065.73
2025.83
2032.55
2054.59
2074.36
2045.16
2077.26
2034.34
2040.02
2040.21
2049.94
2059.28
2072.39
2045.46
2063.44
2050.12
2022.44
2050.84
2094.31
2051.3
2048.66
2064.96
2089.43
2063.89
2093.66
2097.09
2075.09
2077.73
2097.66
2089.82
2092.71
2102.48
2118.26
2107.36
2080.55
2097.87
2097.39
2093.1
2115.59
2098.79
2086.32
2113.35
2123.97
2107.39
2071.02
2037.22
2033.97
2022.57
2017.64
2032.33
2031.55
2005.49
2020.48
1977.27
2001.93
2043.77
2025.06
2041.26
2062.87
2024.39
2025.77
2015.11
2044.91
2064.16
2096.65
2057.6
2061.39
2109.12
2087.15
2088.44
2092.95
2103.32
2085.41
2082.51
2088.47
2102.89
2084.24
2035.33
2061.22
2088.01
2039.07
2056.37
2048.85
2018.03
2032.54
2025.91
2035.08
2029.17
2045.36
2064.68
2019.44
2052.06
2054.84
2015.28
2007.84
2037.91
2027.59
2041.36
2015.19
2031.99
2071.56
2029.15
2009.49
2060.75
2009.06
2031.39
2048.14
2038.07
2055.16
2044.86
2012.57
2050
2066.67
2029
2063.65
2066.23
2046.78
2085.37
2127.87
2092.51
2072.36
2065.23
2070.44
2058.47
2073.76
2085.55
2075.96
2078.88
2090.32
2071.22
2038.83
2049.28
2050.78
2043.84
2050.72
2044.16
2035.92
2045.07
2079.88
2071.68
2067.7
2054.87
2048.87
2022.48
2046.04
2062.64
2067.34
2085.34
2087.06
2074.72
2064.82
2057.49
2080.78
2059.06
2070.34
2064.32
2049.01
2068.39
2037.51
2042.47
2027.28
2030.58
2072.45
2085.96
2077.74
2061.76
2065.71
2069.44
2046.58
2038.43
2054.99
2102.45
2052.31
2084.45
2066.45
2043.37
2061.8
2055.77
2081.59
2128.25
2085.22
2073.43
2087.47
2089.62
2079.85
2069.03
2094.89
2084.18
2064.63
2079.49
2067.74
2062.99
2089.98
2092.53
2082.87
2075.96
2085.64
2058.81
2062
2098.29
2042.12
2045.57
2095.79
2042.6
2047.42
2072.17
2044.32
2064.76
2080.78
2033.93
2068.91
2065.81
2051.79
2058.94
2083.22
2064.23
2034.88
2077.77
2076.25
2051.79
2074.3
2063.05
2050.37
2048.4
2059.66
2025.16
2087.72
2062.67
2107.18
2121.5
2091.43
2101.67
2109.85
2139.37
2097.88
2085.39
2123.24
2104.98
2105.75
2103.67
2079.4
2089.59
2100.44
2082.45
2054.53
2058.35
2045.83
2069.03
2118.45
2072.97
2033.66
2040.35
2023.59
2035.79
2058.12
2059.64
2017.75
2037.61
2058.31
2047.96
2075.07
2104.56
2076.77
2106.65
2136.49
2148.7
2167.13
2130.35
2154.43
2137.62
2113.91
2134
2125.1
2102.31
2104.31
2088.3
2080.29
2080.07
2064.3
2083.05
2092.57
2074.59
2077.18
2086.12
2091.52
2055.23
2055.67
2073.11
2077.48
2035.9
2048.11
2092.83
2054.33
2067.31
2089.29
2074.85
2031.71
2040.09
2056.45
2052.18
2033.83
2049.62
2062.1
2067
2065.87
2085.01
2089.92
2074.69
2064.05
2085.2
2107.08
2091.22
2109.12
2089.93
2064.98
2092.89
2061.71
2083.84
2112.93
2104.25
2075.25
2077.6
2091.54
2079.52
2095.53
2089.31
2088.4
2072.06
2073.96
2074.38
2061.61
2045.83
2068.9
2072.17
2046
2065.7
2098.78
2069.79
2047.57
2073.23
2073.23
2048.7
2049.69
2079.64
2062.35
2071.78
2065.05
2078.29
2065.83
2076.07
2049.71
2075.87
2079.61
2093.37
2108.55
2093.44
2061.72
2087.1
2111.83
2076.7
2066.36
2059.18
2104
2077.66
2056.37
2052.13
2083.29
2073.13
2074.13
2088.57
2085.88
2103.1
2124.35
2080.47
2098.37
2085.56
2115.25
2086.59
2097.53
2105.84
2092.39
2098.72
2058.03
2082.07
2069.03
2077.75
2065.91
2099.24
2080.02
2067.17
2051.12
2059.55
2085.71
2114.46
2108.65
2114.53
2107.08
2106.28
2094.23
2096.02
2108.61
2116.87
2118.36
2111.14
2119.61
2068.52
2086.92
2044.67
2063.19
2088.95
2091.8
2084.37
2039.06
2071.83
2043.01
2056.92
2066.67
2028.34
2044.38
2070.13
2045.36
2046.97
2045.97
2000.9
2040.69
2066.61
2083.07
2085.81
2071.58
2084.28
2078.57
2074.43
2110.66
2079.07
2088.6
2085.96
2112.33
2124.86
2096.45
2097.16
2139.84
2132.41
2090.91
2082.98
2092.37
2076.96
