0.408111
0.407456
0.403786
0.394004
0.399441
0.390275
0.384721
0.389474
0.378637
0.375463
0.379826
0.376883
0.371788
0.363958
0.357269
0.355853
0.362082
0.374688
0.377053
0.360962
0.369271
0.368125
0.372705
0.377874
0.375308
0.379289
0.380462
0.370025
0.375521
0.386513
0.37965
0.39186
0.386632
0.382955
0.378027
0.385467
0.38034
0.369198
0.368638
0.37828
0.364014
0.368218
0.373394
0.363112
0.369574
0.368966
0.359502
0.366966
0.355841
0.363616
0.380077
0.378808
0.36947
0.37181
0.374941
0.37103
0.369957
0.378269
0.381635
0.387781
0.380907
0.377116
0.368282
0.379226
0.373185
0.379708
0.378432
0.382241
0.372903
0.381739
0.37346
0.377459
0.388257
0.394456
0.384097
0.381978
0.385981
0.389643
0.389885
0.396195
0.398471
0.391146
0.394073
0.39872
0.409062
0.407601
0.414261
0.411631
0.405341
0.398932
0.398097
0.398907
0.402221
0.396177
0.398591
0.389111
0.388523
0.389811
0.381305
0.377944
0.366894
0.367475
0.361126
0.355936
0.361494
0.352252
0.346808
0.349585
0.343385
0.346478
0.359795
0.357328
0.37169
0.381284
0.374797
0.374866
0.362741
0.368042
0.376093
0.387104
0.376408
0.38231
0.395624
0.397177
0.397753
0.404612
0.397469
0.392386
0.386822
0.390783
0.403448
0.399642
0.384738
0.398332
0.392794
0.37832
0.388593
0.38574
0.378262
0.373728
0.36386
0.362412
0.363264
0.361637
0.369789
0.358079
0.366319
0.36837
0.362928
0.366107
0.373367
0.363921
0.357732
0.352339
0.363785
0.372496
0.364146
0.370481
0.381827
0.36569
0.376637
0.376474
0.371728
0.376067
0.375369
0.370686
0.380242
0.387383
0.376195
0.384042
0.38092
0.380558
0.389843
0.397665
0.385843
0.382592
0.370779
0.384179
0.382587
0.386787
0.382015
0.377161
0.376121
0.387742
0.383881
0.374215
0.369836
0.370687
0.364699
0.372427
0.372215
0.370908
0.371505
0.371608
0.377208
0.379901
0.369287
0.370784
0.380056
0.382157
0.380277
0.383773
0.390752
0.385776
0.38452
0.379867
0.380402
0.377757
0.390649
0.39386
0.39635
0.391977
0.383938
0.374207
0.371243
0.372098
0.376775
0.377527
0.395253
0.388518
0.385184
0.379561
0.383191
0.375999
0.373597
0.371276
0.384107
0.377902
0.380503
0.383431
0.374838
0.374047
0.377567
0.382195
0.390312
0.377427
0.37436
0.382688
0.387888
0.387433
0.383588
0.395913
0.395966
0.393416
0.397279
0.399042
0.390423
0.39923
0.39059
0.389755
0.393051
0.393408
0.391722
0.384778
0.390318
0.377167
0.382808
0.386843
0.372335
0.367804
0.381718
0.371532
0.383579
0.386749
0.373982
0.384344
0.37845
0.371133
0.374786
0.375585
0.376748
0.37073
0.386391
0.378371
0.37838
0.379247
0.388798
0.375395
0.378237
0.37512
0.376378
0.391447
0.387057
0.398381
0.396402
0.384792
0.389068
0.39463
0.403158
0.388602
0.384923
0.39232
0.381297
0.383409
0.384644
0.371616
0.377124
0.37782
0.381819
0.370397
0.37672
0.374118
0.3739
0.389658
0.383505
0.373849
0.380505
0.369331
0.367693
0.371827
0.370768
0.363212
0.366687
0.373279
0.366777
0.379831
0.39039
0.391548
0.388612
0.40157
0.417328
0.42288
0.421525
0.42755
0.42355
0.413273
0.420134
0.408104
0.397466
0.39123
0.387399
0.385638
0.385598
0.386483
0.385358
0.391429
0.386528
0.382592
0.391838
0.396237
0.382334
0.382094
0.381238
0.384983
0.375918
0.379506
0.380804
0.374563
0.380982
0.375076
0.375106
0.374878
0.379671
0.382945
0.385685
0.379858
0.375139
0.387598
0.396815
0.394345
0.391852
0.400922
0.38851
0.383972
0.400066
0.402964
0.400894
0.40339
0.392072
0.389654
0.393136
0.389716
0.391277
0.404196
0.39832
0.396274
0.397765
0.398437
0.397153
0.397939
0.39564
0.395611
0.384494
0.384256
0.381638
0.384209
0.383601
0.383586
0.390699
0.378243
0.38334
0.391778
0.37822
0.37838
0.380586
0.385728
0.379656
0.381879
0.38129
0.37911
0.381499
0.388121
0.380172
0.386918
0.388066
0.386565
0.390172
0.395545
0.395713
0.391515
0.37721
0.369741
0.378631
0.381468
0.385674
0.380521
0.379083
0.379152
0.382198
0.377139
0.37851
0.384455
0.381245
0.387894
0.394559
0.396065
0.397396
0.404573
0.398538
0.394624
0.39903
0.39781
0.388508
0.39468
0.383624
0.383583
0.381186
0.373893
0.381234
0.378274
0.381317
0.374759
0.387253
0.384025
0.379604
0.382502
0.386451
0.390434
0.399783
0.405347
0.41034
0.404181
0.407622
0.39881
0.400448
0.398385
0.402855
0.402422
0.39945
0.394451
0.388686
0.387662
0.377387
0.377
0.377615
0.378435
0.38666
0.380699
0.375878
0.368984
0.380052
0.382984
0.370062
0.36717
0.37323
0.366124
0.368983
0.371634
0.363549
0.364225
0.371505
0.380961
0.383576
0.382709
0.382543
0.386786
0.383276
0.391382
0.384815
0.388048
0.388656
0.396026
0.399165
0.399369
0.404243
0.423548
0.424962
0.413695
0.40434
0.401691
0.399525
