1826.83
1836.1
1835.3
1832.51
1859.9
1845.74
1846.73
1835.07
1835.74
1861.2
1876.39
1868.04
1877.14
1854.32
1855.42
1862.31
1840.88
1860.43
1874.41
1852.58
1848.81
1859.06
1857.16
1870.84
1868.44
1864.87
1870.77
1865.48
1864.21
1864.8
1869.54
1898.18
1877.12
1881.24
1892.45
1878.43
1881.41
1896.03
1893.52
1898.6
1880.3
1891.7
1899.58
1898.36
1899.74
1890.93
1900.34
1889.16
1885.72
1877.94
1877.38
1863.44
1844.26
1853.09
1847.61
1839.05
1834.2
1810.12
1817.11
1783.97
1772.64
1801.25
1805.41
1821.79
1848.24
1835.25
1842.38
1827.34
1834.33
1847.84
1851.53
1850.63
1858.3
1849.33
1855.9
1847.96
1853.82
1876.04
1857.53
1865.3
1858.71
1859.42
1876.56
1856.61
1861.75
1857.05
1864.51
1867.11
1876.27
1880.19
1889.12
1893.55
1903.72
1901.22
1904.55
1910.51
1932.95
1942.31
1929
1916.19
1909.68
1906.18
1892.4
1893.82
1894.24
1886.38
1861.26
1836.6
1847.4
1851.01
1850.92
1854.55
1847.98
1832.32
1840.77
1854.69
1851.42
1847.87
1852.32
1851.33
1854.39
1868.17
1859.78
1862.39
1862.18
1863.9
1881
1875.35
1879.22
1883.99
1899.32
1880.39
1894.28
1884.71
1871.93
1897.4
1884.68
1877.25
1908.29
1887.41
1889.93
1886.09
1892.27
1887.44
1876.35
1853.45
1872.01
1857.71
1861.66
1864.67
1853.99
1843.96
1840.62
1848.23
1853.9
1852.29
1841.95
1838.02
1830.41
1816.83
1806.09
1811.15
1814.36
1828.28
1818.8
1827.81
1826.73
1858.31
1838.89
1851.88
1865.87
1854.59
1849.36
1859.51
1873.85
1883.54
1871.98
1903.2
1882.12
1871.21
1889.2
1903.96
1895.42
1894.43
1859.5
1861.59
1860.55
1859.12
1858.94
1858.9
1845.62
1853.33
1850.71
1850.13
1864.21
1863.13
1868.02
1852.18
1844.2
1833.05
1849.3
1861.46
1851.93
1858.24
1835.08
1848.22
1858.37
1851.74
1873.86
1853.14
1858.81
1869.63
1840.55
1846.64
1849.62
1852.56
1862.83
1859.79
1868.37
1855.75
1824.01
1845.26
1840.24
1821.22
1846.7
1862.52
1864.64
1879.13
1858.03
1851.98
1864.02
1879.48
1876.51
1857.31
1850.77
1849.89
1837.61
1859.6
1876.07
1871.1
1863.4
1868.65
1850.56
1864.34
1844.75
1859.86
1857.42
1867.53
1847.13
1836.86
1831.24
1840.88
1836.59
1841.88
1815.6
1831
1824.42
1827.22
1832.82
1822.63
1823.72
1814.44
1810.54
1844.1
1838.83
1833.15
1840.66
1853.59
1843.62
1861.41
1860.59
1885.84
1878.69
1874.94
1888.49
1890.84
1891.22
1887.78
1877.87
1887.01
1882.01
1857.93
1870.86
1901.52
1889.79
1898.14
1875.53
1881.91
1884.22
1877.12
1880.39
1901.36
1895.16
1876.48
1887.69
1886.72
1879.29
1861.72
1885.76
1881.35
1881.66
1862.78
1857.72
1831.06
1839.97
1845.7
1857.77
1830.25
1828.3
1830.05
1816.41
1794.7
1813.51
1821.14
1841.27
1840
1827.13
1832.81
1832.37
1863.72
1863.15
1873.71
1878.33
1858.95
1864.66
1876.02
1893.07
1873.28
1879.61
1871.66
1879
1896.02
1887.43
1878.72
1900.31
1886.34
1876.61
1900.87
1883.54
1892.88
1895.53
1878.09
1872.96
1886.7
1867.76
1869.29
1865.08
1858.72
1847.52
1851.13
1834.5
1835.91
1825.61
1820.36
1818.47
1817.74
1840.72
1844.55
1846.12
1856.07
1858.51
1855.35
1864.51
1844.1
1843.17
1849.83
1848.54
1866.56
1853.36
1831.1
1856.58
1850.93
1861.19
1863.68
1840.31
1854.55
1859.4
1862.51
1867.05
1868.86
1878.26
1889.88
1886.63
1859.37
1868.53
1863.56
1858.35
1891.29
1887.37
1876.76
1871.41
1845.02
1851.93
1855.45
1838.19
1845.99
1839.91
1834.83
1830.57
1816.5
1824.52
1846.71
1848.62
1830.09
1836.15
1838.21
1847.64
1867.76
1850.48
1851.78
1852.63
1840.02
1848.45
1832.6
1823.51
1840.99
1831.26
1828.24
1838.32
1842.98
1836.98
1817.68
1833.73
1820.12
1836.35
1856.4
1832.84
1844.92
1868.13
1852.21
1852.11
1853.48
1861.35
1871.79
1852.72
1866.74
1867.34
1862.19
1873.15
1853.58
1853.17
1863.11
1855.21
1857.65
1848.37
1846.79
1860.08
1868.3
1843.67
1847.19
1849.77
1838.85
1832.18
1830.94
1835.57
1854.37
1840.99
1825.04
1823.01
1836.94
1845.56
1823.94
1833.02
1819.16
1826.64
1849.55
1852.01
1841.04
1858.67
1850.72
1855.01
1855.28
1861.86
1859.1
1859.29
1853.7
1860.4
1848.55
1864.31
1876.7
1882.03
1867.98
1879.87
1874.6
1872.68
1875.35
1864.08
1870.96
1863.27
1850.61
1859.97
1848.99
1851.58
1854.89
1835.28
1832.6
1840.63
1814.85
1809.7
1847.35
1837.08
