0.300746
0.303533
0.302159
0.30257
0.316585
0.312941
0.316069
0.311293
0.313799
0.314973
0.317883
0.316212
0.32219
0.320904
0.314155
0.310904
0.307974
0.313137
0.317268
0.308449
0.316103
0.308214
0.310801
0.315941
0.320327
0.312532
0.317464
0.317829
0.314418
0.322397
0.326015
0.328856
0.3263
0.325011
0.333579
0.327752
0.333116
0.334308
0.331239
0.332275
0.332691
0.32879
0.333394
0.326965
0.333938
0.330201
0.332327
0.328442
0.321725
0.320504
0.31762
0.313624
0.310924
0.311897
0.309747
0.307358
0.304997
0.304889
0.308457
0.300095
0.29305
0.301334
0.303373
0.307172
0.312949
0.304026
0.307113
0.306356
0.31048
0.316661
0.313971
0.310028
0.307714
0.308021
0.31165
0.307212
0.307541
0.310482
0.312506
0.312787
0.310047
0.314999
0.313852
0.316303
0.315049
0.313661
0.315927
0.31823
0.327887
0.326364
0.331049
0.330733
0.335059
0.332119
0.331885
0.339399
0.345224
0.345009
0.340039
0.338958
0.335913
0.331643
0.329858
0.327933
0.328137
0.323253
0.320553
0.309931
0.31162
0.30529
0.310924
0.307483
0.305655
0.307263
0.302825
0.306853
0.306184
0.307009
0.308312
0.309277
0.31259
0.313042
0.308215
0.308541
0.309305
0.309706
0.316751
0.319197
0.320284
0.322424
0.326595
0.324474
0.320691
0.326426
0.327851
0.331698
0.331334
0.332033
0.335656
0.332414
0.333443
0.334904
0.336109
0.331676
0.32917
0.320747
0.324418
0.313381
0.312613
0.31514
0.310218
0.31411
0.310245
0.317239
0.311844
0.307422
0.306452
0.304945
0.303162
0.30285
0.302483
0.306509
0.305744
0.301582
0.297275
0.302823
0.304921
0.312303
0.306241
0.312634
0.308293
0.310927
0.314013
0.316522
0.321158
0.323986
0.32044
0.332314
0.32568
0.329235
0.331014
0.342112
0.331912
0.328415
0.323156
0.322976
0.326426
0.318079
0.321661
0.319472
0.317393
0.31985
0.320338
0.318894
0.322269
0.319804
0.317988
0.309539
0.308555
0.303729
0.311899
0.313547
0.308009
0.308927
0.303602
0.310481
0.307377
0.311855
0.317808
0.311346
0.30709
0.311054
0.30719
0.309575
0.305784
0.31191
0.313785
0.306269
0.312426
0.309382
0.3031
0.309434
0.308274
0.308283
0.305849
0.310923
0.310417
0.314145
0.314543
0.316572
0.323567
0.32313
0.318427
0.318363
0.319628
0.318926
0.318581
0.325014
0.321693
0.315088
0.318836
0.324148
0.324211
0.321089
0.315817
0.320039
0.316721
0.313996
0.308052
0.305156
0.306881
0.309965
0.306579
0.309194
0.300885
0.299891
0.300648
0.303808
0.30887
0.304342
0.301865
0.295017
0.297608
0.305298
0.303791
0.301213
0.310376
0.31669
0.314433
0.31626
0.315691
0.323648
0.31878
0.319944
0.323872
0.319083
0.31892
0.322044
0.323054
0.327646
0.328627
0.323794
0.331659
0.332328
0.32829
0.33285
0.329658
0.33155
0.331511
0.325265
0.323321
0.323423
0.330773
0.324433
0.327207
0.323123
0.322986
0.320277
0.319922
0.322821
0.318509
0.316873
0.310899
0.302828
0.306098
0.309117
0.307898
0.306007
0.296316
0.298722
0.29341
0.292564
0.301141
0.303302
0.304108
0.303654
0.299041
0.296275
0.302698
0.308762
0.311163
0.320962
0.316267
0.311126
0.315793
0.315274
0.326117
0.327654
0.328845
0.324555
0.321621
0.332134
0.329759
0.324984
0.333255
0.331121
0.332199
0.334607
0.326487
0.329873
0.330619
0.327045
0.328652
0.325226
0.315682
0.321633
0.319293
0.313236
0.308527
0.31156
0.308649
0.308145
0.307527
0.307163
0.308263
0.303803
0.305767
0.304564
0.309671
0.31287
0.309217
0.315737
0.316766
0.314545
0.309417
0.309494
0.305489
0.318105
0.316283
0.309152
0.316786
0.312266
0.315191
0.312428
0.308444
0.312645
0.317205
0.312151
0.316512
0.319642
0.323184
0.326512
0.32859
0.322101
0.32215
0.318522
0.315146
0.323978
0.319093
0.321256
0.320155
0.309688
0.313118
0.309671
0.306717
0.31322
0.303973
0.305667
0.30311
0.300306
0.303138
0.305737
0.307544
0.302835
0.311039
0.314797
0.311687
0.312724
0.316314
0.312603
0.313296
0.313389
0.314854
0.306015
0.301659
0.302169
0.302879
0.305311
0.299609
0.299692
0.308284
0.303439
0.307458
0.304746
0.306151
0.313183
0.31508
0.320242
0.32176
0.321294
0.316811
0.314721
0.320074
0.322536
0.315755
0.32359
0.320843
0.321229
0.318145
0.313946
0.317004
0.320949
0.313609
0.320705
0.309114
0.308696
0.305353
0.310747
0.310117
0.311941
0.30893
0.314036
0.306545
0.306657
0.308751
0.3067
0.309369
0.310695
0.307825
0.30602
0.310843
0.304499
0.309244
0.30587
0.300098
0.31249
0.310667
0.308448
0.312312
0.311433
0.313703
0.314758
0.315971
0.311175
0.313373
0.309268
0.312791
0.312641
0.315197
0.320349
0.324313
0.319116
0.325713
0.315705
0.318517
0.315718
0.314357
0.312682
0.318337
0.307478
0.306222
0.30434
0.31022
0.310634
0.302547
0.300447
0.300731
0.294421
0.293945
0.302025
0.297896
