0.710457
0.707228
0.708236
0.708376
0.702287
0.705138
0.703434
0.70673
0.706397
0.702705
0.69942
0.703115
0.699381
0.703222
0.703473
0.701182
0.70677
0.702568
0.697622
0.702439
0.703356
0.702974
0.702485
0.700553
0.701366
0.701794
0.699292
0.699539
0.699706
0.698932
0.69731
0.6923
0.697722
0.696387
0.69249
0.696665
0.695454
0.691977
0.693356
0.692198
0.696342
0.694465
0.694873
0.695283
0.694741
0.695537
0.694095
0.696217
0.697282
0.698898
0.697899
0.701478
0.705425
0.703224
0.704877
0.707101
0.706019
0.711733
0.708904
0.715329
0.717738
0.713493
0.710896
0.7097
0.705119
0.709369
0.707666
0.709413
0.706434
0.704222
0.703887
0.705313
0.70195
0.70558
0.70378
0.706354
0.704514
0.699987
0.701853
0.701222
0.703118
0.702648
0.698842
0.699751
0.699362
0.701393
0.698474
0.697609
0.695362
0.695542
0.693754
0.692401
0.691421
0.691518
0.691003
0.688472
0.683613
0.682108
0.686195
0.689367
0.690654
0.689497
0.694239
0.694248
0.694831
0.696049
0.700873
0.70661
0.704919
0.706433
0.704352
0.703562
0.704498
0.706235
0.705577
0.702834
0.702191
0.703563
0.702752
0.702714
0.702732
0.699586
0.701892
0.701149
0.701572
0.70174
0.698761
0.698628
0.698338
0.697839
0.69505
0.698567
0.695373
0.696431
0.697471
0.692396
0.69517
0.696718
0.688204
0.690905
0.691773
0.69373
0.694219
0.694454
0.69569
0.700448
0.695605
0.699894
0.69948
0.698103
0.702731
0.703576
0.703745
0.70189
0.702274
0.704785
0.70593
0.705045
0.706992
0.709923
0.712988
0.711235
0.710833
0.708486
0.710902
0.709986
0.709474
0.70231
0.706415
0.701566
0.701714
0.703272
0.701669
0.700319
0.698514
0.695503
0.698
0.691114
0.693932
0.696564
0.694834
0.691781
0.692954
0.693229
0.700384
0.700774
0.700515
0.702132
0.701566
0.702201
0.70365
0.703456
0.704464
0.705564
0.701278
0.701471
0.701285
0.70535
0.706519
0.710064
0.704288
0.703774
0.705608
0.70459
0.709261
0.706431
0.70489
0.705456
0.698536
0.703397
0.704463
0.701915
0.707489
0.705267
0.7042
0.705331
0.702179
0.70635
0.704166
0.706786
0.710436
0.704511
0.705
0.710385
0.705141
0.702211
0.703355
0.699252
0.702608
0.701263
0.699494
0.697346
0.698224
0.702553
0.703943
0.701312
0.70521
0.700484
0.699425
0.700333
0.701511
0.699269
0.703246
0.701779
0.705049
0.700956
0.701984
0.700647
0.705508
0.706743
0.709286
0.704381
0.70781
0.706136
0.712342
0.709146
0.709579
0.707683
0.706878
0.710824
0.711134
0.711824
0.713467
0.705323
0.707723
0.709353
0.70667
0.705211
0.704973
0.703007
0.704275
0.69932
0.699541
0.700122
0.697805
0.696789
0.697144
0.696592
0.698541
0.697907
0.697853
0.702092
0.698508
0.693091
0.697554
0.695009
0.699714
0.695721
0.695805
0.698917
0.697964
0.694653
0.693326
0.698655
0.695787
0.696329
0.698688
0.700435
0.696002
0.696982
0.699091
0.702701
0.704409
0.707773
0.704566
0.704156
0.703695
0.709135
0.710952
0.709691
0.711178
0.715513
0.709524
0.708864
0.704794
0.705848
0.708932
0.707675
0.706976
0.701726
0.699525
0.697902
0.696669
0.700682
0.699825
0.696748
0.694025
0.698908
0.69739
0.698393
0.697509
0.6945
0.696468
0.696445
0.693163
0.69461
0.69637
0.692355
0.697322
0.694206
0.693647
0.697152
0.698814
0.694901
0.699017
0.699556
0.700507
0.700217
0.704421
0.703985
0.706305
0.704215
0.706712
0.707551
0.708271
0.709889
0.70315
0.704832
0.703974
0.704232
0.701774
0.703117
0.701884
0.704721
0.704551
0.704375
0.704882
0.701027
0.701902
0.707312
0.700789
0.703459
0.700105
0.699895
0.703531
0.701541
0.699862
0.700515
0.699289
0.699741
0.69723
0.695228
0.697931
0.701643
0.697397
0.699062
0.703378
0.694491
0.695723
0.696225
0.698621
0.703934
0.702611
0.701821
0.706405
0.70451
0.707299
0.707742
0.708213
0.709276
0.708148
0.704309
0.703423
0.707757
0.705162
0.705217
0.702627
0.699231
0.702889
0.703768
0.70221
0.70413
0.704031
0.708025
0.710516
0.706007
0.709854
0.708568
0.707589
0.707393
0.70714
0.711841
0.707956
0.707694
0.705533
0.7014
0.706699
0.703634
0.699278
0.703406
0.702836
0.704327
0.700879
0.696564
0.702021
0.700475
0.700239
0.700434
0.697795
0.70182
0.702409
0.701047
0.702574
0.70054
0.705242
0.704037
0.701919
0.698317
0.70511
0.705261
0.704582
0.705865
0.707889
0.70763
0.706071
0.703185
0.706816
0.710235
0.71036
0.709105
0.708826
0.711551
0.709257
0.710541
0.709768
0.705088
0.706009
0.706765
0.703356
0.705341
0.704487
0.703186
0.701542
0.702713
0.704166
0.703812
0.701214
0.704748
0.703264
0.700277
0.699942
0.702984
0.698979
0.700021
0.70012
0.699991
0.701962
0.701459
0.701562
0.705741
0.703193
0.705352
0.705951
0.70501
0.709532
0.708943
0.706058
0.713264
0.714419
0.706343
0.708301
