60653.1
60930
60843.3
60831.3
61358.7
61110.5
61258.6
60972.9
61001.6
61322.1
61610.2
61286.4
61613.6
61277.1
61255.2
61455.4
60969.5
61334.1
61768.9
61345.4
61265.4
61298.7
61341.4
61510.5
61439.2
61401.8
61621.5
61599.7
61585
61653.2
61796.6
62243.8
61760.1
61878.5
62226.7
61853.8
61961.5
62272.8
62149
62252.9
61882.5
62049.7
62013.3
61976.7
62025.1
61954.1
62082.8
61893.7
61799.1
61656.2
61744.5
61429.4
61085.7
61276.9
61133.2
60940.9
61034.3
60544.3
60785.9
60240
60037.8
60394.9
60615.6
60717.7
61112.2
60746.1
60892.3
60742.3
60998.4
61190
61219.2
61095.4
61388.1
61072.3
61228.5
61005.4
61164.7
61560.3
61396.6
61451.8
61286.1
61327.1
61661.1
61581
61615.2
61436.8
61693.6
61770.1
61969.7
61953.7
62113.3
62234.7
62323
62314.2
62360.6
62589.9
63034.7
63173.9
62797.6
62508.6
62392.1
62496.9
62069.9
62069.1
62017.1
61908.6
61482.4
60983.3
61129.6
60998.5
61178.7
61247.5
61166.1
61015.7
61072.5
61310.9
61367
61247.4
61318.1
61321.4
61319.8
61595.5
61393.2
61458.2
61421.2
61406.4
61668.2
61680
61705.6
61749.8
61997.5
61685.4
61968.7
61874.6
61782.4
62235.1
61986.8
61849.1
62614.2
62369.5
62291.3
62115.5
62071.8
62050.8
61940.5
61519.7
61948.1
61568.4
61604.9
61726.4
61319.9
61246.3
61231.6
61393.3
61359.7
61141.2
61042
61118.6
60950.3
60698.7
60437.7
60586.7
60620.9
60821.8
60615.1
60693.3
60737.1
61356.6
61000.1
61421.8
61408.8
61272.7
61412.7
61531
61690.1
61957.1
61735.5
62350.6
62097.4
61862.8
62016.8
62290.5
62185.1
62160.4
61525.4
61491.1
61513.8
61372.2
61421.7
61366.1
61239.8
61256.7
61169
61073.7
61446.9
61430
61446.3
61092.2
60991.1
60686.6
61184.4
61229
61069.9
61158.1
60755.3
60998.7
61132.1
61083
61688.2
61261.9
61169.1
61391.1
60907.5
61099.4
61191.9
61093.8
61368.1
61005.7
61194.9
60968.1
60654.9
61164.9
61122.5
60659.2
61110.3
61365.3
61265.5
61625
61330.7
61448.2
61603.7
61793.4
61715.7
61335.5
61214.3
61444
61104.3
61516.6
61609.7
61529.9
61426.6
61623.5
61274.9
61403.1
61118.3
61475.2
61385.1
61502.3
61078.6
60971.8
60753.1
61176.3
60879.9
61024.2
60492.5
60765.1
60728.1
60890.8
60960.2
60621.7
60595.3
60536.6
60397.2
61094.5
60887.4
60747.4
60978.1
61104.2
61124.8
61295.8
61185.5
61618.9
61599.5
61548.4
61752.7
61842.8
61811.4
61860.3
61687.7
61743.8
61748.5
61375.7
61690.6
62172.8
61775
62001.2
61584.3
61937.7
61930.3
61654.5
61738.7
62033
62151.7
61677.7
61931.8
61883.6
61674.7
61520.8
61912.7
61825.7
61639.2
61322.5
61173.8
60883.1
61160.1
61195.8
61235.9
60766.1
60610.8
60718.5
60591.6
60224.5
60732.8
60789.4
61140.4
61049.1
60783.5
60891.5
60951.7
61407.7
61600.9
61744.1
61853.5
61499.2
61574.5
61846.4
62089.1
61655.3
61789.5
61700.8
61779
62046.7
61871.3
61873.3
62166.3
62036.8
61880
62238.9
61795.5
62072.9
62122.9
61810.6
61663.6
62010.8
61645.7
61598.2
61514.6
61540
61172.7
61210.6
61009.6
61190.7
60974.4
60902.1
60840.3
60701.6
61283.4
61137.1
61211.6
61189.2
61403.5
61286.2
61393.8
61146.7
61161.5
61176.7
61132.8
61468.9
61392.3
60922.7
61489.8
61256.4
61549.9
61568.4
61250.2
61423.9
61571.3
61513.8
61621.7
61581.9
61803.7
61981.6
61741.6
61414.9
61788.9
61641.7
61263.5
62047.4
61937.6
61892.9
61680.7
61215.1
61330.4
61399.4
61001
61165
60923.8
60885.7
60845.2
60754
60850.8
61182.5
61259.6
60884.5
61108.5
61103.7
61328.9
61626.8
61306.1
61229.5
61365.3
61198.1
61206.6
60861.4
60648
61035.4
60704.6
60814.8
60898.9
60915.8
60937.5
60535.1
60867.4
60889.9
61076.3
61436.3
60975.6
61241.2
61622.7
61261
61310.7
61180.9
61481.9
61862.8
61381.9
61517.3
61538.1
61521
61753.7
61399.5
61348
61467.2
61333.5
61511.7
61101.6
61206.1
61390.8
61707.5
61113
61099.9
61158.8
61047.6
60873.1
60895.3
61029.8
61280.3
60965.5
60672
60661.3
60768.7
60792.6
60559.8
60755.7
60645.9
60711.9
61114.9
61035.2
60969.9
61265.4
61093
61167
61280.2
61423.8
61321.4
61194.9
61225.7
61452.5
61144.4
61273.4
61534.8
61564.2
61297.8
61649.1
61557.3
61548.6
61559.9
61387
61431.1
61422
61058.4
61279.6
61092
61040.2
61121.7
60732.1
60782.5
61030.9
60414.3
60316.7
61006.3
60837.7
