2112.99
2082.19
2090.71
2109.5
2081.55
2082.27
2102.11
2097.43
2065.01
2037.48
2094.37
2080.76
2064.06
2062.95
2084.37
2079.38
2087.88
2064.78
2100.71
2105.28
2104.28
2099.3
2108.3
2108.12
2102.01
2096.86
2070.14
2082.82
2116.21
2132.58
2095.45
2079.59
2096.38
2089.14
2083.88
2085.33
2094.97
2090.48
2098.25
2098.82
2084.53
2120.84
2091.93
2054.18
2073.62
2098.17
2073.32
2053.05
2065.31
2079.43
2071.29
2066.09
2053.03
2064.19
2108.05
2089.12
2038.17
2083.37
2116.74
2060.9
2044.36
2071.7
2097.35
2076.06
2071.21
2091.83
2075.6
2065.28
2081.3
2075.62
2079.16
2067.19
2103.75
2133.71
2093.48
2067.19
2097.79
2097.45
2088.82
2078.18
2065.56
2061.62
2062
2058.82
2075.19
2105.37
2080.87
2066.31
2091.86
2108.53
2073.7
2068.31
2098.75
2090.93
2064.86
2079.02
2078.98
2072.96
2068.07
2064.45
2083.66
2077.42
2084.78
2087.42
2081.49
2092.3
2094.43
2083.16
2074.33
2051.54
2050.57
2078.91
2079.3
2061.87
2079.64
2100.39
2057.18
2052.97
2104.19
2095.86
2085.19
2105.04
2076.06
2086.77
2089.51
2084.72
2100.03
2104.62
2065.95
2070.17
2081.73
2081.13
2052.08
2068.13
2091.21
2093.7
2093.08
2079.61
2073.44
2079.89
2086.01
2094.88
2087.51
2073.79
2080.74
2090.95
2082.07
2095.77
2092.16
2061.95
2059.35
2082.39
2061.72
2074.03
2101.12
2093.24
2063.7
2088.09
2101.29
2073.42
2054.27
2075.13
2073.22
2052.98
2083.02
2063.68
2057.06
2078.89
2060.42
2068.81
2057.25
2063.08
2072.48
2099.26
2069.58
2048.43
2071.16
2067.38
2073.95
2089.28
2095.81
2086.61
2043.35
2065.39
2086.27
2077.28
2088.81
2087.96
2056.94
2072.52
2089.81
2080.7
2058.52
2066.46
2094.21
2099.82
2055.33
2067.83
2085.34
2063.29
2075.52
2094.73
2079.21
2071.93
2065.1
2055.64
2098.94
2049.39
2060.11
2064.81
2108.47
2081.95
2052.6
2067.79
2062.44
2049.23
2089.43
2071.95
2044.52
2058.08
2065.28
2072.08
2068.08
2066.3
2064.47
2041.67
2062.9
2075.9
2069.07
2077.87
2075.82
2051.43
2055.29
2076.79
2077.62
2038.48
2058.41
2111.1
2111.33
2053.55
2053.63
2106.04
2091.26
2077.26
2090.45
2084
2072.35
2053.13
2070.95
2097.22
2070.44
2070.8
2073.81
2048.87
2061.84
2090.23
2047.23
2052.38
2093.33
2079.79
2069.56
2093.89
2108.75
2054.53
2078.34
2086.2
2065.54
2070.92
2092.85
2062.59
2058.78
2076.79
2073.55
2095.09
2088.7
2070.17
2060.28
2082.67
2078.38
2057.79
2082.14
2085.49
2060.74
2068.27
2067.89
2074.96
2063.94
2053.06
2055.83
2090.31
2082.39
2045.15
2081.65
2096.13
2072.8
2075.72
2101.55
2071.65
2070.48
2083.05
2086.3
2062.02
2068.63
2098.08
2096.09
2080.66
2074.94
2074.73
2085.88
2095.26
2086.22
2084.31
2095.81
2125.74
2106.88
2083.98
2082.11
2089.7
2093.9
2083.13
2079.22
2091.7
2086.95
2084.75
2059.43
2063.74
2060.52
2076.8
2071.9
2091.75
2088.46
2065.26
2082.21
2056.83
2080.62
2055.2
2043.9
2071.75
2064.76
2068.24
2049.21
2056.43
2085.95
2068.58
2048.56
2063.26
2041.11
2031.32
2061.45
2077.92
2074.23
2069.5
2068.21
2084.93
2056.42
2092.04
2096.42
2086.69
2066.56
2039.65
2036.09
2070.07
2056.41
2060.59
2063.9
2076.07
2074.52
2070.27
2070.82
2079.12
2057.89
2075.67
2075.34
2067.79
2058.65
2075.32
2046.26
2069.18
2102.05
2077.02
2056.61
2071.88
2081.85
2076.3
2088.39
2090.24
2060.75
2084
2097.3
2079.49
2061.72
2074.32
2077.54
2082.39
2082.85
2088.26
2078.62
2085.23
2101.65
2080.24
2071.67
2087.04
2098.4
2098.18
2070.22
2071.93
2085.66
2070.06
2087.27
2102.78
2106.64
2091.73
2088.19
2072.73
2086.17
2097.88
2073.59
2067.77
2073.1
2095.16
2072.85
2073.27
2083.73
2085.64
2090.09
2102.51
2085.6
2076.85
2060.92
2097.07
2106.73
2068.43
2040.2
2083.48
2109.97
2076.15
2076.94
2089.37
2104.45
2107.66
2111.14
2098.47
2077.56
2089.87
2111.12
2083.36
2074.03
2065.95
2097.14
2118.62
2115.95
2105.21
2084
2075.36
2079.38
2097.68
2078.85
2081.11
2131.32
2099.08
2097.91
2093.88
2085.41
2041.7
2091.44
2145.04
2087.02
2051.41
2068.47
2100.51
2090.76
2046.32
2058.19
2097.59
2100.89
2071.62
2108.12
2114.41
2095.28
2087.4
2084.26
2076.42
2093.12
2087.74
2089.86
2086.62
2092.34
2094.91
2077.78
2080.05
2095.84
2081.31
2080.37
2073.23
2093.73
2100.97
2068.44
2070.2
2107.36
2083.22
2074.37
