0.496977
0.485994
0.498021
0.49645
0.49252
0.493012
0.489803
0.493572
0.482257
0.477745
0.487059
0.489093
0.48299
0.499226
0.491648
0.495008
0.491658
0.486325
0.486814
0.496419
0.492628
0.501547
0.50528
0.493614
0.507207
0.497256
0.48413
0.490571
0.504986
0.513951
0.503853
0.507762
0.516883
0.510121
0.513898
0.511003
0.511938
0.513275
0.519633
0.522974
0.523471
0.527411
0.523491
0.509258
0.515653
0.518996
0.511841
0.501741
0.505651
0.509476
0.503441
0.497318
0.495151
0.492937
0.501044
0.506223
0.499026
0.521347
0.517828
0.50893
0.49683
0.51199
0.510174
0.500691
0.495062
0.516733
0.508569
0.499138
0.506226
0.503044
0.510581
0.506982
0.513363
0.525473
0.509501
0.500717
0.504486
0.510768
0.500723
0.498404
0.492075
0.492054
0.494433
0.493259
0.491641
0.48632
0.493083
0.484416
0.499419
0.508269
0.498693
0.502829
0.510353
0.509317
0.505663
0.506835
0.497596
0.511431
0.501227
0.503035
0.498353
0.497
0.496602
0.492484
0.495768
0.515159
0.51131
0.501838
0.510909
0.49664
0.501489
0.518574
0.504639
0.505683
0.510812
0.5119
0.493131
0.496776
0.504333
0.498511
0.49453
0.502574
0.495611
0.49293
0.496012
0.492142
0.498089
0.503448
0.482226
0.478008
0.485469
0.49552
0.475305
0.490474
0.503663
0.506316
0.499343
0.492224
0.479492
0.482276
0.485887
0.487076
0.490862
0.475116
0.477247
0.474945
0.469638
0.458472
0.475026
0.466636
0.466735
0.465446
0.469106
0.481117
0.481737
0.480006
0.47829
0.476447
0.475567
0.473112
0.479637
0.484912
0.482754
0.477545
0.488161
0.486298
0.486408
0.491074
0.495877
0.499881
0.492065
0.501376
0.511774
0.529286
0.510295
0.495897
0.501304
0.498693
0.494835
0.509572
0.497918
0.505969
0.488535
0.484508
0.49853
0.499129
0.504901
0.508059
0.496827
0.506876
0.50765
0.513106
0.507575
0.514612
0.522351
0.522825
0.51029
0.50979
0.514906
0.504485
0.507831
0.506527
0.508851
0.504677
0.499936
0.494286
0.506705
0.498884
0.494444
0.492339
0.49205
0.489475
0.469705
0.469114
0.467149
0.468617
0.47852
0.467092
0.467791
0.466224
0.485682
0.490405
0.488031
0.491687
0.489084
0.49222
0.497336
0.504865
0.510608
0.516286
0.50963
0.510881
0.504724
0.509165
0.50743
0.489796
0.491886
0.503603
0.492123
0.48235
0.479234
0.494762
0.493943
0.491676
0.49354
0.493882
0.482253
0.487049
0.492147
0.501906
0.491892
0.493644
0.482114
0.483183
0.485797
0.494347
0.486043
0.485801
0.495509
0.494564
0.498141
0.495548
0.495119
0.48437
0.48257
0.490203
0.482189
0.487246
0.491361
0.48537
0.491445
0.499582
0.48334
0.493856
0.495054
0.493126
0.491877
0.504276
0.497837
0.497584
0.495403
0.503194
0.496038
0.507234
0.49842
0.506687
0.504874
0.497096
0.493035
0.501347
0.500749
0.506894
0.517724
0.521341
0.510326
0.514517
0.514077
0.513532
0.51077
0.512909
0.507231
0.50364
0.499049
0.508953
0.509662
0.496272
0.489975
0.487118
0.494241
0.49139
0.496817
0.495087
0.501294
0.505527
0.501516
0.490562
0.489737
0.498389
0.49087
0.480692
0.494133
0.496633
0.502392
0.497767
0.485877
0.49358
0.495611
0.505677
0.50257
0.512182
0.512665
0.502875
0.504348
0.500429
0.481758
0.471303
0.471629
0.473109
0.486744
0.484114
0.483283
0.490373
0.499685
0.50025
0.48851
0.494431
0.495638
0.486884
0.495136
0.496909
0.491709
0.485139
0.487628
0.490039
0.488391
0.486606
0.50416
0.490184
0.483024
0.473272
0.476906
0.478265
0.480471
0.488297
0.488461
0.489886
0.493143
0.490672
0.500871
0.496397
0.493962
0.485943
0.487845
0.479836
0.490051
0.486033
0.476469
0.485746
0.501432
0.491463
0.47593
0.482006
0.478607
0.488683
0.486555
0.489329
0.476831
0.483715
0.485256
0.478675
0.474411
0.469835
0.471251
0.480299
0.484052
0.486309
0.481071
0.481714
0.479731
0.474356
0.479065
0.478482
0.475074
0.488638
0.484026
0.483086
0.482726
0.489588
0.49615
0.508128
0.505986
0.504339
0.501628
0.497922
0.503887
0.508959
0.499867
0.504674
0.504045
0.512527
0.508973
0.50564
0.510231
0.516586
0.521055
0.519331
0.516964
0.509674
0.500562
0.513764
0.512252
0.505674
0.493911
0.509839
0.509041
0.505754
0.493328
0.502222
0.51381
0.51536
0.519349
0.506844
0.502228
0.499896
0.511161
0.505927
0.496109
0.508473
0.516109
0.521243
0.516012
0.515499
0.505364
0.486882
0.497183
0.502302
0.487882
0.48799
0.498782
0.486205
0.487851
0.490611
0.487851
0.4738
0.489256
0.507379
0.487518
0.486937
0.490152
0.494756
0.491583
0.484145
0.489261
0.493311
0.487247
0.495366
0.510997
0.506267
0.495183
0.498241
0.498367
0.49881
0.506207
0.513289
0.506165
0.503155
0.514811
0.515528
0.512442
0.518262
0.511337
0.504694
0.497799
0.492946
0.499615
0.49829
0.490496
0.503712
0.495457
0.488835
0.490216
