0.627125
0.634438
0.629826
0.625105
0.630093
0.630816
0.624061
0.624698
0.633825
0.63702
0.627576
0.627011
0.634244
0.629642
0.627143
0.628272
0.627808
0.632636
0.627208
0.623801
0.628601
0.62407
0.622757
0.623295
0.623677
0.625432
0.631373
0.62852
0.61982
0.615493
0.624521
0.62759
0.621675
0.624035
0.625286
0.626872
0.62182
0.623447
0.620952
0.621445
0.623403
0.614954
0.620832
0.62902
0.62639
0.622998
0.627799
0.6318
0.626255
0.626134
0.628343
0.630046
0.63213
0.628884
0.6227
0.623573
0.633233
0.623385
0.617966
0.629425
0.63402
0.626965
0.624624
0.629796
0.628877
0.623146
0.627251
0.63042
0.62752
0.628839
0.624778
0.629871
0.622692
0.615319
0.626102
0.629764
0.625059
0.624549
0.627094
0.628004
0.63134
0.632721
0.634397
0.633203
0.629864
0.625103
0.630725
0.635128
0.627396
0.62303
0.631652
0.631095
0.624404
0.62502
0.631514
0.626108
0.626344
0.624392
0.628458
0.628187
0.628737
0.626425
0.626927
0.626078
0.627309
0.624402
0.623235
0.624371
0.626987
0.631578
0.633447
0.626076
0.628171
0.63149
0.625149
0.621867
0.632016
0.634089
0.622604
0.627201
0.630228
0.624783
0.632889
0.631597
0.627673
0.631254
0.626394
0.623699
0.633866
0.63667
0.630318
0.630987
0.636083
0.632041
0.624095
0.624775
0.626157
0.629794
0.633309
0.633801
0.631148
0.629607
0.6329
0.635635
0.634892
0.633056
0.6395
0.636171
0.634351
0.642185
0.64062
0.636666
0.640935
0.637405
0.629665
0.632631
0.637689
0.633159
0.630125
0.636213
0.640067
0.633105
0.633863
0.637986
0.63094
0.635414
0.634584
0.629234
0.633221
0.63015
0.633386
0.630266
0.626579
0.617813
0.625782
0.633196
0.629027
0.630983
0.631187
0.628632
0.62527
0.628497
0.637962
0.632257
0.626508
0.629764
0.625205
0.626567
0.634024
0.628688
0.624446
0.6269
0.630448
0.627009
0.620272
0.618435
0.6284
0.626402
0.623415
0.630346
0.625536
0.621881
0.625592
0.627464
0.629414
0.634586
0.625611
0.63475
0.635057
0.636417
0.627307
0.631289
0.640118
0.638082
0.640766
0.64445
0.634595
0.64013
0.644162
0.642037
0.636219
0.635529
0.635206
0.63455
0.632475
0.635895
0.631364
0.62459
0.626704
0.622394
0.622674
0.627022
0.632688
0.625862
0.627345
0.63632
0.634293
0.623507
0.623828
0.637849
0.638519
0.624543
0.628278
0.631853
0.628116
0.629705
0.633139
0.635803
0.633958
0.626944
0.63293
0.632709
0.631248
0.638819
0.634696
0.62709
0.637803
0.638808
0.627638
0.630859
0.635028
0.626915
0.624092
0.640006
0.635487
0.630351
0.635297
0.632808
0.628866
0.635254
0.635541
0.632528
0.633094
0.628389
0.628888
0.633375
0.63295
0.626641
0.629389
0.633729
0.629118
0.628651
0.632344
0.630216
0.629991
0.628265
0.63118
0.633681
0.634168
0.624318
0.627727
0.631953
0.623884
0.619557
0.628357
0.625829
0.619881
0.626382
0.625853
0.623243
0.624305
0.629417
0.629864
0.622192
0.625904
0.629359
0.630645
0.631606
0.629248
0.627472
0.627998
0.631538
0.626379
0.619156
0.623443
0.62989
0.63027
0.627355
0.627457
0.631034
0.630734
0.628901
0.627001
0.628138
0.63322
0.632792
0.630199
0.626223
0.628769
0.622825
0.623539
0.62905
0.626551
0.632124
0.633097
0.64007
0.641748
0.634103
0.633462
0.630706
0.633169
0.632171
0.622392
0.628353
0.632536
0.629005
0.632855
0.636702
0.628783
0.62721
0.629099
0.630747
0.633679
0.630561
0.638833
0.630901
0.628107
0.632416
0.633509
0.643746
0.640937
0.634237
0.634793
0.632812
0.633282
0.630759
0.627944
0.630428
0.626907
0.625843
0.629603
0.628332
0.627248
0.629382
0.630547
0.62753
0.636628
0.630645
0.620888
0.627379
0.634548
0.629315
0.629604
0.630947
0.629597
0.628752
0.636843
0.632604
0.627847
0.635783
0.636579
0.634265
0.635896
0.633632
0.630097
0.628544
0.633309
0.63108
0.628825
0.631734
0.633874
0.631163
0.628674
0.626231
0.632886
0.632048
0.629066
0.629781
0.62817
0.623203
0.621888
0.62458
0.623304
0.627943
0.625141
0.62284
0.626166
0.628128
0.624282
0.619805
0.623478
0.624291
0.620634
0.620097
0.619257
0.616178
0.620288
0.622621
0.625963
0.61961
0.618185
0.626227
0.631692
0.621765
0.618156
0.626787
0.627034
0.621903
0.619555
0.620278
0.620007
0.623467
0.629196
0.624797
0.620809
0.625913
0.630238
0.627369
0.622608
0.619033
0.618202
0.620111
0.625951
0.630542
0.630217
0.624458
0.6313
0.629794
0.620177
0.627993
0.630657
0.627788
0.634757
0.645842
0.632934
0.622151
0.633822
0.641424
0.634498
0.628592
0.631294
0.638927
0.638378
0.62638
0.627334
0.629164
0.621009
0.619567
0.626031
0.624196
0.625376
0.627493
0.621617
0.622132
0.622985
0.624062
0.621588
0.62137
0.625112
0.62388
0.621248
0.625461
0.626089
0.628872
0.623814
0.624804
0.632693
0.631313
0.625685
0.632115
0.633734
