74812.9
73950.5
74492.1
75054.7
74460.5
74375.1
75180.2
75103.6
74022.1
73650.8
74759.1
74826.4
73973.2
74513.9
74810.7
74676.3
74731.5
74161.2
74803
75211.5
74637.2
75179.2
75337.6
75272.6
75226.5
75015.3
74309.6
74646.8
75694.7
76226.7
75124.9
74757.4
75468.7
75183.3
75032.9
74843.1
75451.1
75254.2
75556.7
75496.6
75259.6
76293.6
75571.2
74587.5
74900.7
75308.5
74732.6
74259.3
74916.8
74931.3
74667.9
74466
74220.5
74603.7
75344.5
75239.1
74091.2
75261.7
75921.7
74539.5
73999.3
74832
75112.4
74495.6
74604.5
75290.6
74797.9
74421.9
74765.8
74609
75093.9
74486.7
75345.5
76248.4
74935.1
74499.4
75060.1
75121.4
74816.6
74708.1
74313.4
74151.2
73955.3
74094.7
74487.6
75054.9
74385.9
73870.1
74780.6
75304.6
74276.7
74342.2
75138.9
75064.8
74293
74934.4
74906.1
75140.3
74654.2
74686.4
74621
74896.5
74836.5
74938
74790.9
75139.1
75279.8
75142.8
74829.4
74285.4
74066.2
74938.3
74688.3
74295.8
75049.4
75445.5
74233.9
73991.2
75356.1
74803.8
74444.5
75093.3
74131.5
74283.2
74747.6
74323.6
74900.2
75223.8
74017.3
73691.3
74433.9
74355
73759.3
74231
75176.1
75094.3
74928.6
74495.8
74082.4
74024.9
74336
74517.9
74130.2
73811.3
73897.6
74111.9
73365.2
73749.1
73960.7
73058.5
73236.9
73691.8
73200.9
73606.3
74511
74161.8
73573.5
74099.9
74456.7
73744.2
73300.2
74106.2
74017.6
73539.3
74360.5
73837
73933.6
74562.2
74092.6
74453.8
74073.4
74440.1
74878.1
75940.4
74973.4
74095.6
74586.7
74355.4
74331.4
74633.5
75034.8
74649.6
73542
74205.6
74886.5
74499.4
75042.6
74879.5
73998.8
74626.9
75133.9
74839.7
74418.5
74826.7
75639.4
75864.2
74661
74899.3
75258.1
74430.6
75002.9
75443.7
74996.2
74772.5
74540.8
73933.3
74994
73914.1
73878.5
73720.5
74791.1
74319.5
73294.4
73528.2
73220.2
72801.7
73932.2
73292.9
72834.2
73075.3
73743.5
73823.6
73861.1
73937.4
74180
73781.1
74310.6
75116.6
74863.1
75381.6
75347.7
74825.2
74155
74963.9
74786.6
73731.8
73967.4
75247
75208.3
73555
73477.9
75122.2
74675.6
74253.1
74694.9
74506.4
74102.2
73791.8
74006.6
74834.5
74126.8
74152.6
74324.3
73443.4
73920.4
74817.1
73560.4
73444.7
74751.8
74370.1
73881.9
74837.9
75176.5
73307.1
73828.5
74429.9
73850.6
74141
74605.8
73855.6
73822.2
74173.8
74107.5
74662.4
74603.2
74074.7
74124.4
74870.7
74543.8
74033.2
74575.9
74631.3
74195.4
74446
74472.5
74677.2
74332.2
74038.9
73982
75149.2
74741.1
74241.3
75201.5
75726.8
74666.2
74967.7
75687.1
74901.7
74965
75278.9
75150.8
74540.4
74487.5
75406
74958.8
74547.3
74395.3
74282.1
74560.5
74771.5
74708.9
74290.1
74901.9
75775.7
75254.7
74484.5
74439.5
74785.4
74773.2
74349.4
74384.8
74601.6
74827.7
74692.2
74092.8
74142.9
74448
74920.6
74617.3
75329.4
75243.1
74583.9
74881.4
74221.2
74107.1
73299.9
73108.2
73989.6
74064.5
74388.1
74098.7
74215.7
75381.7
74666.7
74172.9
74589.2
74135.5
73687.6
74615.6
74802.7
74578.2
74383.2
74039
74405.2
73441.8
74365.1
74695.9
74187
74058.9
72881.3
73200.7
73974
73909.1
74140.5
74085.5
74381.9
74715.2
74420.9
74838.9
74966.1
74518.5
74669.2
74798.2
74544.6
74406.9
74764.6
73696.1
74395.3
75564.3
74782.6
73937.7
74552.6
74518.3
74359.7
74519.1
74619.3
73671.2
74165
74726.9
73794.1
73701.8
73970.7
73781
74044.5
74460
74643.9
74082.3
74344.1
74610.7
74267
74016.3
74334.3
74628.5
74919.7
74131.9
74230.2
74582
74497.4
74688.5
75283.7
75442.8
75117.7
75271.6
74715.4
75050.3
75327.6
74927.4
74693.4
75153.5
75696.5
75250.5
75152.5
75595.3
75660.8
75763.5
76142
75637.5
75354.1
74951.7
75720.2
75894.7
74920.1
74271.9
75457.8
75898.3
74853.2
74823.7
75441.1
75727
75638.7
75671.7
75251.9
74566.7
75091.6
75574
74957.7
74443.3
74783.8
75355.7
75790.8
75892.7
75659.1
74953.2
74407.4
74445.8
75132.4
74318.1
74495.8
75651
74709.5
74393.9
74733.9
73913.4
72644.8
74126.3
75411
74022.4
73145.1
73943.6
74638.3
74318.9
73431
73494.1
74901.9
74788
74570.4
75549.7
75725.5
74943.6
75163.9
75022.1
74769
75475.8
75413.3
75310
75180
75479.3
75505.8
75053.8
75202
75520.6
75011.9
74936.6
74605
75210
75090.8
74154.5
74316.6
74985.1
74222.3
74032.6
