2083.29
2119.63
2127.38
2098.24
2102.41
2107.06
2101.67
2095.67
2131.51
2114.26
2127.14
2114.91
2107.85
2108.88
2102.14
2098.94
2108.83
2108.08
2113.54
2123.49
2118.54
2079.52
2114.82
2147.06
2100.62
2083.07
2111.36
2101.44
2135.25
2119.67
2095.92
2079.18
2106.48
2117.06
2096.37
2109.04
2091.24
2086.7
2111.82
2100.86
2116.04
2070.85
2068.39
2074.48
2093.22
2103.22
2085.37
2068.34
2080.58
2086.87
2095.23
2105.88
2108.51
2076.98
2087.09
2084.03
2082.77
2071.55
2092.43
2056.09
2072.62
2124.74
2094.84
2089.75
2098.02
2110.84
2083.85
2108.49
2111.62
2137.44
2111.89
2112.22
2113.16
2128.49
2146.32
2101.02
2112.66
2140.91
2098.91
2125.44
2103.1
2083.8
2083.82
2097.75
2100.62
2109.5
2108.19
2125
2094.82
2099.25
2096.08
2097.46
2094.31
2105.56
2103.27
2090.96
2076.38
2093.6
2099.49
2084.24
2096.12
2116.58
2125.2
2111.95
2100.77
2098.08
2119.38
2100.64
2074.7
2119.57
2083.53
2087
2095.59
2115.93
2093.9
2071.43
2079.03
2111.81
2134.62
2123.05
2105.68
2109.97
2094.31
2103.54
2080.37
2110.31
2084.04
2092.63
2076.59
2050.86
2097.5
2091.89
2078.93
2122.92
2102.5
2109.66
2115.36
2074.71
2104.67
2119.01
2111.71
2065.44
2099.2
2110.62
2106.24
2099.71
2103.29
2134.26
2111.01
2114.43
2103.01
2070.82
2103.06
2118.45
2104.27
2086.51
2099.24
2101.09
2123.67
2100.49
2057.03
2087.94
2112.29
2104.21
2091.42
2118.13
2114.19
2091.7
2108.08
2102.32
2104.75
2091.91
2068.18
2108.57
2100.77
2081.86
2111.47
2118.26
2085.47
2109.95
2097.99
2066.12
2113.34
2104.51
2073.27
2078.92
2105.44
2073.52
2080.79
2095.37
2078.26
2075.79
2090.17
2077.5
2093.74
2098.41
2073.63
2079.36
2122.68
2131.69
2077.83
2087.05
2087.68
2081.47
2087.29
2070.74
2092.33
2095.32
2093.04
2118.93
2096.62
2093.34
2084.66
2079.01
2108.45
2112.29
2099.33
2103.24
2100.93
2091.23
2115.74
2134.66
2123.54
2100.17
2101.5
2101.96
2134.66
2131.83
2072.91
2105.52
2125.14
2096.99
2100.71
2115.47
2102.28
2099.8
2087.83
2098.57
2099.69
2077.39
2101.33
2104.09
2076.34
2103.35
2101.86
2113.48
2097.15
2100.59
2098.54
2091.2
2087.49
2143.92
2123.38
2098.04
2094.15
2113.18
2107.78
2120.16
2098.98
2111.98
2091.19
2104.38
2078.28
2096.26
2101.09
2118.04
2094.72
2109.69
2117.45
2123.79
2086.41
2089.15
2080.94
2094.29
2095.25
2078.59
2068.32
2106.97
2105.09
2077.3
2078.92
2079.94
2084.67
2107.29
2080.78
2088.36
2109.86
2072.27
2088.54
2095.39
2080.42
2072.84
2116.48
2092.96
2084.53
2094.05
2087.93
2081.85
2135.42
2126.93
2106.18
2121.95
2100.37
2097.09
2093.84
2085.71
2118.55
2127.75
2105.34
2106.62
2128.26
2085.29
2101.33
2113.17
2096.23
2090.81
2116.66
2081.96
2122.21
2126.53
2073.59
2104.11
2112.19
2115.23
2090.38
2095.72
2126.22
2090.22
2089.66
2091.56
2116.39
2111.4
2098.41
2092.78
2083.82
2085.57
2098.44
2101.94
2108.01
2124.45
2116.58
2102.84
2079.82
2096.39
2097.88
2143.61
2101.28
2082.09
2127.98
2123.48
2079.12
2104.93
2116.81
2096.99
2097.84
2118.99
2077.3
2092.45
2115.25
2082.35
2082.33
2094.7
2098.14
2096
2109.33
2088.89
2077.14
2087.16
2061.69
2059.93
2074.93
2097.22
2094.21
2065.35
2082.18
2086.86
2066.91
2091.78
2089.8
2089.26
2089.01
2079.21
2077.29
2109.34
2111.56
2105.11
2092.67
2099.31
2113.91
2086.98
2103.16
2095.92
2095.23
2111.53
2096.46
2088.14
2107.38
2098.01
2083.81
2139.36
2123.69
2050.28
2103.49
2138.7
2096.56
2081.96
2081.8
2097.55
2109.34
2086.27
2100.21
2110.24
2095.33
2082.41
2088.28
2100.03
2085.53
2088.77
2103.85
2120.4
2087.46
2067.17
2088.26
2107.69
2088.73
2063.25
2105.6
2113.41
2081.02
2127.9
2118.79
2083.46
2077.77
2088.41
2096.81
2077.95
2059.2
2065.27
2110.94
2092.6
2086.27
2094.4
2082.93
2106.24
2093.37
2094.12
2137.87
2136.17
2093.89
2132.76
2110.62
2090.44
2106.56
2099.36
2105.88
2119.54
2103.06
2076.74
2088.51
2106.41
2112.95
2093.42
2077.63
2081.08
2074.87
2101.57
2142.64
2082.08
2079.64
2113.92
2097.96
2072.22
2097.83
2101.3
2111.29
2090.22
2106.48
2109.01
2089.9
2108.04
2104.49
2094.63
2084.98
2112.67
2099.96
2097.03
2105.27
2082.1
2100.34
2082.92
2105.76
2114.58
2084.21
2097.41
2130.52
2121.51
2128.04
2102.32
2101.23
2115.34
2111.95
