0.515659
0.529418
0.531514
0.517284
0.521855
0.533003
0.533249
0.527161
0.535786
0.532731
0.529114
0.530432
0.524927
0.52294
0.51459
0.514191
0.510045
0.497394
0.497542
0.507003
0.499566
0.494931
0.500957
0.513623
0.499958
0.502077
0.504481
0.506807
0.516013
0.517355
0.506008
0.502644
0.50282
0.517654
0.509654
0.512075
0.503084
0.516215
0.519034
0.517321
0.518959
0.509566
0.503975
0.51149
0.513256
0.516901
0.505175
0.498918
0.497841
0.491589
0.498246
0.50798
0.508324
0.499505
0.490344
0.492892
0.487817
0.489092
0.487131
0.486741
0.489443
0.497137
0.487886
0.490883
0.495604
0.502861
0.499879
0.499445
0.503181
0.511248
0.510255
0.515593
0.508609
0.521704
0.524446
0.50383
0.510729
0.518803
0.501429
0.503571
0.497518
0.484555
0.490371
0.491816
0.488855
0.487189
0.494438
0.490186
0.480877
0.474076
0.481556
0.470998
0.482703
0.493552
0.506849
0.493388
0.492346
0.503785
0.494791
0.510599
0.518351
0.522498
0.52391
0.528121
0.51878
0.519631
0.527385
0.524146
0.513399
0.515995
0.504421
0.504462
0.508395
0.512425
0.5147
0.503423
0.503217
0.517114
0.523546
0.525254
0.521172
0.520163
0.508098
0.508568
0.500492
0.508469
0.497566
0.491638
0.482561
0.487564
0.506883
0.499751
0.502193
0.505986
0.5087
0.511857
0.514517
0.504635
0.505634
0.503151
0.49788
0.485559
0.49903
0.504092
0.50591
0.507029
0.5143
0.519648
0.520894
0.518723
0.516641
0.51479
0.51376
0.507689
0.504486
0.504113
0.502168
0.507218
0.510985
0.502793
0.497448
0.513615
0.521257
0.509139
0.500535
0.501405
0.506791
0.496565
0.508527
0.504361
0.504248
0.495208
0.493187
0.499471
0.506168
0.508868
0.515582
0.520838
0.512201
0.519891
0.51218
0.500351
0.511509
0.521535
0.508873
0.507379
0.515591
0.507799
0.503582
0.509853
0.514791
0.514994
0.513367
0.502891
0.502432
0.503196
0.489166
0.488592
0.49995
0.513477
0.489525
0.492069
0.497047
0.498436
0.512216
0.520996
0.514955
0.522436
0.509264
0.511715
0.502709
0.500711
0.494249
0.498222
0.503782
0.509575
0.506409
0.50744
0.511736
0.513391
0.518989
0.528027
0.530032
0.529685
0.531514
0.523293
0.529069
0.523333
0.505938
0.510961
0.516087
0.496853
0.491063
0.500996
0.504176
0.49755
0.495857
0.502245
0.504414
0.513709
0.513483
0.505429
0.500365
0.500129
0.508584
0.505378
0.498305
0.487736
0.498519
0.49083
0.499659
0.506709
0.502295
0.491028
0.4939
0.494411
0.511803
0.516381
0.510316
0.51779
0.516719
0.515731
0.509991
0.512218
0.51491
0.513749
0.504466
0.514565
0.52652
0.527393
0.514769
0.513946
0.510129
0.517155
0.515248
0.51498
0.506663
0.521477
0.517929
0.506677
0.508881
0.506842
0.515033
0.51661
0.515684
0.510665
0.514793
0.496195
0.499485
0.503555
0.500034
0.49171
0.50528
0.497076
0.492065
0.506139
0.500234
0.499265
0.515936
0.527199
0.521953
0.529451
0.514132
0.507574
0.509105
0.514052
0.511863
0.529408
0.518783
0.533389
0.535224
0.521734
0.51962
0.527286
0.527012
0.519767
0.520177
0.523595
0.533286
0.532844
0.531232
0.532286
0.544325
0.535838
0.537785
0.522167
0.540988
0.523316
0.513498
0.51249
0.521787
0.531833
0.521491
0.510929
0.482677
0.475332
0.479575
0.472413
0.483909
0.481733
0.477351
0.479338
0.474326
0.477871
0.486667
0.49463
0.497259
0.486265
0.494699
0.501219
0.481521
0.490089
0.49785
0.497747
0.497965
0.505
0.491503
0.49757
0.497197
0.496233
0.494722
0.501556
0.502036
0.50435
0.505656
0.515285
0.519726
0.520936
0.510477
0.505724
0.504638
0.513425
0.518392
0.510769
0.520705
0.512492
0.507587
0.511925
0.515667
0.515401
0.507883
0.503758
0.504969
0.521751
0.515218
0.516426
0.506852
0.51177
0.510379
0.504604
0.496383
0.49532
0.501231
0.504559
0.497086
0.488518
0.501619
0.496316
0.494243
0.513121
0.511499
0.489977
0.504424
0.521989
0.516572
0.516101
0.513791
0.519555
0.5155
0.507789
0.511139
0.523273
0.508147
0.493608
0.490764
0.486152
0.486183
0.4779
0.485229
0.481496
0.469528
0.467311
0.476377
0.484469
0.480849
0.471808
0.485539
0.495637
0.491362
0.498147
0.497111
0.486867
0.482702
0.480091
0.482187
0.4683
0.467965
0.465901
0.482498
0.480991
0.483704
0.483778
0.493632
0.498987
0.500548
0.500462
0.50762
0.515638
0.513432
0.518013
0.517142
0.511086
0.511135
0.500873
0.50636
0.497867
0.485422
0.476003
0.469486
0.484708
0.485936
0.481353
0.47069
0.47402
0.477229
0.49279
0.506463
0.492928
0.495674
0.516204
0.496935
0.498007
0.507954
0.505521
0.511565
0.499374
0.504393
0.508362
0.503911
0.503931
0.5093
0.503504
0.49282
0.504992
0.496374
0.495828
0.494088
0.497484
0.496418
0.499893
0.503977
0.504888
0.504668
0.508222
0.512411
0.513882
0.513013
0.501773
0.507431
0.514709
0.524504
