0.627676
0.618289
0.616478
0.621193
0.620862
0.617883
0.618848
0.619039
0.612807
0.616321
0.612974
0.617735
0.619769
0.619574
0.620559
0.622337
0.621513
0.622578
0.623733
0.619983
0.62254
0.627697
0.622142
0.615237
0.626053
0.627394
0.621761
0.622854
0.614971
0.61853
0.621861
0.626686
0.622489
0.61753
0.621337
0.617098
0.6215
0.619897
0.617172
0.619861
0.615977
0.62406
0.628999
0.624971
0.62412
0.621009
0.627505
0.632702
0.628715
0.629252
0.626196
0.625352
0.621651
0.62929
0.62881
0.63097
0.632751
0.634509
0.628852
0.637573
0.634054
0.624241
0.628563
0.631515
0.626171
0.623764
0.63082
0.624694
0.623368
0.616792
0.621911
0.619998
0.621958
0.620403
0.615888
0.627195
0.62264
0.616805
0.624881
0.618912
0.623093
0.630132
0.629456
0.628283
0.627317
0.62604
0.626301
0.625613
0.632871
0.634216
0.634055
0.635529
0.63462
0.628775
0.626749
0.62966
0.633024
0.627252
0.628548
0.628021
0.625059
0.619461
0.620335
0.619176
0.621972
0.624161
0.618145
0.622601
0.627842
0.620807
0.628443
0.628392
0.627465
0.623831
0.626255
0.631675
0.630609
0.621398
0.615674
0.618748
0.621675
0.622882
0.62652
0.625285
0.631379
0.624095
0.634422
0.631224
0.632736
0.639232
0.626706
0.627646
0.628576
0.62057
0.623812
0.621268
0.617407
0.630819
0.624958
0.622742
0.626657
0.637752
0.626549
0.624225
0.623958
0.625211
0.623501
0.615801
0.618808
0.61947
0.621966
0.629383
0.621561
0.619802
0.624397
0.628827
0.62728
0.628264
0.621023
0.625838
0.635243
0.62628
0.619016
0.621965
0.625331
0.620922
0.6209
0.626974
0.622713
0.626535
0.625353
0.628692
0.634648
0.622659
0.62364
0.628847
0.619365
0.619514
0.628659
0.617437
0.623478
0.631556
0.62169
0.618047
0.628186
0.624779
0.620647
0.628201
0.625518
0.621094
0.624849
0.62525
0.622037
0.625716
0.62297
0.624011
0.631687
0.633794
0.622729
0.621904
0.630543
0.629315
0.627707
0.627295
0.623435
0.625084
0.623355
0.621448
0.623776
0.620137
0.626605
0.628439
0.631936
0.632249
0.624609
0.622741
0.626635
0.624047
0.623368
0.624605
0.617868
0.611711
0.613799
0.617977
0.619614
0.619156
0.613657
0.615287
0.633148
0.62627
0.621342
0.628624
0.629925
0.624755
0.626765
0.627742
0.629214
0.627184
0.623826
0.628761
0.625143
0.621914
0.630207
0.626506
0.627231
0.625275
0.628798
0.632173
0.630534
0.633621
0.632432
0.623633
0.627122
0.632686
0.632382
0.628358
0.62524
0.621634
0.625756
0.619942
0.624453
0.621771
0.628115
0.624734
0.624705
0.62417
0.626405
0.62318
0.61726
0.617503
0.626171
0.624579
0.627945
0.623282
0.621708
0.625914
0.630926
0.622591
0.62235
0.628935
0.626865
0.627415
0.626497
0.623294
0.627645
0.627287
0.621609
0.631472
0.62798
0.625552
0.629957
0.632487
0.624736
0.629012
0.630676
0.626311
0.629039
0.628257
0.616356
0.615834
0.620107
0.615732
0.622408
0.623883
0.623316
0.62445
0.619307
0.614523
0.620041
0.61806
0.614073
0.622284
0.620966
0.616996
0.621744
0.623357
0.617098
0.624528
0.615679
0.612437
0.621825
0.615584
0.613604
0.614614
0.621686
0.620492
0.61554
0.624225
0.625774
0.626353
0.620304
0.622376
0.623213
0.625005
0.633274
0.636747
0.6332
0.637154
0.632351
0.629671
0.629865
0.633513
0.638801
0.636155
0.631506
0.620666
0.62878
0.6334
0.624622
0.625143
0.633409
0.629138
0.625356
0.628833
0.62655
0.623102
0.633432
0.630397
0.624836
0.632096
0.631331
0.626052
0.62479
0.62655
0.620976
0.62425
0.625971
0.624517
0.630129
0.63012
0.628172
0.623266
0.623081
0.627811
0.624154
0.621148
0.627807
0.623138
0.623141
0.623462
0.624816
0.628608
0.630401
0.619708
0.621097
0.62158
0.626744
0.623327
0.620454
0.624252
0.624517
0.627204
0.630448
0.624968
0.62967
0.629114
0.627303
0.62796
0.630594
0.619088
0.62105
0.638125
0.624475
0.614317
0.621404
0.623908
0.624119
0.621686
0.619464
0.624275
0.620183
0.617906
0.625804
0.62938
0.628952
0.628747
0.632135
0.634024
0.631318
0.630673
0.63681
0.640544
0.635352
0.629555
0.632908
0.638678
0.628168
0.625458
0.630899
0.622307
0.624274
0.631932
0.633932
0.632519
0.62977
0.63492
0.641074
0.638906
0.629364
0.632028
0.63193
0.627698
0.628674
0.621259
0.624648
0.626088
0.616603
0.614126
0.623257
0.614527
0.618141
0.624814
0.621492
0.623578
0.624062
0.622657
0.626946
0.63375
0.632606
0.629932
0.624911
0.628783
0.635945
0.632884
0.634217
0.628395
0.618011
0.629571
0.630119
0.621848
0.625837
0.629175
0.624728
0.6218
0.622274
0.626785
0.62187
0.621605
0.627094
0.621778
0.622423
0.625615
0.628356
0.620472
0.625872
0.626562
0.625395
0.629836
0.626488
0.630802
0.626351
0.62324
0.630777
0.627023
0.618644
0.620765
0.620517
0.624452
0.626029
0.620415
0.622811
