73477.4
74593
74812.1
74244.3
74283.9
74642
74525.6
74502.6
75260.3
74831.2
75239.7
74659.8
74414.8
74438.3
74320.2
74107.8
74206
74079.1
73941.9
74389.2
74083.6
73474.9
74131
74962.9
73667.9
73510.5
74176.5
74046.3
74995.4
74563.9
74164.6
73593.5
74089.7
74684.7
74227.1
74737
74207.6
74399.5
74728
74403.9
74873
73903.2
73322.8
73795.4
73896.1
74266.3
73497.4
72893.7
73356.1
73293.4
73651.1
73750.5
74189.6
73289
73344.9
73093.8
72888.1
72686.2
73340
72336.8
72738.3
73881.7
73373.8
73030.7
73654
73938.3
73111.2
73828.2
73985.2
74774
74158.5
74387.4
74152.9
74338.8
74883.7
73533.8
74071.8
74772.5
73806.1
74517.8
74017.9
73191.1
73269.7
73406.4
73519.5
73669.4
73638.7
73719.7
72874.2
72719.7
72738.2
72569.4
72673.4
73349
73586.1
73245.9
72856.7
73527.1
73375.4
73437.1
73785.1
74451.9
74346.9
74486.1
74151.3
73891.2
74610.4
74076.4
73458
74290.4
73387.7
73393.7
73502.2
73930.3
73644.1
73012.2
73135.7
74219.8
74909.8
74537.6
74186.7
74043
73613
73758.4
73046.4
73899
72696.2
73064.5
72889.9
72149.1
73591.1
73480.9
73372.2
74318.8
73932.6
74235.3
74699.5
73111.3
73797
74059.6
73596.9
72316.5
73609.5
73883.6
73915.2
73767.2
73969.4
74894.3
74530.4
74450.8
74152
73278.2
74200.3
74410.9
73863.2
73342.9
73523.8
73408.6
74264.6
73693.2
72602.2
73641.2
74505.3
74152.1
73753
74276.7
74279.3
73559.7
74063
73611.2
73750.3
73358.7
72670.2
74069.4
73952.9
73340.6
74463.4
74445.4
73362.5
74695.9
73972.1
73026
74185
74622.2
73417.8
73818.1
74309.6
73416
73730.9
74256.1
73809.9
73762.5
74143.6
73707.6
74032.5
73909
73010.8
72768.2
74061.2
74159.4
73143.3
73286
73473.8
73522
73977.3
73782.1
73986.7
74213.8
73936.8
74370.7
73603
73388.2
72982.1
72946
73838.3
74059.7
73599.5
73904.7
73985.2
73838.7
74643.8
75395.1
75138.6
74630.6
74433.4
74488.5
75156
74956.9
72842.4
73642.3
74226.5
73366.6
73215
73821
73584.2
73469.7
73297.8
73535
73930.9
73350.7
73775.2
74158.2
73182.4
73614.7
73529.5
73759.6
73346.3
72954.7
73144.3
72788
72924.9
73953.8
73542.3
72895.6
72930.6
73397.7
73763.7
74191.6
73702.8
74394.1
73856.7
74175.2
73426
73823.5
73826.9
73890.2
73626.5
74007.5
74717.3
74687.9
73654.1
73841.8
73445.9
73995.4
74182.8
73684.3
73098.9
74077.6
74106.2
73330.4
73572.5
73508
73615.7
73994
73481
73523
74194.6
73035.7
73441.9
73726.9
73211.4
72918.5
73823.2
73321.4
73128
73637.6
73318.2
73409.5
74826.9
74890.4
74374.3
74902.8
74099.3
73924.2
73991.4
73857
74470.4
75050.2
74382.2
74620.6
75105.1
74114.1
74271.4
74749.3
74178.4
73986.5
74736.9
73847.7
74909.2
75305.7
74168.8
74920.7
75162.5
75039
74185.4
74328.2
74926.1
73883.7
73700.8
73632.6
74350.7
74103.1
74003.6
73791.4
72827.9
72430.6
72836.4
72384.4
72934.2
73244.7
73222.1
72800.4
72197.7
72498.1
73031.8
74307.3
73348.4
72813.4
73836.7
73775.2
72812.3
73306.7
73750
73342.2
73609.5
74016.8
72809.8
73160.2
73811.4
72963.7
73052
73668
73816.9
73609.5
74270.3
73880.7
73677.6
73849.1
73191.4
73192.5
73419.3
73997.3
74019.3
73461.6
73892.1
74249.6
73462.1
74012.5
74012.2
73974
73813.8
73368.4
73159.8
74422.1
74255.8
74198
73586.6
73990.1
74332.7
73880.4
73849
73532.8
73154.4
73795.8
73244.8
73309.5
73521.2
73444.2
73137.4
74496.8
74261.4
72274.3
73854.1
75075.2
74219.1
73921.1
73896.1
74185.4
74451.5
73877.7
74365.1
74639.2
73697.3
73278.5
73328.4
73352.3
72959.1
72741.7
73053.6
73128.2
72423.6
72001.4
72589.8
73258.1
72870
72211.7
73419.8
73737.9
73102.1
74111.4
73877.8
72982.5
72752.3
72914.8
73233.1
72639.1
71941.8
72185.9
73280.4
72971.5
72982.8
73474.9
73360.8
74236.4
73833.6
73663.8
74796.9
75098.7
73998.4
75049.6
74610.8
73814
74208.5
73960.3
73903
74069.7
73563
72773.2
72904.8
73214.3
73802.5
73348.1
72522
72872.8
72719.6
73393.3
74626.5
73256.3
73192.6
74166.1
73693.4
73302.4
73824.2
74171.7
74115.3
73581.9
74163.5
74195.1
73545.6
74174.4
74097.6
73719.4
73397.9
74330.5
73689.2
73608.1
73745.4
73225.4
73616.8
73113.3
73632.8
74000.4
73116.1
73554
74550.1
74295.4
74325.1
73856.8
73670.7
74337.3
74051.4
