1771.29
1768.07
1768.96
1761.34
1762.05
1756.52
1763.11
1750.83
1749.55
1754.75
1761.78
1764.99
1761.49
1762.18
1761.57
1763.03
1760.53
1759.15
1762.45
1756.43
1754.23
1753.57
1760.12
1762.67
1761.39
1765.27
1764.02
1763.75
1760.65
1763.34
1757.78
1758.2
1758.63
1762.1
1762.75
1760.16
1763.4
1765
1767.06
1761.08
1765.35
1766.06
1766.11
1765.43
1758.55
1759.44
1756.06
1760.86
1761.68
1766.73
1759.8
1758.96
1759.48
1763.65
1761.06
1764.11
1763.17
1755.46
1752.13
1754.19
1759.49
1768.14
1757.55
1754.61
1756.52
1754.72
1753.35
1759.02
1770.63
1761.38
1759.28
1767.58
1767.4
1765.45
1767.77
1761.88
1754.11
1755.55
1764.26
1768.19
1764.5
1766.44
1761.85
1761.93
1761.1
1759.72
1759.86
1751.97
1751.96
1749.14
1759.96
1763.21
1761.9
1764.49
1759.12
1754.27
1767.46
1769.42
1758.53
1755.96
1757.98
1760.59
1758.29
1760.58
1759.98
1758.66
1758.91
1761.72
1766.3
1766.63
1761.53
1756.01
1760.53
1760.95
1757.67
1755.95
1754.27
1762.81
1768.03
1766.12
1768
1759.37
1764.07
1758.52
1762.32
1760.44
1757.3
1751.15
1752.65
1753.21
1750.08
1756.55
1760.29
1760.17
1753.87
1761.73
1762.55
1762.89
1760.95
1756.88
1757.52
1760.06
1755.93
1757.05
1751.99
1751.52
1754.39
1760.07
1757.96
1755.51
1760.7
1760.95
1764.5
1766.84
1768.7
1758.44
1755.48
1760.75
1757.81
1765.24
1764.44
1760.44
1752.45
1758
1755.77
1762.23
1759.31
1755.49
1753.13
1757.66
1762.06
1762.46
1769.09
1762.42
1766.34
1765.93
1764.05
1755.2
1759.28
1754.73
1761.17
1764.16
1762.55
1760.53
1760.52
1761.37
1761.23
1759.24
1760.26
1754.55
1751.77
1753.44
1761.66
1766.62
1764.14
1771.63
1769.54
1768.28
1758.66
1759.98
1760.7
1758.11
1753.12
1759.72
1764.79
1762.87
1764.84
1763.45
1760.67
1765.06
1763.86
1758.2
1763.18
1764.62
1770.27
1771.69
1762.43
1764.01
1757.17
1761.21
1760.29
1762.99
1752.49
1758.55
1755.06
1762.35
1766.02
1764.25
1763.34
1766.1
1755.51
1758.64
1763.97
1765.39
1768.19
1765.75
1764.51
1770.88
1764.08
1767.35
1766.04
1756.42
1755.72
1758.79
1762.04
1757.06
1752.67
1755.16
1766.41
1760.32
1758.82
1761.94
1764.45
1761.51
1761.56
1756.9
1757.31
1769.14
1768.69
1757.05
1757.5
1759.63
1768.31
1765.74
1759.21
1754.24
1761.9
1763.29
1764.37
1751.62
1749.14
1754.31
1765.93
1766.29
1767.3
1759.97
1760.94
1767.8
1764.36
1769.59
1765.38
1753.24
1755.69
1757.92
1757.71
1768.88
1763.97
1754.22
1756.5
1761.49
1765.79
1766.49
1757.21
1754.72
1755.35
1758.78
1761.98
1762.83
1759.79
1759.32
1759.96
1761.98
1763.98
1759.99
1758.05
1757.78
1759.53
1757.47
1757.42
1757.41
1759.8
1764.41
1763.47
1757.81
1761.34
1762.31
1758.17
1755.45
1760.09
1761.65
1761.59
1762.1
1760.96
1759.7
1764.53
1766.51
1759.83
1761.76
1762.39
1764.97
1763.18
1763.55
1760.51
1754.4
1757
1760.44
1755.99
1761.56
1767.16
1770.19
1760.98
1751.75
1761.52
1764.26
1756.4
1761.66
1766.15
1753.69
1760.2
1763.94
1760.32
1756.99
1754.37
1761.09
1758.76
1757.7
1762.85
1758.47
1755.89
1757.3
1767.16
1769
1768.45
1770.67
1759.52
1760.98
1756.31
1763.64
1756.79
1761.15
1755.95
1758.63
1764.81
1767.9
1767.23
1763.39
1759.49
1759.62
1756.87
1759.67
1760.66
1767.62
1759.21
1765.46
1763.6
1763.31
1763
1762.2
1757.67
1762.84
1765.12
1764.26
1760.85
1758.55
1766.67
1764.8
1761.19
1761.94
1767.56
1762.08
1759.45
1761.42
1756.75
1758.26
1761.21
1769.88
1764.47
1758.52
1765.48
1768.57
1766.13
1765.27
1758.78
1752.59
1753.11
1754.21
1758.83
1763.39
1762.57
1764.47
1761.63
1755.3
1760.44
1762.99
1766.39
1759.9
1761.9
1763.59
1767.81
1764.97
1766.16
1756.01
1753.39
1760.82
1768.21
1764.28
1762.83
1758.45
1757.41
1757.92
1765.39
1767.19
1765.84
1764.92
1772.07
1765.44
1760.92
1766.68
1758.97
1754.57
1754.07
1757.15
1758.17
1760.15
1760.79
1763.06
1764.76
1768.88
1769.69
1765.18
1755.1
1759.04
1763.53
1759.02
1757.06
1762.21
1765.53
1767.48
1767.63
1766.11
1767.1
1759.51
1760.92
1761.91
1760.06
1760.12
1766.95
1758.04
1763.61
1766.41
1756.55
1760.43
1761.95
1757.05
1756.33
1759.23
1765.29
1768.9
1763.54
1761.59
1759.16
1761.53
1757.91
1760.07
1759.02
1767.16
1766.2
1769.03
1766.99
1764.6
1767.58
