0.420682
0.416489
0.407889
0.40759
0.411579
0.406154
0.40702
0.403653
0.403367
0.402882
0.410032
0.407336
0.404792
0.40494
0.408559
0.408549
0.414441
0.416175
0.419551
0.416764
0.414214
0.414651
0.416287
0.41551
0.418671
0.420324
0.419519
0.412703
0.409487
0.411532
0.407026
0.40796
0.406403
0.40353
0.408847
0.407967
0.410255
0.40951
0.412199
0.413263
0.412207
0.41645
0.417606
0.418622
0.415874
0.421661
0.418914
0.417543
0.420643
0.4194
0.418782
0.413932
0.412134
0.414064
0.417118
0.413362
0.407533
0.409402
0.405988
0.407601
0.405668
0.406933
0.404211
0.399905
0.405123
0.405373
0.407032
0.416941
0.413073
0.409555
0.406937
0.411499
0.411658
0.413743
0.41812
0.415157
0.41222
0.417653
0.42256
0.417629
0.416662
0.414164
0.40989
0.409037
0.413475
0.412068
0.408673
0.403101
0.406995
0.406445
0.401032
0.407552
0.412486
0.40677
0.409514
0.407037
0.415971
0.419359
0.415345
0.410624
0.415153
0.419047
0.418104
0.420396
0.424496
0.420115
0.417738
0.417926
0.419241
0.416314
0.415054
0.406291
0.411639
0.413155
0.40706
0.408087
0.406611
0.403073
0.410499
0.41488
0.41244
0.409793
0.406042
0.409155
0.413301
0.41687
0.410732
0.411092
0.409517
0.415681
0.41504
0.416882
0.415963
0.410243
0.414341
0.414195
0.417241
0.414423
0.411937
0.407429
0.41167
0.407046
0.407227
0.408718
0.404961
0.405982
0.410651
0.41363
0.414471
0.411285
0.413145
0.414951
0.41345
0.422635
0.421042
0.420003
0.41787
0.419033
0.414935
0.414825
0.416382
0.415964
0.412111
0.412427
0.414701
0.415053
0.414377
0.408162
0.407815
0.408855
0.410956
0.407793
0.410767
0.410512
0.407693
0.404073
0.407042
0.407912
0.406988
0.412311
0.413231
0.418994
0.413315
0.411664
0.411193
0.412425
0.420429
0.416834
0.410411
0.41127
0.407157
0.411137
0.412077
0.41158
0.414216
0.411235
0.41625
0.415123
0.412643
0.412009
0.4056
0.407803
0.409726
0.411715
0.412245
0.414935
0.416904
0.414535
0.41474
0.425718
0.422555
0.415551
0.420358
0.419116
0.424153
0.422996
0.415796
0.415137
0.414298
0.410961
0.412962
0.413574
0.410345
0.407957
0.405414
0.403343
0.412338
0.407619
0.409119
0.411757
0.409274
0.40944
0.411628
0.41486
0.416495
0.413774
0.414974
0.417077
0.416657
0.41258
0.416032
0.414033
0.415326
0.412944
0.418386
0.413124
0.412869
0.409763
0.414816
0.411036
0.404404
0.410056
0.407395
0.402806
0.408641
0.406434
0.404719
0.411755
0.414754
0.415572
0.410886
0.411134
0.41706
0.416619
0.417662
0.419849
0.415639
0.419537
0.419753
0.419814
0.411424
0.415648
0.42139
0.419782
0.413084
0.414561
0.410506
0.411642
0.411699
0.410684
0.414123
0.411922
0.402726
0.405979
0.409905
0.409292
0.413485
0.407526
0.40789
0.413646
0.414662
0.420791
0.419175
0.419525
0.415586
0.418984
0.421692
0.416339
0.41433
0.413168
0.4098
0.410435
0.412589
0.407054
0.405038
0.407148
0.409309
0.40771
0.411317
0.414141
0.407486
0.406987
0.406945
0.412289
0.414441
0.412671
0.416518
0.41235
0.412572
0.416406
0.418114
0.419517
0.415736
0.412152
0.418238
0.417934
0.414455
0.4193
0.420499
0.414675
0.41094
0.408785
0.407572
0.405576
0.415065
0.40884
0.406246
0.406094
0.413864
0.409102
0.407273
0.401142
0.404723
0.406569
0.406296
0.40534
0.408892
0.409987
0.40834
0.413459
0.416394
0.414122
0.416198
0.414719
0.420801
0.420231
0.417825
0.413336
0.407524
0.410106
0.410384
0.417265
0.416636
0.414676
0.409387
0.403342
0.40369
0.412151
0.41228
0.409852
0.404878
0.409076
0.41286
0.415446
0.411128
0.413496
0.415604
0.415338
0.419697
0.419346
0.424053
0.42562
0.420108
0.422799
0.419247
0.420386
0.415633
0.413224
0.412985
0.409829
0.412085
0.408382
0.403706
0.405134
0.407059
0.408
0.403155
0.40233
0.408848
0.409467
0.406343
0.407644
0.407412
0.412679
0.416347
0.416946
0.412946
0.41543
0.41818
0.417354
0.418275
0.415341
0.416815
0.415751
0.411176
0.411896
0.409239
0.407814
0.409054
0.414753
0.409104
0.406974
0.411517
0.410187
0.411696
0.413012
0.413701
0.412473
0.41066
0.420437
0.416503
0.416204
0.417026
0.417273
0.419516
0.419034
0.423472
0.420398
0.417791
0.417448
0.416155
0.418096
0.415897
0.414659
0.416989
0.418211
0.415097
0.413988
0.41038
0.41062
0.406444
0.408944
0.411724
0.409508
0.408816
0.40973
0.406198
0.408155
0.416072
0.411402
0.406957
0.41203
0.41577
0.41325
0.412638
0.416287
0.414501
0.414694
0.41277
0.414161
0.414451
0.412542
0.406859
0.4067
0.411971
0.409952
0.408513
0.408314
0.407909
0.406003
0.411135
0.414231
0.409803
0.414076
0.414199
0.415563
0.416218
0.418311
0.418132
0.417822
0.421079
0.417081
0.414505
0.414854
0.415665
0.419931
0.422903
0.418906
0.417343
0.417232
0.416936
