0.713127
0.714706
0.715881
0.718042
0.718372
0.71976
0.719047
0.721741
0.722253
0.720641
0.71783
0.716035
0.716417
0.716155
0.716339
0.715541
0.715019
0.714443
0.713462
0.715033
0.717021
0.716264
0.715052
0.713981
0.714164
0.714529
0.71431
0.7148
0.716343
0.716834
0.718218
0.719841
0.720138
0.719483
0.719095
0.719829
0.718252
0.717932
0.716483
0.717864
0.715661
0.714772
0.71439
0.713452
0.714159
0.715424
0.715342
0.714498
0.713986
0.712128
0.714771
0.715898
0.715787
0.714865
0.716024
0.716079
0.717324
0.719749
0.720875
0.720476
0.718979
0.716744
0.719096
0.721004
0.719945
0.720325
0.718208
0.716329
0.714966
0.716225
0.716737
0.715271
0.714186
0.712198
0.711917
0.713787
0.717254
0.715906
0.713114
0.712755
0.712808
0.713082
0.715639
0.715501
0.715883
0.717519
0.718585
0.721904
0.723186
0.721704
0.71981
0.718108
0.717599
0.71867
0.719552
0.719017
0.713992
0.713787
0.716674
0.717606
0.717004
0.71591
0.715133
0.713613
0.713003
0.71409
0.713366
0.713045
0.711603
0.712603
0.715569
0.718697
0.718268
0.718051
0.718976
0.719618
0.719771
0.719473
0.717825
0.716673
0.716872
0.718249
0.716674
0.718555
0.716992
0.714851
0.715796
0.718412
0.717919
0.716896
0.716397
0.714831
0.714807
0.715837
0.7168
0.714639
0.714215
0.714247
0.716129
0.718326
0.718213
0.718183
0.719501
0.720139
0.72188
0.721707
0.719996
0.718839
0.718184
0.718885
0.718069
0.716551
0.714314
0.712987
0.712518
0.715867
0.716331
0.715138
0.714168
0.713553
0.714087
0.714806
0.717445
0.716086
0.716983
0.715572
0.716739
0.719486
0.720098
0.719081
0.718649
0.717684
0.716547
0.716991
0.717043
0.716866
0.717371
0.718292
0.718285
0.717905
0.716307
0.71441
0.714547
0.714985
0.714992
0.714474
0.713557
0.714113
0.715543
0.717291
0.718806
0.718332
0.715885
0.71675
0.715407
0.714919
0.715116
0.715451
0.718134
0.71843
0.7191
0.719301
0.719993
0.718134
0.716403
0.714972
0.715592
0.714857
0.714503
0.712522
0.713911
0.715515
0.71447
0.713406
0.711221
0.71159
0.714292
0.715427
0.716876
0.717018
0.716773
0.716518
0.718908
0.71903
0.718607
0.716512
0.714625
0.715537
0.716988
0.716442
0.719159
0.718054
0.715856
0.715903
0.714695
0.715366
0.714904
0.712897
0.713617
0.71259
0.713888
0.715725
0.715903
0.715189
0.714652
0.717298
0.717742
0.716674
0.714374
0.716888
0.718754
0.717789
0.716749
0.716639
0.717826
0.719263
0.719017
0.716445
0.716087
0.718688
0.71796
0.715907
0.713726
0.713681
0.715092
0.715337
0.71376
0.712691
0.713117
0.71619
0.717833
0.716952
0.713512
0.713068
0.714141
0.717224
0.718625
0.716643
0.716542
0.715878
0.717178
0.719391
0.720092
0.71925
0.718053
0.71587
0.71506
0.718155
0.718331
0.716393
0.714637
0.712151
0.715692
0.716683
0.716257
0.715223
0.713791
0.714162
0.716016
0.716415
0.717423
0.715501
0.714997
0.71653
0.717629
0.71964
0.718285
0.719465
0.71883
0.718757
0.719042
0.718286
0.717542
0.717942
0.715825
0.715662
0.717057
0.717837
0.716642
0.714047
0.714319
0.714314
0.715197
0.715755
0.714107
0.713829
0.714192
0.714684
0.714231
0.714617
0.715432
0.715942
0.718073
0.71832
0.71796
0.718292
0.718776
0.718225
0.716016
0.715389
0.717783
0.719613
0.719011
0.716565
0.718688
0.717094
0.71657
0.717095
0.715907
0.715105
0.714868
0.71557
0.716807
0.71454
0.71451
0.714686
0.714015
0.715319
0.71734
0.716887
0.71559
0.713375
0.714452
0.714614
0.718961
0.719819
0.720849
0.718992
0.719575
0.718145
0.719558
0.717878
0.716951
0.715697
0.715105
0.715041
0.716228
0.715884
0.715596
0.713809
0.712176
0.711902
0.714103
0.71271
0.713183
0.714423
0.715375
0.717125
0.718347
0.717373
0.716681
0.717466
0.718344
0.719103
0.71734
0.71732
0.719326
0.717486
0.716647
0.717192
0.717785
0.717129
0.71672
0.71565
0.714147
0.712322
0.713572
0.71412
0.712612
0.712425
0.71245
0.712668
0.714946
0.717577
0.718265
0.718629
0.718407
0.71683
0.717101
0.717696
0.719459
0.719948
0.719291
0.718371
0.717358
0.7183
0.71791
0.716814
0.714297
0.714336
0.715482
0.716796
0.716981
0.71496
0.712726
0.71275
0.71394
0.715989
0.715669
0.715458
0.714478
0.71435
0.714921
0.714644
0.714647
0.715747
0.717101
0.716608
0.718847
0.720049
0.720066
0.718925
0.718118
0.717121
0.718335
0.716733
0.715579
0.713781
0.713819
0.713819
0.716701
0.715158
0.714337
0.71466
0.715719
0.714251
0.714113
0.71378
0.713068
0.713892
0.715001
0.717503
0.717694
0.717975
0.717688
0.719597
0.718051
0.720034
0.719115
0.718386
0.719958
0.718601
0.719045
0.719674
0.718656
0.717099
0.71437
0.713186
0.715086
0.714818
0.714831
0.713691
0.714909
0.715112
0.713716
0.712021
0.711747
0.711377
0.713243
0.71423
0.713938
