70037.5
69882.8
69768.1
69558.1
69526.1
69392.1
69460.9
69201.6
69152.6
69307.3
69578.7
69753.1
69715.9
69741.4
69723.5
69801.3
69852.2
69908.6
70004.7
69850.9
69657.2
69730.8
69849
69953.7
69935.9
69900.1
69921.5
69873.6
69723.1
69675.3
69541
69384.3
69355.6
69418.8
69456.3
69385.5
69537.8
69568.8
69709.5
69575.4
69789.6
69876.3
69913.7
70005.6
69936.3
69812.7
69820.7
69903.1
69953.3
70135.7
69876.4
69766.4
69777.3
69867.2
69754.1
69748.8
69627.8
69393.2
69284.8
69323.2
69467.4
69684.1
69456.2
69272.4
69374.3
69337.7
69542.1
69724.5
69857.4
69734.6
69684.8
69827.6
69933.7
70128.9
70156.6
69972.8
69634.5
69765.7
70038.8
70074.1
70068.9
70041.9
69791.7
69805.1
69767.9
69608.8
69505.5
69186
69063.3
69205.2
69387.3
69551.7
69601
69497.4
69412.1
69463.8
69952.7
69972.7
69690.9
69600.4
69658.8
69765.3
69841.1
69989.8
70049.7
69943.1
70014
70045.6
70187.5
70089
69798.5
69494.7
69536.3
69557.2
69467.8
69405.8
69391
69419.8
69579.2
69691
69671.7
69538.1
69690.9
69508.5
69660
69868.7
69776.4
69522.3
69570
69669.3
69717.9
69870.6
69872.9
69772.4
69678.6
69889.4
69930.8
69927.7
69744
69530.6
69541.6
69544.5
69417.1
69355.6
69188.3
69204.9
69369.4
69481
69544.4
69476.6
69555.5
69702.9
69921.1
70051.3
70097.4
69769.4
69724.3
69840.6
69935.5
69995.7
69943.4
69873.1
69616
69748.2
69660.9
69798.2
69684.6
69418.5
69359.6
69457.7
69499.3
69592.8
69703.3
69660.1
69655
69672.2
69623.2
69533.9
69534.6
69571.4
69726.7
69911.8
69898.3
69855.5
69854.9
69905.5
69995.4
69940.9
69801
69631
69484.2
69530
69767.7
69683.5
69814.3
69862
69842.8
69810
69549.2
69520.6
69455.8
69436.4
69369.6
69549.2
69717.3
69856.8
69796.3
69868
69902.6
70097
69960.7
69803.8
69905.9
70010.2
70225.3
70188.8
69923.3
69812.4
69671.3
69657.4
69681.3
69706.1
69474.3
69462.6
69503.4
69706.7
69890.8
69801.6
69660.4
69713.5
69450.1
69556.9
69770.5
69765.9
69883.9
69818.3
69863.4
70060.1
69989.5
70090.3
69962.9
69783.3
69766
69835.6
69888.1
69630.3
69587.2
69690.9
69915.3
69670.1
69489.2
69582.7
69683.7
69694.3
69579.1
69440
69463.8
69713.2
69748
69495.6
69566.1
69765.6
69978.7
69983.1
69845.1
69821.1
69975.4
70080.4
70038.5
69738
69578.4
69663.8
69999.8
70043.3
69938.1
69637.5
69501.7
69693.9
69703.7
69768.4
69641.9
69427.7
69360.1
69441.3
69557
69769.1
69848.2
69547.1
69530.1
69718.2
69889.5
70133.5
69786.5
69690
69731.5
69832.3
69972.4
69936
69755
69716.1
69618.1
69805.2
69854.4
69704.9
69598.2
69403.6
69534.6
69420.5
69481.9
69488.9
69461.4
69534.5
69606.6
69567.8
69773.6
69789.4
69653.7
69578
69694
69947.3
69920.7
69921.2
69834.9
69780.4
69941.4
69968.7
69933.1
69885
69929.2
69891.6
69811.8
69762.1
69555.1
69531.2
69566.1
69533.9
69487.1
69540.4
69754.9
69816.1
69583.3
69406.3
69464.4
69701.5
69495.6
69650.1
69701
69650
69765.6
69843.8
69867
69798.4
69678
69899
69902
69884.7
69950.4
69822.9
69626.2
69670.2
69796.5
70013.1
69907.6
69891.8
69469.2
69386.4
69287.2
69466.3
69409.9
69548.2
69411.6
69574
69664
69786
69843.8
69850.1
69734.3
69767.9
69795.9
69970.6
70131.1
70158
69941.9
70078.5
70032
69910.5
69817.4
69647.1
69528.6
69623
69690.2
69614
69528.9
69455.5
69626.2
69628.2
69434
69612
69693.5
69640.5
69583
69646.7
69686.4
69790.6
69937.5
70116.7
69993.9
69940.1
70088.2
70106.5
70104.1
70082.7
69859.4
69603.2
69536.5
69501.4
69522.7
69675.8
69649.4
69591.7
69421.1
69374
69437.4
69526.2
69624.5
69533.2
69570.9
69677.3
69922.9
69919
69807
69679.1
69661
69858
70077
70074.6
69957.8
69757.6
69788.8
69809.4
69905.1
69917.7
69861.8
69888.9
69888.6
69781.2
69649.4
69697.3
69480.3
69364.2
69362.7
69472.7
69550.7
69647.4
69529.8
69685.2
69797.5
69973.4
69969.7
69969.7
69688.2
69838.6
69918.9
69887.3
69783.8
69927.3
69940.9
69973.5
70043.3
69962.5
69853.9
69610.4
69591.8
69564.6
69592.4
69407.9
69557.2
69365.7
69454.3
69524.8
69373
69504
69461.1
69400.4
69498.7
69649.6
69915.7
70031.7
69845.7
69871.9
69870.6
69982.2
69863
69843.2
69979.8
70146.3
70173.4
70209.8
70026.2
69929.3
69958
