2theta,Intensity
0.0,4266406.48374183
0.05,4461107.44977352
0.1,4669442.1573607
0.15,5055940.00344098
0.2,5303072.21935595
0.25,5568772.06020501
0.3,5854946.68800597
0.35,6163754.49054883
0.4,6497645.85140316
0.45,6859411.85006632
0.5,7252242.70460796
0.55,7679798.24858947
0.6,8146293.35855914
0.65,8656602.06782627
0.7,9216385.18550373
0.75,9832247.68349927
0.8,10511934.05456235
0.85,11264572.47619737
0.9,12100982.21888517
0.95,13034063.72219483
1.0,16434756.65843254
1.05,19165230.81240596
1.1,21357535.90419144
1.15,23521340.09135471
1.2,25512303.97308748
1.25,27782329.90387321
1.3,30388004.394026
1.35,33401299.94954316
1.4,36914929.24147876
1.45,41050013.42916193
1.5,45967282.47050425
1.55,51883795.16543786
1.6,59098516.03091073
1.65,68032530.95494492
1.7,80373684.88710327
1.75,94918842.14218935
1.8,114095289.83941796
1.85,140139754.50199068
1.9,176816398.7739329
1.95,230845738.31490073
2.0,315423250.55844724
2.05,466664818.4791075
2.1,865447192.26522
2.15,2314029216.3110905
2.2,6186519672.302264
2.25,10774728750.020952
2.3,12604200001.278679
2.35,8003035931.57281
2.4,5677876390.385231
2.45,4972017283.482626
2.5,4752972368.7930355
2.55,4768632163.270146
2.6,4913113321.800588
2.65,5120456890.558394
2.7,5368899758.582887
2.75,5653841195.837381
2.8,5986019411.695289
2.85,6351090334.1773615
2.9,6763461502.448583
2.95,7230595711.407694
3.0,7775623078.678624
3.05,8442749279.674215
3.1,9463398378.834421
3.15,11616845123.781517
3.2,15787161478.35405
3.25,20017812038.702763
3.3,20479887329.661835
3.35,18775407195.474598
3.4,17198259525.37489
3.45,16497412386.413076
3.5,17059410897.945564
3.55,18450839917.21863
3.6,20318157662.905117
3.65,22591159360.811275
3.7,25329733695.148712
3.75,28670164897.084335
3.8,32915741006.596886
3.85,38614306626.2894
3.9,45860397247.661385
3.95,53410518084.25682
4.0,62092433240.03834
4.05,74398913133.21227
4.1,91883995968.03308
4.15,116699161576.8374
4.2,153068031951.8415
4.25,209529106987.53897
4.3,304911687906.00146
4.35,523192980980.0159
4.4,1290560846168.7224
4.45,3687170341963.683
4.5,7624137353033.582
4.55,8170042182027.652
4.6,4335845476822.768
4.65,1562427779570.0552
4.7,597952465842.7013
4.75,331696493201.1014
4.8,224967128267.70404
4.85,164527981486.22787
4.9,127178794729.23967
4.95,106361909624.31488
5.0,100104055372.15294
5.05,97951855762.90903
5.1,86640665075.06964
5.15,74348678738.67073
5.2,64373478916.856514
5.25,53370061279.2448
5.3,42500563531.90611
5.35,35037358282.44595
5.4,30220785185.588573
5.45,26528424083.564125
5.5,23767608013.348297
5.55,21913621297.174156
5.6,20701099323.88145
5.65,19814758652.0679
5.7,19234367046.832924
5.75,18946134653.450943
5.8,18974132052.892456
5.85,19454787793.195595
5.9,20803974827.384193
5.95,23353883423.473015
6.0,25879036864.01632
6.05,27302277215.434845
6.1,29944034989.55223
6.15,34552394435.33903
6.2,41851807329.826256
6.25,53579198504.84132
6.3,75045302314.88702
6.35,137056218229.6571
6.4,325388011852.37524
6.45,693262738902.0767
6.5,988526888699.7264
6.55,1008930192853.3553
6.6,998519499680.4973
6.65,1027335988221.8806
6.7,1082803073819.5726
6.75,1008030608969.5398
6.8,609064788968.8932
6.85,257337337153.82236
6.9,107594326176.95624
6.95,60825661468.61395
7.0,42509320334.84342
7.05,32159469050.655945
7.1,25516303631.401104
7.15,20939896594.891087
7.2,17585838392.797474
7.25,15029848525.131687
7.3,13036836998.862585
7.35,11633948811.628021
7.4,10913585740.287512
7.45,11006081140.091208
7.5,11527373815.77936
7.55,11788675278.34088
7.6,12510528664.048208
7.65,15018315488.074842
7.7,22026132158.722034
7.75,45837970190.16404
7.8,100693100644.14368
7.85,142312343038.17603
7.9,98281332661.59294
7.95,42176149481.23104
8.0,17864518321.9927
8.05,12308321081.053425
8.1,12145280367.304802
8.15,11693942182.73268
8.2,9966313765.849968
8.25,9207853722.465776
8.3,9769949876.016487
8.35,10505257094.894928
8.4,10311764636.111288
8.45,9442499744.241453
8.5,9049062812.69066
8.55,8281026139.855245
8.6,8286710953.167147
8.65,9670707238.717533
8.7,10577270236.628702
8.75,9929046337.478413
8.8,10109982887.768555
8.85,12398346187.376163
8.9,20048123992.122932
8.95,45168602398.32121
9.0,103639484518.2255
9.05,169762516737.64465
9.1,181753802696.26816
9.15,156824615303.08093
9.2,132237755293.1365
9.25,139909436328.02127
9.3,165574314905.4195
9.35,178488912015.22595
9.4,144734947339.68826
9.45,79942952763.91173
9.5,36229255903.23133
9.55,19179274039.933964
9.6,13776371766.055283
9.65,11708284728.462988
9.7,10919917986.72738
9.75,11014205981.816736
9.8,11986062366.444483
9.85,14098095510.425457
9.9,17845191254.640152
9.95,27217387140.64721
10.0,57610630209.92377
10.05,129698731569.69818
10.1,212866116087.16415
10.15,229200191555.61377
10.2,215089258479.38257
10.25,217460222154.7091
10.3,226662870702.90802
10.35,235196424092.02353
10.4,274227657253.64078
10.45,298567676533.8003
10.5,246530701186.4936
10.55,167599909470.77338
10.6,122822870505.80518
10.65,106739993546.85213
10.7,98605635889.01414
10.75,93827353862.44498
10.8,96715864615.02383
10.85,80449358887.65527
10.9,45383920260.480286
10.95,21706939908.983536
11.0,12249749981.24279
11.05,9079362984.410137
11.1,7793605423.759674
11.15,7036172820.303041
11.2,6293977415.161469
11.25,6008653654.534721
11.3,6724743177.686502
11.35,8007100844.178176
11.4,7788425293.188278
11.45,6632543898.348055
11.5,6213788004.500909
11.55,6803041502.056591
11.6,7107310597.043313
11.65,6985663431.2369175
11.7,6468467497.5957155
11.75,6803057974.265078
11.8,8708030969.626587
11.85,11615839138.524084
11.9,18788361505.39264
11.95,37585491413.53647
12.0,55259336872.04177
12.05,43997950694.55869
12.1,31142377950.638844
12.15,38214061091.080765
12.2,50793341316.21971
12.25,53466144466.40854
12.3,49583038472.574814
12.35,47958954636.33206
12.4,41526971668.3025
12.45,35477835534.17648
12.5,43609937711.59542
12.55,50666660710.824295
12.6,53811494315.60178
12.65,64600226010.51487
12.7,79235125345.42485
12.75,86911144858.82945
12.8,79965249159.15305
12.85,73605739920.04704
12.9,78883592348.53543
12.95,102867768709.74477
13.0,125384894207.61864
13.05,130872967687.79068
13.1,116683721347.35014
13.15,99920786807.28772
13.2,73980575304.79774
13.25,50776548001.15368
13.3,46437454072.104744
13.35,42401450105.16824
13.4,39621649137.193375
13.45,52361493860.06707
13.5,60652190080.08577
13.55,49935413423.81864
13.6,27734464299.174145
13.65,13538030879.936958
13.7,8843054285.41082
13.75,8422265264.83571
13.8,8162290940.830363
13.85,6682826106.713611
13.9,5254712305.156169
13.95,4226621831.506815
14.0,3829039463.440628
14.05,4254322426.2722335
14.1,5325107266.717613
14.15,6769789921.0654745
14.2,7300125631.63669
14.25,6647337117.128139
14.3,5776255066.999775
14.35,4439673047.193533
14.4,3581887485.274349
14.45,3548470904.060005
14.5,3612790937.673526
14.55,3277747079.479061
14.6,3197922609.713171
14.65,3455659144.1394053
14.7,3910303526.918752
14.75,4763495780.922387
14.8,5851922878.715992
14.85,6356706836.615074
14.9,7909760256.804153
14.95,13907110728.654305
15.0,26928228021.214817
15.05,44643683527.03454
15.1,59882021384.83942
15.15,60051095416.865425
15.2,53720603760.34352
15.25,52887069234.856476
15.3,46174890750.31663
15.35,45505975905.30652
15.4,49196489405.25899
15.45,44667725366.325676
15.5,37722262379.75815
15.55,41873649592.76028
15.6,52779401697.580605
15.65,70173899397.16573
15.7,103303312279.70782
15.75,106852553182.92519
15.8,63492741154.49741
15.85,27415769292.052765
15.9,12648227333.051016
15.95,8053958877.371864
16.0,6459503174.98288
16.05,5586455551.864834
16.1,5333704818.471607
16.15,6745644910.026158
16.2,9585091886.323256
16.25,12153137260.70868
16.3,13898382601.096674
16.35,13586693988.052706
16.4,12771948987.81353
16.45,9978793097.738573
16.5,8791128267.844593
16.55,10956466507.04135
16.6,13619778141.790022
16.65,13341251813.807255
16.7,12158000656.93866
16.75,11230447499.782068
16.8,11028760838.980206
16.85,9142717429.608244
16.9,6335934141.015655
16.95,4712107596.13023
17.0,4675009105.333189
17.05,4970546854.600824
17.1,4775402169.504226
17.15,4892824151.690508
17.2,5474028037.426828
17.25,5676049534.938038
17.3,6118689235.615762
17.35,7441024276.812174
17.4,7576762426.195566
17.45,5989431690.582128
17.5,4442246549.2933035
17.55,3497764940.925729
17.6,2595957489.712843
17.65,2050727067.3328698
17.7,1768854863.3804615
17.75,1624639419.9603975
17.8,1579524561.1054075
17.85,1621483173.9572985
17.9,1657550457.464676
17.95,1810840910.8242083
18.0,2248609506.089094
18.05,3075528708.5925636
18.1,4257372406.3270016
18.15,5228371982.231176
18.2,5532690434.726728
18.25,5831893318.243988
18.3,7304037951.819426
18.35,12738342473.614895
18.4,22113563665.94327
18.45,29703000714.517986
18.5,27723247830.590622
18.55,24636145225.781178
18.6,31309998332.014156
18.65,40190692514.327934
18.7,34827992779.73586
18.75,25163452542.15131
18.8,20405464633.33665
18.85,18656967855.83458
18.9,16760684542.447386
18.95,16576426356.401966
19.0,25135690934.673424
19.05,37641370179.1248
19.1,34832898210.364105
19.15,25281247096.37008
19.2,25699162757.208366
19.25,29498111302.849857
19.3,25143354336.02563
19.35,16413825406.250965
19.4,10676303520.624628
19.45,7427177238.186485
19.5,5857986758.163915
19.55,5219520372.485146
19.6,5365927026.005453
19.65,6478489754.460891
19.7,8712146143.578087
19.75,10475071540.623117
19.8,12265974253.828424
19.85,13852564409.181263
19.9,12098919935.111174
19.95,9946599188.069405
20.0,9091065289.699781
20.05,9347997604.013247
20.1,9032826619.484447
20.15,8988630879.362984
20.2,9757526678.698803
20.25,10711212257.406614
20.3,10914647701.489742
20.35,11007821069.186733
20.4,11098493792.141933
20.45,9746585203.814856
20.5,8903019840.828642
20.55,11211797530.336979
20.6,14772900774.417398
20.65,15680229416.528254
20.7,15772151560.546734
20.75,14858796817.632269
20.8,15629615933.059746
20.85,17230733975.99851
20.9,20359351708.43729
20.95,32845908847.615658
21.0,47599501074.08103
21.05,49775733178.97648
21.1,51377007569.68186
21.15,51091433941.70576
21.2,42706661866.593254
21.25,42326846375.51393
21.3,46952261458.462944
21.35,40868980358.36904
21.4,27581405680.276146
21.45,23492018663.37233
21.5,27740702048.560287
21.55,34347070591.40721
21.6,38355764356.36684
21.65,35834913816.32437
21.7,37890368688.35218
21.75,43681958844.33715
21.8,42438895809.83137
21.85,34318192836.73652
21.9,34259308544.71625
21.95,32436325747.67587
22.0,23284129541.028736
22.05,16935131652.58753
22.1,15887763912.653193
22.15,19689847320.67627
22.2,20697303819.55968
22.25,18389287582.589706
22.3,21461445219.39099
22.35,37109704828.329544
22.4,59782511480.287415
22.45,68038750775.52753
22.5,52470810952.99825
22.55,34674302963.24745
22.6,30824714900.606686
22.65,27517926087.68054
22.7,22516220477.924313
22.75,26758630794.69482
22.8,37268698129.498436
22.85,41223791532.251236
22.9,38483965841.08719
22.95,27424518607.14313
23.0,22489094107.17382
23.05,26626624248.706192
23.1,29082965598.170956
23.15,30211843881.591568
23.2,39825430610.03648
23.25,47218139686.670296
23.3,38720285269.287704
23.35,23493596073.431587
23.4,14716690031.96379
23.45,12437883567.459454
23.5,11445849447.674181
23.55,10173620225.470512
23.6,9450678321.156982
23.65,10164372783.830206
23.7,10726935177.60329
23.75,9410975328.961048
23.8,7663132264.088825
23.85,6908682891.676746
23.9,6127665851.01653
23.95,5592669054.833951
24.0,6189365407.063926
24.05,8552586230.837435
24.1,13387634209.905582
24.15,17912180569.094578
24.2,18361495464.739635
24.25,17731730091.77905
24.3,16674243608.506893
24.35,17710315395.655083
24.4,24791347737.52534
24.45,46262918758.63269
24.5,80497972001.04958
24.55,97609819207.09677
24.6,88796278010.68689
24.65,86892769478.36472
24.7,85756178717.83531
24.75,83507074523.3941
24.8,83116088643.19308
24.85,96394263021.93646
24.9,96187302434.00006
24.95,69949609428.35562
25.0,45689662420.62819
25.05,32716845067.917572
25.1,32859709104.67097
25.15,49246743167.48392
25.2,71643914866.9898
25.25,75645064583.45717
25.3,68900969227.02571
25.35,60277934606.164696
25.4,59032813936.678604
25.45,65114915045.15427
25.5,53626269385.88469
25.55,44211630554.037476
25.6,51726251092.46188
25.65,60708580412.289185
25.7,58015735603.667946
25.75,56978657118.15094
25.8,58507033380.48902
25.85,57532103372.55955
25.9,51616075047.546265
25.95,38103709956.93216
26.0,30004925574.05847
26.05,25843857494.077877
26.1,18343535566.75877
26.15,12771476161.635427
26.2,13424405301.597347
26.25,16566977340.468378
26.3,17239145931.136936
26.35,15483705462.042786
26.4,11293040213.558994
26.45,8135898168.67865
26.5,6541304756.049094
26.55,7140409704.254024
26.6,10992911360.524912
26.65,17990253948.915417
26.7,21720178032.681194
26.75,19020028122.339344
26.8,15362695984.370064
26.85,17178703255.017876
26.9,22386359426.395508
26.95,19768766696.59357
27.0,12546011024.072113
27.05,9616650766.741175
27.1,10886552570.537786
27.15,11804730654.741392
27.2,12729414631.863941
27.25,12893238536.586258
27.3,14360381796.51335
27.35,23145413593.954193
27.4,35773920303.84076
27.45,36753988659.89256
27.5,27240753304.22507
27.55,21211471016.241405
27.6,19627227446.407013
27.65,17936505343.291237
27.7,14094147831.764029
27.75,11155201709.88104
27.8,10088047282.828749
27.85,8626787431.4632
27.9,7753200309.037538
27.95,9079969795.38032
28.0,11333765577.063816
28.05,12579388580.839886
28.1,11031816376.289259
28.15,8589846274.621877
28.2,8280287240.23767
28.25,9029636782.256945
28.3,9043642420.737919
28.35,9053984308.264698
28.4,9123608955.72444
28.45,10073538927.837858
28.5,9535448157.316305
28.55,7876370405.597049
28.6,7651384651.696736
28.65,8005153212.827705
28.7,7197080149.765185
28.75,7026780482.707269
28.8,8877040166.935953
28.85,11625108514.314545
28.9,12964805656.591501
28.95,13058648641.360258
29.0,14755715629.868275
29.05,18732739465.724705
29.1,34720345816.771255
29.15,86034500867.18452
29.2,173738499005.85052
29.25,195363580171.23987
29.3,116538796232.71068
29.35,65191708246.04548
29.4,58977276899.35099
29.45,54365428353.30547
29.5,43344861367.776886
29.55,39660528769.44156
29.6,39279107739.29456
29.65,39519273799.395966
29.7,37687093553.1321
29.75,39680464467.21812
29.8,34854816271.57173
29.85,22766341931.13921
29.9,15339022028.520243
29.95,14587702670.508041
30.0,14624239466.577065
30.05,12616462407.652744
30.1,9599481395.649605
30.15,7858228657.354359
30.2,8343039588.302881
30.25,8576944735.98436
30.3,8199291301.088743
30.35,8277363998.470744
30.4,8001340858.764801
30.45,6815227584.681168
30.5,6599143968.410766
30.55,8001569464.32796
30.6,8472427231.904484
30.65,7849819515.871383
30.7,6647536415.502951
30.75,5836781544.295352
30.8,4607014277.595876
30.85,3609789335.2259717
30.9,3601141146.5198746
30.95,4484117796.010767
31.0,5117111577.162698
31.05,4978049051.856287
31.1,4663368365.758177
31.15,4570837025.687611
31.2,4275251428.112233
31.25,3643508069.2479067
31.3,3012332199.816511
31.35,2993961689.0945454
31.4,3917808873.490919
31.45,4752242266.732411
31.5,4049711553.917936
31.55,3240176918.062018
31.6,2969236727.4580755
31.65,2704046484.992027
31.7,2637001709.477224
31.75,2990215914.276709
31.8,3585142398.632785
31.85,4137012182.5985093
31.9,4684268288.830663
31.95,5197690072.566597
32.0,6515753704.54273
32.05,11744207811.90596
32.1,19736939925.04303
32.15,19587527848.34749
32.2,12676737410.515903
32.25,8061589548.914023
32.3,6348885484.790803
32.35,5377252023.98524
32.4,4631247220.500108
32.45,4655570346.05419
32.5,5033399021.572764
32.55,4968879594.725741
32.6,4329665386.326469
32.65,4458880025.14905
32.7,4738055064.515156
32.75,4665033225.739541
32.8,4672941910.35206
32.85,4592672141.802396
32.9,4362597525.904597
32.95,4359048598.072109
33.0,4006666456.208903
33.05,3281179045.0428734
33.1,3087047576.780176
33.15,2957199567.047088
33.2,2737998232.9563265
33.25,2707224436.304134
33.3,2964320106.3156776
33.35,3020706096.7306404
33.4,2616699531.1811404
33.45,2112980496.4043744
33.5,1882183466.5675008
33.55,1778435246.4787498
33.6,2002113275.471098
33.65,2795410569.5824943
33.7,3459458797.9639444
33.75,2978689666.3523374
33.8,2176263459.76723
33.85,1843538383.83816
33.9,2083586971.2796175
33.95,2575911479.7788963
34.0,2901947449.901815
34.05,3208057059.6621947
34.1,3305135259.439151
34.15,2847956055.329947
34.2,2743416068.2499776
34.25,3191965497.8389444
34.3,3339761337.3705907
34.35,3221989910.881475
34.4,3258082286.5760183
34.45,3123786846.1864076
34.5,3155174025.3302283
34.55,3484221517.6842823
34.6,4364138044.059212
34.65,5880448049.410715
34.7,7709676238.358693
34.75,7757810850.35022
34.8,6559197256.409838
34.85,6157563122.712657
34.9,6044621946.073536
34.95,5477673352.907064
35.0,4637677836.730888
35.05,4581613239.86159
35.1,4784093835.445558
35.15,4490602905.377317
35.2,4705279388.03388
35.25,5375979548.944264
35.3,5082522998.839908
35.35,4212872616.278332
35.4,4175757494.6435966
35.45,4319019041.990267
35.5,4040431378.6439977
35.55,3353679848.2518578
35.6,2496125638.14391
35.65,2370763293.4105678
35.7,3142106924.33329
35.75,3661644181.3983283
35.8,3564595981.720289
35.85,3601675713.6011276
35.9,3914215775.081109
35.95,3966844683.2522764
36.0,3507266132.7537065
36.05,3313641161.733857
36.1,3574120769.9965825
36.15,3928975500.2544284
36.2,3844357940.9568706
36.25,3608347818.1179686
36.3,3485136068.655612
36.35,3409781172.711786
36.4,3172815768.801655
36.45,2930318075.7525
36.5,2909121499.645263
36.55,3207049224.7247896
36.6,3415786158.133769
36.65,3275821421.302486
36.7,3340624870.619814
36.75,3779674661.342804
36.8,4374081883.002814
36.85,4872203147.812967
36.9,4628184506.52111
36.95,4247298642.6031704
37.0,4733107520.934528
37.05,5392440530.2464
37.1,5436049421.033938
37.15,5576287469.199381
37.2,5899003598.618476
37.25,5656607069.772205
37.3,4969613789.765645
37.35,5038103014.419226
37.4,5279615721.554796
37.45,4830335318.3218565
37.5,4582119893.41378
37.55,4984479958.653513
37.6,4747750202.147111
37.65,4055157451.043971
37.7,4117638894.0745983
37.75,4681014965.148208
37.8,5145694342.443447
37.85,5649351581.5398855
37.9,5642307534.693788
37.95,5107878184.86109
38.0,4696267238.637436
38.05,4724777743.897989
38.1,4571827649.642098
38.15,4563552495.531331
38.2,5158880731.819412
38.25,5819552218.971397
38.3,5766943433.61185
38.35,4798506762.640648
38.4,4112712923.94525
38.45,4074856585.732448
38.5,4333169964.106093
38.55,4399554204.513391
38.6,4148006118.9386964
38.65,3956106766.713618
38.7,3992243392.187004
38.75,4267527307.565413
38.8,4273868887.2826004
38.85,3463089659.7081127
38.9,2666540463.441015
38.95,2373761129.2058344
39.0,2877339789.296219
39.05,3432710694.5564156
39.1,3167930929.854561
39.15,2867669872.882094
39.2,3085575891.2413964
39.25,3803211857.58336
39.3,4795548494.151827
39.35,5292497848.08094
39.4,5835260091.715184
39.45,6244408836.748911
39.5,6121043478.564303
39.55,6741530587.885525
39.6,7535562596.722676
39.65,7589049143.155455
39.7,7510554608.055374
39.75,8735393882.251328
39.8,9990057451.80162
39.85,9077805279.969208
39.9,7460482520.098954
39.95,6802745509.68673
40.0,6596804483.047284
40.05,5933614426.769585
40.1,4940106409.632183
40.15,4269177665.551367
40.2,4555691331.679895
40.25,5422984711.363995
40.3,5717071404.572658
40.35,5612459815.1300745
40.4,6205713555.517074
40.45,6726969289.602104
40.5,6281024755.301257
40.55,5002368238.388138
40.6,4265679728.3841267
40.65,4376971303.490723
40.7,4678450944.609679
40.75,4631499698.705311
40.8,4371257588.731552
40.85,4666874643.663556
40.9,5259747597.843632
40.95,5670909700.057478
41.0,5438518269.163049
41.05,5096180682.027488
41.1,5538956904.433975
41.15,5976633706.320967
41.2,5560380890.090783
41.25,4638170767.725625
41.3,4314503014.931696
41.35,4626691458.405094
41.4,5147920449.3791065
41.45,5433665573.500289
41.5,5280688494.951068
41.55,4966826323.086183
41.6,4806487650.202167
41.65,4558568691.836757
41.7,4333687096.519363
41.75,4627454602.021595
41.8,4987166467.555829
41.85,4536985291.79543
41.9,3965540135.154916
41.95,3854704014.4314175
42.0,3852309887.2853513
42.05,4057864781.06799
42.1,4364220362.045719
42.15,4463039156.3709135
42.2,4226845623.9807634
42.25,3925382980.2655153
42.3,3945791188.1853695
42.35,4662458450.937451
42.4,6803662892.455426
42.45,9839316391.119677
42.5,10176003114.637299
42.55,8327098843.372583
42.6,6962004798.508008
42.65,7046267553.925525
42.7,8398962379.639648
42.75,9385245327.222912
42.8,8068539727.805104
42.85,7108044441.267186
42.9,7676848013.631046
42.95,9529397299.55127
43.0,9414179264.342663
43.05,7072502449.042708
43.1,5811612816.337554
43.15,5747885772.18816
43.2,6403846416.225058
43.25,7217470563.364394
43.3,7028166068.013161
43.35,6092363353.419509
43.4,6285358865.51603
43.45,6856954371.511648
43.5,6389075277.064356
43.55,6207503208.87362
43.6,7671436992.769264
43.65,9300506040.496742
43.7,8363209018.612154
43.75,6462026872.583874
43.8,5685978316.804516
43.85,5392444249.265536
43.9,4907159711.189249
43.95,5169854382.6918955
44.0,7145101945.880658
44.05,9238976536.538853
44.1,8026754826.460375
44.15,6540075182.012318
44.2,7133752362.887422
44.25,8604213050.568935
44.3,8967065210.833265
44.35,7497517180.888241
44.4,6509803674.485176
44.45,6468417600.962413
44.5,7177132479.018823
44.55,7993760561.037463
44.6,7291819020.682587
44.65,6706767123.286516
44.7,8261348016.551098
44.75,12197815646.071419
44.8,15409732036.477245
44.85,12885222847.924606
44.9,8884649309.516928
44.95,7443373482.532537
45.0,7921012754.188903
45.05,9289091164.303741
45.1,10358639994.10288
45.15,9585269409.158367
45.2,8031420926.829672
45.25,7755268825.829107
45.3,10130622489.037424
45.35,14524104918.913366
45.4,14881239576.115469
45.45,10583344523.069471
45.5,7705485681.677784
45.55,6783943469.69404
45.6,6573618445.648331
45.65,6767935447.529942
45.7,7211770620.389087
45.75,7960053380.443789
45.8,8700352194.12771
45.85,8404367670.420231
45.9,7732219986.254577
45.95,7035501425.274363
46.0,6616540287.956475
46.05,6300266425.131506
46.1,6155323322.6511345
46.15,5651389596.2706
46.2,5295812767.549932
46.25,5649658640.530543
46.3,6578095228.622735
46.35,7159649123.783851
46.4,5935242578.364533
46.45,4566635064.286673
46.5,4760720459.081265
46.55,5804761207.452708
46.6,6284658840.659336
46.65,6166134133.578532
46.7,6497770693.383937
46.75,6748613278.530439
46.8,6256259568.872513
46.85,5365938481.165255
46.9,4632660638.864621
46.95,5098562420.987106
47.0,6347272999.760806
47.05,6500928330.700131
47.1,5288918793.515826
47.15,4252352941.6484156
47.2,4147166694.4796987
47.25,4654039688.359786
47.3,5190669428.759173
47.35,5471206079.398514
47.4,5348662004.131344
47.45,5017754665.521513
47.5,4723168897.171964
47.55,4352883995.897081
47.6,3887983615.375524
47.65,4044421773.2180066
47.7,5028545487.937593
47.75,5980333313.210793
47.8,5774015811.128703
47.85,4841054978.821208
47.9,4251491818.9666367
47.95,4547866308.774869
48.0,5526522875.436137
48.05,6112278399.989306
48.1,5589713343.540884
48.15,5013930062.644047
48.2,5249826239.085522
48.25,6252348113.481962
48.3,6615053661.440212
48.35,5767298035.506999
48.4,5404120924.731913
48.45,6459164815.432876
48.5,7330427799.678173
48.55,6893965202.442814
48.6,6133979026.416857
48.65,5764883244.706072
48.7,5168849720.65119
48.75,4783990927.204415
48.8,4788267002.240351
48.85,4763472715.261721
48.9,4495292258.3822
48.95,4214157754.1247416
49.0,4353706379.906422
49.05,4512189187.362356
49.1,4419116534.983998
49.15,4189472462.5929713
49.2,4174895184.2604403
49.25,4224688729.409756
49.3,4094159337.466593
49.35,3894545557.0170016
49.4,4240162127.3287582
49.45,5156826907.61545
49.5,5813039322.331831
49.55,5404132392.751341
49.6,4393790319.582974
49.65,3957713874.8149242
49.7,3948434285.370064
49.75,4187025258.289244
49.8,4657500630.709327
49.85,5129802327.398931
49.9,5320425787.959348
49.95,4679800267.387029
50.0,3071239809.614149
