2224.25
2191.99
2165.91
2183.37
2206.66
2211.38
2206.02
2196.42
2194.33
2172.7
2185.27
2189.22
2204.61
2170.88
2130.63
2159.22
2200.1
2186.95
2167.21
2126.49
2190.65
2196.98
2152.41
2153.04
2153.08
2138.18
2124.25
2109.31
2177.27
2215.32
2203.16
2221.39
2197.6
2134.43
2128.09
2180.29
2162.71
2139.84
2166.31
2179.6
2158.35
2177.22
2179.5
2137.4
2136.67
2159.22
2190.66
2182.66
2114.65
2121.62
2182.39
2149.47
2123.8
2153.06
2131.32
2118.66
2112.51
2131.31
2149.86
2169.53
2170.78
2213.96
2181.64
2155.37
2201.56
2158.76
2098.84
2163.18
2206.39
2166.16
2171.84
2204.54
2177.66
2153.87
2166.09
2189.98
2236.94
2215.64
2170.93
2154.93
2171.44
2179.77
2187.02
2200.69
2167.66
2184.95
2143.28
2140.28
2230.55
2206.96
2152.81
2181.82
2216.66
2198.62
2140.53
2146.94
2193.03
2176.95
2180.17
2175.36
2171.65
2198.02
2192.4
2179.71
2176.93
2188.5
2170.27
2167.3
2172.42
2188.39
2188.12
2193.55
2192.55
2159.94
2148.91
2153.06
2118.37
2121.12
2150.28
2104.7
2095.05
2139.44
2134.04
2107.89
2131.09
2147.83
2126.49
2068.35
2133.81
2162.45
2192.71
2196.19
2194.1
2185.24
2149.23
2143.64
2163
2187.18
2186.94
2210.45
2204.57
2201.91
2229.86
2184.09
2184.24
2211.76
2228.51
2170.62
2192.05
2245.07
2253.56
2204.51
2182.27
2194.43
2199.23
2187.77
2190.61
2198.67
2172.31
2185.23
2165.38
2178.26
2201.7
2192.27
2181.75
2209.95
2185.14
2146.61
2137.21
2168.5
2165.41
2197.57
2185.27
2189.83
2195.53
2221.63
2205.87
2210.86
2174.97
2197.25
2192.14
2183.73
2177.8
2228.86
2239.96
2196.47
2168.62
2198.9
2202.43
2191.42
2200.65
2223.57
2214.71
2170.14
2190.28
2243.93
2219.4
2187.99
2211.48
2215.08
2186.22
2201.6
2210.25
2197.45
2180.26
2156.22
2157.44
2167.29
2182.43
2216.01
2204
2125.76
2127.01
2124.68
2111.94
2111.98
2148.83
2162.18
2154.21
2202.59
2215.38
2176.74
2137.48
2162.21
2203.82
2209.74
2193.93
2191.53
2197.6
2209.37
2230.81
2174.49
2166.45
2175.7
2181.15
2137.82
2114.2
2128.17
2170.02
2134.18
2124.09
2125.09
2115.8
2116.61
2143.1
2166.34
2152.57
2157.7
2150.59
2140.28
2109.9
2111.22
2120.96
2119.8
2082.5
2095.29
2123.06
2125.22
2111.32
2117.41
2145.06
2167.64
2115.97
2137.52
2203.67
2198.17
2183.39
2193.8
2190.58
2195.46
2194.49
2200.37
2165.52
2187.98
2214.25
2223.15
2172.28
2139.11
2134.57
2174.58
2182.88
2108.46
2108.49
2131.65
2159.33
2123.8
2119.62
2128.39
2155.33
2147.95
2113.59
2135.57
2164.94
2150.79
2193.6
2226.76
2211.07
2193.57
2210.34
2189.32
2218.74
2240.88
2203.55
2160.47
2197.76
2174.01
2154.64
2152.63
2145.96
2131.66
2113.6
2092.4
2087.62
2076.77
2074.24
2086.23
2109.96
2120.54
2123.79
2159.13
2137.67
2110.05
2131.05
2099.33
2153.59
2176.93
2176.51
2170.02
2189.87
2193.69
2159.83
2192.71
2206.38
2185.85
2194.32
2194.97
2162.23
2178.67
2208.71
2198.13
2165.33
2215.97
2233.57
2207.95
2201.2
2216.77
2227.34
2189.78
2214.59
2189.38
2181.68
2238.83
2262.49
2167.86
2153
2197.93
2167.16
2139.98
2153.7
2140.31
2165.19
2152.8
2115.42
2110.61
2098.89
2146.68
2163.18
2120.78
2126.88
2104.14
2102.65
2105.98
2137.09
2171.17
2130.36
2121
2136.31
2140.33
2163.61
2172.02
2189.7
2197.59
2171.63
2199.24
2235.47
2219.07
2219.56
2252.31
2216.27
2215.82
2260.5
2255.85
2209.55
2167.83
2198.32
2184.24
2166.27
2199.5
2179.43
2143.98
2152.8
2171.41
2149.82
2149.41
2176.71
2162.57
2123.23
2170.86
2211.09
2172.17
2135.88
2122.56
2158.66
2170.49
2141.66
2142.48
2153.46
2169.87
2161.15
2146.66
2151.14
2133.3
2151.21
2124.2
2144.86
2218.93
2211.81
2156.29
2157.49
2204.38
2205.22
2164.91
2167.71
2182.13
2167.71
2163.78
2183.71
2210
2181.64
2159.71
2175.63
2189.8
2174.33
2189.91
2183.61
2155.55
2114.36
2122.9
2155.87
2126.87
2103.54
2162.79
2156.66
2134.63
2185.21
2194.15
2196
2180.39
2172.7
2191.6
2199.36
2154.23
2180.73
2174.79
2148.5
2125.55
2149.47
2211.33
2150.83
2140.27
2145.79
2180.15
2154.02
2173.29
2209.76
2204.98
2193.61
2173.07
2183.61
2153.48
2155.79
2166.8
2188.52
2165.06
2197.02
2213.18
2197.71
2128.74
2145.02
2192.69
2189.52
2124.84
2176.77
2225.46
2194.92
2168.65
2157.73
2186.99
2167.77
2146.07
2159.4
