0.44591
0.435448
0.418137
0.434181
0.441353
0.440021
0.437673
0.434717
0.432602
0.430186
0.426541
0.426177
0.434597
0.425868
0.410779
0.41707
0.430959
0.420213
0.414259
0.40067
0.419734
0.417431
0.41689
0.41563
0.410957
0.416622
0.411844
0.41127
0.42161
0.42647
0.424662
0.432652
0.423472
0.414415
0.409295
0.416642
0.407949
0.406359
0.412968
0.41078
0.419263
0.423085
0.430267
0.414458
0.426242
0.413934
0.441017
0.43517
0.416474
0.421347
0.423353
0.420373
0.405935
0.408435
0.411579
0.405942
0.402838
0.406054
0.415346
0.42125
0.439045
0.443696
0.431213
0.420609
0.429142
0.423047
0.403183
0.41487
0.430211
0.421652
0.426038
0.43195
0.429937
0.42702
0.436263
0.443578
0.453634
0.447424
0.441369
0.426987
0.424486
0.434271
0.43137
0.426928
0.421956
0.42936
0.413114
0.401319
0.416263
0.416455
0.418133
0.429033
0.439032
0.436179
0.431311
0.427276
0.431803
0.42506
0.428664
0.419927
0.428763
0.430049
0.418355
0.425404
0.422908
0.42723
0.428293
0.425475
0.434503
0.437892
0.433802
0.43209
0.434524
0.43186
0.41686
0.419429
0.411605
0.411388
0.417919
0.409601
0.412667
0.409781
0.408349
0.410252
0.410043
0.408661
0.403315
0.397216
0.41685
0.430991
0.435934
0.43351
0.43576
0.442907
0.429435
0.422027
0.43173
0.445014
0.441001
0.43875
0.446095
0.431788
0.447938
0.431409
0.428362
0.433836
0.446187
0.42806
0.436343
0.459343
0.456776
0.446832
0.43968
0.440921
0.451287
0.435716
0.43523
0.429921
0.427868
0.427439
0.432956
0.434116
0.43396
0.437212
0.436556
0.438415
0.436144
0.422174
0.424253
0.426472
0.433266
0.438061
0.446115
0.437852
0.452359
0.449196
0.448865
0.455211
0.456369
0.446707
0.449136
0.443701
0.438123
0.436881
0.453762
0.442472
0.437237
0.445641
0.457501
0.459985
0.461843
0.458382
0.459458
0.442032
0.454516
0.468935
0.467225
0.461934
0.457073
0.461047
0.461927
0.460094
0.456137
0.445206
0.446954
0.441401
0.428801
0.436741
0.430165
0.430495
0.424244
0.416173
0.417603
0.407516
0.408286
0.407653
0.420959
0.425904
0.425851
0.43831
0.437967
0.426289
0.422618
0.430605
0.446494
0.449627
0.445767
0.450293
0.442536
0.440936
0.446616
0.432822
0.420298
0.426089
0.434087
0.419268
0.403816
0.404458
0.424165
0.411292
0.412935
0.413789
0.413121
0.414195
0.421889
0.42999
0.411564
0.421274
0.417087
0.417032
0.413388
0.412199
0.418372
0.423889
0.409258
0.396574
0.398351
0.402491
0.406039
0.423262
0.4193
0.438225
0.440765
0.438484
0.448698
0.456667
0.452485
0.45717
0.460255
0.457564
0.467994
0.46545
0.462341
0.461931
0.469907
0.470443
0.462239
0.454924
0.454926
0.465342
0.457029
0.446033
0.433414
0.436911
0.434769
0.426258
0.429742
0.431092
0.435296
0.434256
0.414879
0.420041
0.437111
0.433517
0.44245
0.4511
0.447717
0.448797
0.44476
0.442577
0.452927
0.464122
0.456292
0.443194
0.448609
0.432702
0.428327
0.418881
0.412174
0.408117
0.406553
0.395639
0.395165
0.38636
0.399166
0.399047
0.402765
0.408178
0.417782
0.420108
0.424298
0.431039
0.434495
0.43784
0.451263
0.451628
0.454024
0.455413
0.467125
0.471945
0.461014
0.455759
0.468983
0.467574
0.432918
0.43864
0.431374
0.430386
0.437337
0.437975
0.433752
0.449046
0.454553
0.446124
0.45187
0.457645
0.451657
0.440275
0.434031
0.434898
0.42743
0.435778
0.438795
0.421743
0.415832
0.421114
0.409739
0.412935
0.402981
0.408994
0.418342
0.40441
0.387068
0.394056
0.388521
0.391226
0.397678
0.388015
0.378826
0.373805
0.373612
0.380854
0.392028
0.397142
0.401184
0.393103
0.402127
0.411972
0.415096
0.427078
0.438262
0.43564
0.438844
0.457508
0.461766
0.466344
0.473941
0.477082
0.467779
0.461248
0.476717
0.468166
0.457724
0.442521
0.457096
0.453658
0.445277
0.451219
0.454203
0.44639
0.434243
0.436835
0.428693
0.423645
0.447364
0.434218
0.437167
0.44282
0.458623
0.445255
0.438451
0.436277
0.42485
0.419666
0.412719
0.421412
0.424427
0.43452
0.42748
0.424473
0.421864
0.420414
0.421639
0.421564
0.420115
0.42899
0.438569
0.412623
0.420177
0.425205
0.442772
0.42719
0.423268
0.42156
0.42797
0.424066
0.430734
0.432537
0.425604
0.427559
0.428068
0.444087
0.438385
0.434357
0.435262
0.41424
0.408859
0.405446
0.415791
0.409538
0.415841
0.43345
0.436241
0.424947
0.43823
0.434494
0.434161
0.43612
0.432582
0.438272
0.439234
0.427072
0.422921
0.419362
0.401626
0.403876
0.41247
0.42734
0.420056
0.415881
0.434493
0.431685
0.423512
0.43363
0.442792
0.436749
0.425817
0.41986
0.413791
0.421926
0.419116
0.424967
0.433113
0.430829
0.434479
0.436073
0.42768
0.422701
0.425416
0.433588
0.434501
0.422771
0.437231
0.441435
0.429178
0.419104
0.416594
0.418654
0.427645
0.425501
0.423854
