2theta,Intensity
0.0,6139278.455437576
0.05,10149002.9805418
0.1,11719387.601980893
0.15,13254544.361900933
0.2,14440708.828409202
0.25,15320143.166493999
0.3,16232799.89140629
0.35,17333068.392614946
0.4,18620211.823340017
0.45,20026178.486381344
0.5,21420245.832151413
0.55,23071314.25673544
0.6,25156519.425336204
0.65,27398462.341558628
0.7,29960299.775239736
0.75,32576452.546492595
0.8,35385318.31546785
0.85,38514413.96956887
0.9,41882720.28013568
0.95,45580663.8867641
1.0,49544544.999236435
1.05,54083813.52541881
1.1,59017336.425710075
1.15,64427714.655851126
1.2,70590858.85166624
1.25,77618955.56991267
1.3,85401821.42610127
1.35,94240719.9244297
1.4,104420304.3837069
1.45,116398803.34252807
1.5,130639307.92413978
1.55,147830036.85110298
1.6,168655099.9245014
1.65,194478902.7843497
1.7,227486104.61055547
1.75,269792669.6058236
1.8,325886155.8816559
1.85,402770064.3417001
1.9,512474902.3721981
1.95,678620175.7450352
2.0,967571183.0190915
2.05,1665532408.9534624
2.1,3797058709.925075
2.15,9093850067.662577
2.2,16864820272.408804
2.25,21594454128.54441
2.3,20768118373.434307
2.35,15667906890.835941
2.4,11480605455.00342
2.45,8784961594.000978
2.5,7179249728.956079
2.55,6755970606.104492
2.6,7264401455.830664
2.65,8018018953.14742
2.7,8537786599.3257475
2.75,9091044775.181818
2.8,10173666096.856174
2.85,11560373531.46557
2.9,12675629494.450924
2.95,13369125134.412933
3.0,13636462767.086325
3.05,13924340790.196135
3.1,14405164371.249632
3.15,14915178790.00531
3.2,15433759649.303082
3.25,16070858427.977207
3.3,16764357126.089012
3.35,17293931897.869556
3.4,17943805561.472935
3.45,18887832176.872414
3.5,19774779817.449665
3.55,20469806545.726513
3.6,21342374922.577477
3.65,22727727508.452618
3.7,24754163851.073734
3.75,27403135660.44262
3.8,30540026208.828236
3.85,34362878076.28127
3.9,39380939954.01071
3.95,45574869425.69402
4.0,52819728592.76544
4.05,61925074076.63179
4.1,73807615689.53685
4.15,89704969414.68968
4.2,111951136295.84373
4.25,144646951615.68002
4.3,195700183688.1739
4.35,288496761530.2499
4.4,532956678584.06445
4.45,1317333329692.6113
4.5,3155281300620.218
4.55,5265562819561.221
4.6,5562355410791.261
4.65,4356282073961.161
4.7,3073104087594.252
4.75,2315291242663.7363
4.8,1896054523571.2827
4.85,1529263532291.4177
4.9,1202198369285.6091
4.95,976428607202.9786
5.0,802247822183.6886
5.05,629553679022.459
5.1,485008155042.17694
5.15,411251183966.2636
5.2,377554988491.63763
5.25,336718832757.896
5.3,301149827546.9191
5.35,281481595492.06036
5.4,269313490929.93192
5.45,258053152007.61047
5.5,244865002503.78348
5.55,227995063376.1109
5.6,205209928317.72928
5.65,182412427736.95798
5.7,170581605264.41345
5.75,173670155376.79016
5.8,187995853742.35825
5.85,202130908628.1563
5.9,205344451995.58847
5.95,192115884317.52853
6.0,170300440704.68988
6.05,148653864750.9428
6.1,133808820046.17108
6.15,123482947051.7806
6.2,114694778954.24722
6.25,110203303895.80946
6.3,108091310801.57518
6.35,105874184661.48651
6.4,102352756393.20575
6.45,100624632907.63156
6.5,103831171832.40063
6.55,108713915345.74377
6.6,111676010880.7659
6.65,112277928426.97652
6.7,108745386657.59367
6.75,104293226335.57259
6.8,100485721697.49246
6.85,94984818662.77888
6.9,88789492379.972
6.95,85088199954.29967
7.0,81395782403.0578
7.05,76161142427.66118
7.1,71501448912.87119
7.15,66901190572.35022
7.2,64405068746.17086
7.25,63980042534.037445
7.3,63313475431.26837
7.35,60999664632.09959
7.4,58119004866.19062
7.45,56671607421.04574
7.5,56687738624.84952
7.55,56078284951.62181
7.6,54521819142.00211
7.65,53908117499.433044
7.7,57780908656.844795
7.75,72348804430.35147
7.8,109850265813.73972
7.85,167018125286.11578
7.9,200372101959.62595
7.95,186595762990.8939
8.0,157358785396.564
8.05,137629357061.28577
8.1,132733752161.93645
8.15,132085557852.27635
8.2,124797671574.19397
8.25,111754034102.08432
8.3,99942404698.62077
8.35,90175375179.9381
8.4,81928893881.29958
8.45,75249827747.39218
8.5,71450578992.53601
8.55,70188472072.91351
8.6,69053113261.04343
8.65,67473564410.92291
8.7,66456587912.03955
8.75,67345144082.595085
8.8,68532506782.85091
8.85,69556174124.92012
8.9,72432753984.14847
8.95,79131572728.25977
9.0,98074484651.10776
9.05,137050721164.81812
9.1,175602376459.60233
9.15,182226315284.63083
9.2,166693181448.21353
9.25,147220375373.5326
9.3,130245663530.18437
9.35,116977848040.93776
9.4,106436954621.50278
9.45,101593948815.4792
9.5,102023419228.64084
9.55,102904684902.37057
9.6,101426251104.07332
9.65,98092741127.96826
9.7,94481763736.58365
9.75,91478484857.4613
9.8,88810145709.51942
9.85,86113957378.9957
9.9,83635024879.43735
9.95,81208735875.65932
10.0,79900299556.31657
10.05,80096042337.45605
10.1,80424865327.75568
10.15,79733007636.71239
10.2,78715570049.56836
10.25,78062238387.4852
10.3,79507913181.19257
10.35,81817458553.81258
10.4,82945710149.69875
10.45,83569796008.93053
10.5,83022201621.83192
10.55,80387289311.32736
10.6,76951893406.7007
10.65,72858133817.80829
10.7,68707435459.304665
10.75,65894472493.58513
10.8,64817796831.79807
10.85,64586770627.21727
10.9,64412335496.334496
10.95,63472414196.97764
11.0,61720870370.13344
11.05,59720661777.149254
11.1,57010427628.76744
11.15,54126307792.82284
11.2,51214391782.390274
11.25,48509010144.12831
11.3,46494571116.71556
11.35,45461596421.955185
11.4,44425465140.700966
11.45,42959479884.75794
11.5,41282877106.95141
11.55,40253329402.13949
11.6,39946080276.044556
11.65,39463972608.977066
11.7,38841458357.997375
11.75,38582830549.508766
11.8,38826856530.13691
11.85,39164260742.68661
11.9,40449563906.46707
11.95,45053239358.90914
12.0,53397104022.63739
12.05,60907953017.11374
12.1,62344204922.64877
12.15,59315187842.709274
12.2,55703552423.19266
12.25,53350826277.32874
12.3,52332303600.74147
12.35,51708939992.812546
12.4,50902030375.58903
12.45,49933467383.29989
12.5,49485410217.63088
12.55,49815691613.700294
12.6,49922778154.67595
12.65,49847788555.65478
12.7,49596139430.75623
12.75,48094917404.70312
12.8,46144155747.483604
12.85,45412954111.29347
12.9,45912450868.040695
12.95,46945311512.70028
13.0,47888665425.16636
13.05,48091873001.92771
13.1,48084288130.40791
13.15,47999437987.452225
13.2,47731007540.479576
13.25,47947323072.89145
13.3,48609512135.755875
13.35,48847026515.466515
13.4,48282852338.40381
13.45,47420370130.156204
13.5,46827790046.74571
13.55,46277219147.88892
13.6,45641437781.88409
13.65,44796241807.9488
13.7,44436191875.8649
13.75,44353524824.24158
13.8,44634373332.047874
13.85,45065128750.70706
13.9,44982808410.715576
13.95,43932797912.88747
14.0,42294235890.78092
14.05,40532042636.46734
14.1,39099431549.579346
14.15,38092906278.74987
14.2,37483100224.01038
14.25,36957926269.48599
14.3,36796732264.12828
14.35,37381914210.025246
14.4,38055735696.04598
14.45,37927290420.20627
14.5,36900208109.33829
14.55,35523816229.43506
14.6,34658973565.1401
14.65,34230021394.253334
14.7,33243022315.16814
14.75,31825338812.331272
14.8,30680620232.704372
14.85,29993369864.530594
14.9,29911257582.542446
14.95,30246329944.24587
15.0,30288780032.897026
15.05,29590256992.175106
15.1,29158948284.02219
15.15,29386013560.428192
15.2,29468787396.372337
15.25,29212533947.17006
15.3,28704346291.082912
15.35,28220068835.735813
15.4,28062341043.560375
15.45,27863845953.40781
15.5,27154034411.381313
15.55,26424647060.12721
15.6,26260261509.069687
15.65,27422382531.225975
15.7,30669358315.42994
15.75,35119818915.95532
15.8,38063828726.799416
15.85,38210229794.02218
15.9,36600056837.764145
15.95,34717153200.5278
16.0,33324534953.508682
16.05,32260603196.566376
16.1,30819201387.54613
16.15,29441444728.417942
16.2,28842894456.411953
16.25,28851827312.647987
16.3,29078480733.07496
16.35,29220240495.185448
16.4,29516296834.476128
16.45,29600246093.781246
16.5,29146938787.026993
16.55,28847807625.612347
16.6,29116840636.58483
16.65,29342778134.256516
16.7,29392451931.586468
16.75,29356737853.131912
16.8,29263203929.409035
16.85,29106422469.5831
16.9,28831326764.204975
16.95,28360701131.155285
17.0,27748614179.62459
17.05,27226714710.91239
17.1,27156934184.648193
17.15,27442382904.22463
17.2,27666720288.200474
17.25,27499032398.596455
17.3,27170364614.157814
17.35,27249978841.132603
17.4,27333106199.922768
17.45,27006194009.2578
17.5,26619598575.257957
17.55,26345462901.673832
17.6,26121660813.140392
17.65,25754279743.144585
17.7,25394053319.523876
17.75,25516678287.47201
17.8,26073081169.430233
17.85,26624407910.0701
17.9,26783323754.665955
17.95,26773532044.02995
18.0,26921606349.218357
18.05,26709296156.22982
18.1,26151264464.612835
18.15,25899591225.617573
18.2,26014147968.823906
18.25,25972335966.30512
18.3,25661744947.171776
18.35,25446408115.62799
18.4,25631120042.755077
18.45,26055685317.92091
18.5,26178647062.914932
18.55,25835183131.122112
18.6,25238870448.50423
18.65,24607076640.168743
18.7,24234098578.70223
18.75,24301526919.43513
18.8,24730336445.65168
18.85,24999977223.008224
18.9,25416099962.153015
18.95,26122661395.067398
19.0,26616376814.75115
19.05,26849608138.809685
19.1,26931749576.27028
19.15,27036999616.16094
19.2,27057631982.472237
19.25,26873842282.648014
19.3,26641838443.04415
19.35,26555066166.707558
19.4,26598135046.473267
19.45,26561975886.811626
19.5,26560798388.18226
19.55,26640991309.963985
19.6,26648441775.000225
19.65,26685344618.100464
19.7,27109621364.414455
19.75,28098710080.76288
19.8,29590896385.386913
19.85,31430148948.48854
19.9,33133354913.163986
19.95,33522303941.640255
20.0,32347454280.835514
20.05,30810142279.08318
20.1,29938847488.52746
20.15,29792450202.080032
20.2,29694059910.997276
20.25,29109582697.673985
20.3,28574609780.71121
20.35,28913296615.964394
20.4,29782296406.844627
20.45,30478085752.863075
20.5,30861290037.22654
20.55,30821426626.599186
20.6,30634659078.968178
20.65,30678161489.282772
20.7,30859496278.110508
20.75,31052595176.52223
20.8,31617347239.984787
20.85,32564111509.541786
20.9,33833889435.379055
20.95,34944539969.15064
21.0,35265609860.85982
21.05,35426618381.972855
21.1,35632358534.90037
21.15,35497269355.08382
21.2,35207012801.20758
21.25,34997244803.9515
21.3,34708456181.77883
21.35,34243698206.68279
21.4,34243656379.666145
21.45,34366198969.8763
21.5,34200653032.276684
21.55,33874385694.93572
21.6,33928330383.765594
21.65,34255913443.707134
21.7,34554803068.212555
21.75,35140911335.028755
21.8,35625105468.09514
21.85,36006567692.68276
21.9,36401972997.01033
21.95,36830992306.84644
22.0,37529928025.824486
22.05,37952770904.50089
22.1,37558838731.47491
22.15,36878267318.58248
22.2,36213683528.15374
22.25,35321507216.387764
22.3,34796165563.41922
22.35,34942503640.29704
22.4,35052313237.21119
22.45,34931026767.580956
22.5,34812284824.25982
22.55,34586258435.20694
22.6,34415749931.27317
22.65,34934862923.5848
22.7,36044857855.87125
22.75,37075779132.408
22.8,38053821402.66785
22.85,39123019416.06873
22.9,39737802235.08184
22.95,39483973872.5116
23.0,38979516885.634544
23.05,38468636243.50221
23.1,37962873786.02574
23.15,37680373379.68835
23.2,37663440742.29193
23.25,37672192204.47107
23.3,37623013655.585205
23.35,37631123815.00637
23.4,37263884328.12838
23.45,36636719951.37839
23.5,35722740026.864624
23.55,34763681529.355515
23.6,34337314465.19608
23.65,34415985093.58698
23.7,34469259951.31493
23.75,34153277000.848686
23.8,33850930316.87731
23.85,33656467431.058792
23.9,33415399926.54557
23.95,33180194895.802303
24.0,32797903129.397213
24.05,32589188710.736374
24.1,32413206732.134148
24.15,32175492600.02776
24.2,31931587669.334595
24.25,31486201588.384205
24.3,30786406080.228573
24.35,30075508695.393536
24.4,29489925709.487186
24.45,28840263417.077118
24.5,28274041482.348537
24.55,27897365834.002808
24.6,27535571866.811954
24.65,27018823753.815144
24.7,26749753938.519592
24.75,26783391363.852802
24.8,26707078510.596237
24.85,26673429494.588142
24.9,26751736382.636967
24.95,26629586223.7646
25.0,26377718347.881104
25.05,26727373464.9433
25.1,27121908260.040627
25.15,27019131103.698486
25.2,26879932547.93253
25.25,26843178696.25645
25.3,27145075618.825325
25.35,27656027829.75464
25.4,28388700489.88046
25.45,29087320224.926483
25.5,29582958993.542965
25.55,29867702886.268913
25.6,30272865076.30103
25.65,30730918467.12716
25.7,30652566138.901726
25.75,30049249567.97582
25.8,29484614926.451992
25.85,29333844525.00556
25.9,29886500034.639877
25.95,31175941558.95476
26.0,32350527974.13732
26.05,33395288649.80062
26.1,34973344273.97055
26.15,36626952039.49162
26.2,38326109853.17817
26.25,40581679105.502235
26.3,44589689013.611496
26.35,49668432558.79969
26.4,53764448544.967125
26.45,56221044693.96399
26.5,57627564930.845276
26.55,59213230647.353775
26.6,61908093797.02173
26.65,67212300508.31284
26.7,73551396076.26157
26.75,75557739911.50894
26.8,72061488566.90259
26.85,67996766586.726364
26.9,63897139337.86596
26.95,60809499872.90085
27.0,58714314561.68658
27.05,57249543748.94321
27.1,56564472088.74755
27.15,55059561080.29213
27.2,49421478456.30264
27.25,42688505584.70222
27.3,38891513804.34059
27.35,37929429827.97003
27.4,37004762851.36174
27.45,35481359226.29763
27.5,34124523167.35487
27.55,32877922496.254253
27.6,31300830768.744297
27.65,29624824730.03425
27.7,27882333499.565525
27.75,25965661801.01388
27.8,24224339730.262447
27.85,22992701844.99941
27.9,22111208378.10911
27.95,21334184959.77774
28.0,20508634908.256104
28.05,19595747718.815136
28.1,18703228264.92258
28.15,18051407329.589775
28.2,17561924372.82322
28.25,17083007651.935423
28.3,16714651804.471214
28.35,16286396854.243645
28.4,15549739678.993904
28.45,14919574572.34597
28.5,14567702131.495567
28.55,14362174974.183743
28.6,14394100884.1578
28.65,14536288338.7495
28.7,14542073030.891705
28.75,14405691202.373842
28.8,14002133565.238844
28.85,13471997177.569017
28.9,12984877305.923187
28.95,12646783015.993063
29.0,12363804688.699184
29.05,11965233752.10758
29.1,11489447604.450314
29.15,11143697413.01338
29.2,10873665142.346943
29.25,10730599936.622095
29.3,10697086345.119211
29.35,10596379755.877405
29.4,10410007485.33058
29.45,10269980093.480078
29.5,10073267423.642527
29.55,9813280617.82744
29.6,9549860515.018711
29.65,9297190654.83714
29.7,9113729093.44324
29.75,8940102789.481827
29.8,8790216028.23356
29.85,8773684873.54584
29.9,8845898763.612625
29.95,8808265299.322765
30.0,8720472279.69669
30.05,8721595241.637392
30.1,8769878334.718409
30.15,8743013918.59764
30.2,8597445058.184393
30.25,8389263010.883512
30.3,8166939887.886203
30.35,7926403361.74218
30.4,7688440385.580185
30.45,7521577831.307781
30.5,7412513665.687253
30.55,7340586797.352056
30.6,7233010253.864567
30.65,7083195176.67298
30.7,6969560739.772492
30.75,6897315346.910783
30.8,6846645777.245235
30.85,6811816341.66743
30.9,6815585777.90525
30.95,6854589038.224981
31.0,6891805678.818633
31.05,6886020160.598854
31.1,6872864389.4702015
31.15,6873456462.137745
31.2,6852648445.213177
31.25,6783352962.900925
31.3,6659510937.252038
31.35,6505602040.425855
31.4,6363866810.528615
31.45,6279734136.39147
31.5,6253006890.045669
31.55,6270433601.136638
31.6,6266922316.809444
31.65,6195310035.570407
31.7,6120799453.915556
31.75,6081300259.1238575
31.8,6064569642.277391
31.85,6046429241.027979
31.9,6063409142.132223
31.95,6178654866.473529
32.0,6444775891.503717
32.05,6983937331.751063
32.1,7803594542.653599
32.15,8700903255.230803
32.2,9428469393.980694
32.25,9823909315.30005
32.3,9890675958.286398
32.35,9661122863.163952
32.4,9259412075.644094
32.45,8808109177.703186
32.5,8376030700.743305
32.55,7988846314.395245
32.6,7677986061.146064
32.65,7412130491.334952
32.7,7114410535.604967
32.75,6862184199.484007
32.8,6718913034.244477
32.85,6633551411.4061575
32.9,6576393625.455804
32.95,6519206599.574354
33.0,6441186064.973105
33.05,6368937421.905903
33.1,6328117599.0406475
33.15,6287814265.365866
33.2,6270458673.6645355
33.25,6283462966.568479
33.3,6301314232.481415
33.35,6342954022.70898
33.4,6416824873.944712
33.45,6472571700.851037
33.5,6474045314.930299
33.55,6450903623.869404
33.6,6377470425.906491
33.65,6241213634.450535
33.7,6092804387.31015
33.75,5967228104.801885
33.8,5879655615.55876
33.85,5810062659.053623
33.9,5752655628.14903
33.95,5706497917.793714
34.0,5672788669.414021
34.05,5651967978.909543
34.1,5644457969.690151
34.15,5628535128.494801
34.2,5573134357.614331
34.25,5527507011.26706
34.3,5486690160.974968
34.35,5455921578.810403
34.4,5442661445.631466
34.45,5420734947.185323
34.5,5398509665.546003
34.55,5400610562.765008
34.6,5460608331.345851
34.65,5590538686.945974
34.7,5790581218.681505
34.75,6021783193.95167
34.8,6183935355.171943
34.85,6223305414.593838
34.9,6177190282.759613
34.95,6101645613.210772
35.0,5986213186.460125
35.05,5842387726.344904
35.1,5702704097.75632
35.15,5546953002.102691
35.2,5405174307.090364
35.25,5319283445.144486
35.3,5257433744.941018
35.35,5180411470.895155
35.4,5118697361.892486
35.45,5090441258.330476
35.5,5087729423.640922
35.55,5085768832.238697
35.6,5043222966.662021
35.65,4986114031.234738
35.7,4964527347.267259
35.75,4977226477.419534
35.8,5024137728.782259
35.85,5083927972.407989
35.9,5160735732.593109
35.95,5276845749.672647
36.0,5419216216.907794
36.05,5544076643.706448
36.1,5624133333.9746
36.15,5673990480.957104
36.2,5719970283.923527
36.25,5773399182.011362
36.3,5781808267.2818575
36.35,5735444816.635541
36.4,5664684588.88909
36.45,5585408784.307482
36.5,5524790028.806254
36.55,5529587360.754954
36.6,5595820654.354199
36.65,5661661071.012428
36.7,5709402585.607304
36.75,5752860697.016294
36.8,5835987392.063645
36.85,5991515239.773094
36.9,6198155555.02245
36.95,6387028765.509327
37.0,6493292106.896351
37.05,6539862218.796693
37.1,6543787738.774955
37.15,6510725324.303071
37.2,6432063337.040191
37.25,6323212155.724621
37.3,6213514266.627941
37.35,6107362382.46324
37.4,5997919059.623849
37.45,5882886835.887985
37.5,5782213602.261609
37.55,5712173181.042051
37.6,5667749650.788586
37.65,5671082325.189623
37.7,5751809635.426169
37.75,5882952034.96932
37.8,6032109136.905874
37.85,6145522361.114723
37.9,6202969789.106038
37.95,6219670329.438434
38.0,6207599057.192748
38.05,6199333278.4824295
38.1,6217672871.901913
38.15,6242958706.052515
38.2,6271381122.012485
38.25,6281403588.374267
38.3,6258434224.96477
38.35,6209472740.37469
38.4,6109875404.263188
38.45,5987830505.015575
38.5,5926067210.75175
38.55,5902315651.10855
38.6,5851759466.014166
38.65,5776467346.968456
38.7,5714157314.628458
38.75,5668951710.656305
38.8,5616232678.445965
38.85,5563637117.811823
38.9,5514660800.053994
38.95,5477626859.325997
39.0,5456762105.787882
39.05,5427231770.953674
39.1,5384150423.794427
39.15,5342254724.931883
39.2,5327438231.19301
39.25,5355678856.691383
39.3,5433905434.282834
39.35,5564094048.335834
39.4,5753912774.726361
39.45,6005549729.316111
39.5,6316478018.500782
39.55,6628081613.147371
39.6,6844638683.161191
39.65,6916118447.654065
39.7,6867634907.393065
39.75,6759944747.087622
39.8,6610190282.221738
39.85,6457988574.037092
39.9,6334866888.086118
39.95,6231070857.939576
40.0,6151453541.323532
40.05,6083660175.492425
40.1,6038602093.363939
40.15,6066397954.766671
40.2,6136315295.284985
40.25,6174161115.591823
40.3,6164976729.90065
40.35,6156233587.061099
40.4,6154922719.4059725
40.45,6141649186.561837
40.5,6123104804.568146
40.55,6126459734.09586
40.6,6158855148.904902
40.65,6204616340.13991
40.7,6252476252.628407
40.75,6274356523.823901
40.8,6286146486.438471
40.85,6329385860.378577
40.9,6419083067.602153
40.95,6530546366.527374
41.0,6650421071.073379
41.05,6782523554.816317
41.1,6903069155.99732
41.15,6996619204.462813
41.2,7054353646.387051
41.25,7030457006.499908
41.3,6953821474.2828245
41.35,6849282851.906227
41.4,6746600387.709876
41.45,6656161335.944376
41.5,6561006983.439739
41.55,6484174667.666653
41.6,6455085810.414535
41.65,6495324161.756921
41.7,6620579699.636906
41.75,6797484007.100576
41.8,6966319295.784865
41.85,7104767786.909848
41.9,7208119296.795124
41.95,7244677720.0320015
42.0,7216618343.670519
42.05,7149531884.704123
42.1,7034418976.527227
42.15,6937060078.764742
42.2,6907957274.740504
42.25,6933104594.093432
42.3,7048368166.933049
42.35,7287719985.2459345
42.4,7720119010.380069
42.45,8381623491.521692
42.5,9120886969.24235
42.55,9797965587.55628
42.6,10322289601.678564
42.65,10611013097.50991
42.7,10646724777.101871
42.75,10490415495.01209
42.8,10207605571.207949
42.85,9915936453.765219
42.9,9616253809.10618
42.95,9295980633.740944
43.0,9008129785.562157
43.05,8825037456.7282
43.1,8689062503.47146
43.15,8588398780.414468
43.2,8566376340.031573
43.25,8612945563.420073
43.3,8677144656.87345
43.35,8683393949.963902
43.4,8682769161.661703
43.45,8704249026.10019
43.5,8752144392.122656
43.55,8767906752.294733
43.6,8656560069.938046
43.65,8521592160.977396
43.7,8462584786.730015
43.75,8375734143.486539
43.8,8197364343.661258
43.85,7987430939.510903
43.9,7845618055.80312
43.95,7787395012.838376
44.0,7771925411.971473
44.05,7818455845.1096325
44.1,7965656577.263235
44.15,8135569324.755287
44.2,8340061151.31692
44.25,8648461549.920883
44.3,8937988754.523075
44.35,9106665644.379034
44.4,9184988556.07852
44.45,9173565160.508007
44.5,9114950833.633053
44.55,9050064559.781418
44.6,8954229465.044374
44.65,8823045547.654884
44.7,8656794786.810047
44.75,8498907131.7144785
44.8,8381894307.746655
44.85,8317643760.964661
44.9,8321898016.2486105
44.95,8315496185.97409
45.0,8266091427.227827
45.05,8151253881.357971
45.1,8002449630.384697
45.15,7876627615.645667
45.2,7817047562.005804
45.25,7792076082.487508
45.3,7785873385.134687
45.35,7804223923.011087
45.4,7832172037.3977
45.45,7856257607.78576
45.5,7814483050.474924
45.55,7735231656.104054
45.6,7673015633.930278
45.65,7639071510.181773
45.7,7660202368.9860735
45.75,7721885158.54971
45.8,7774738979.82284
45.85,7799045841.802912
45.9,7807238990.250587
45.95,7792244529.968798
46.0,7741112223.933302
46.05,7651354675.772517
46.1,7521756305.28268
46.15,7385895321.1524
46.2,7283162474.806264
46.25,7199769398.560625
46.3,7124424028.450257
46.35,7025852842.618331
46.4,6931715069.0274315
46.45,6887489091.51075
46.5,6884337723.844113
46.55,6869722410.342868
46.6,6863939943.086763
46.65,6895613468.730891
46.7,6898338541.132733
46.75,6845369703.705791
46.8,6793085343.855522
46.85,6728864390.95305
46.9,6640883052.532038
46.95,6565086654.356314
47.0,6516399147.72967
47.05,6437214907.069288
47.1,6353366745.205333
47.15,6320361971.726714
47.2,6312000423.26822
47.25,6308190748.734667
47.3,6307011147.408288
47.35,6316640131.743539
47.4,6330913067.765696
47.45,6311099578.682713
47.5,6254348757.682581
47.55,6201574105.14391
47.6,6178379177.4861555
47.65,6163437705.51958
47.7,6121557776.618547
47.75,6062280799.171274
47.8,5983201994.755917
47.85,5906471933.424794
47.9,5852613531.0249605
47.95,5822439646.358826
48.0,5803083771.115009
48.05,5788670334.892098
48.1,5765283926.379208
48.15,5738104724.435126
48.2,5716415932.27511
48.25,5706282802.779165
48.3,5715029378.702337
48.35,5709071002.479604
48.4,5691699852.115315
48.45,5692876001.344501
48.5,5712736584.424429
48.55,5723557580.34183
48.6,5720073213.606944
48.65,5703839500.639183
48.7,5676478250.920508
48.75,5653467910.9476385
48.8,5633678417.406315
48.85,5599903921.780421
48.9,5561675777.586753
48.95,5534778241.783512
49.0,5506573535.398551
49.05,5477561092.583464
49.1,5466845649.052182
49.15,5473226925.962922
49.2,5478370965.841537
49.25,5461611954.792137
49.3,5430205804.705347
49.35,5402486777.249579
49.4,5385644692.532863
49.45,5368753967.302813
49.5,5324471337.226371
49.55,5265131943.21687
49.6,5209084470.179011
49.65,5165241149.928804
49.7,5120890793.186471
49.75,5046411303.324363
49.8,4925906693.656983
49.85,4758400922.132209
49.9,4450626330.267962
49.95,3742127017.9352803
50.0,2474484285.9172297
