0.622696
0.627706
0.635357
0.63184
0.626106
0.626485
0.627561
0.628762
0.629524
0.633835
0.630655
0.629629
0.627402
0.633216
0.644304
0.636983
0.628056
0.631426
0.635673
0.643921
0.632146
0.630843
0.637258
0.638388
0.636725
0.638469
0.638592
0.642725
0.632495
0.625289
0.627165
0.622518
0.62814
0.638651
0.640939
0.633637
0.6357
0.640649
0.636046
0.636187
0.639217
0.632654
0.630616
0.63778
0.635789
0.635368
0.628094
0.631936
0.641096
0.638429
0.62753
0.634357
0.641318
0.638209
0.639002
0.641307
0.644594
0.639488
0.637219
0.631454
0.629396
0.621296
0.629232
0.634794
0.623725
0.634288
0.647349
0.635541
0.625274
0.634014
0.632182
0.625844
0.627999
0.632288
0.628826
0.62597
0.616503
0.617609
0.629858
0.633899
0.631353
0.627104
0.627458
0.627741
0.635138
0.631171
0.642276
0.64288
0.626207
0.629119
0.636958
0.630877
0.624101
0.625889
0.636046
0.637371
0.628373
0.633636
0.632975
0.63265
0.634383
0.627835
0.631043
0.633124
0.63292
0.630418
0.634301
0.633019
0.628304
0.62877
0.627782
0.627956
0.630575
0.634465
0.636505
0.633401
0.641392
0.640109
0.634892
0.641274
0.643779
0.636925
0.638343
0.640257
0.636518
0.632146
0.638046
0.648681
0.637319
0.630331
0.627007
0.627436
0.628022
0.626918
0.635719
0.634241
0.631567
0.625448
0.627361
0.624502
0.627669
0.630711
0.625087
0.633582
0.634198
0.628502
0.625298
0.636203
0.629474
0.618274
0.61664
0.628126
0.629245
0.628986
0.624879
0.631145
0.628021
0.627247
0.633372
0.63011
0.636708
0.631168
0.627553
0.631273
0.630694
0.627259
0.630525
0.637967
0.640342
0.634665
0.634715
0.627766
0.629136
0.627304
0.624136
0.622594
0.623795
0.622422
0.628876
0.627555
0.627872
0.630305
0.630721
0.621832
0.617063
0.623769
0.628188
0.619333
0.618577
0.619586
0.61998
0.616662
0.617394
0.625143
0.621173
0.612025
0.614265
0.621302
0.619886
0.619604
0.624197
0.622336
0.621158
0.62443
0.627954
0.632833
0.635881
0.631954
0.63154
0.626411
0.627783
0.64076
0.639364
0.638829
0.644156
0.645156
0.639808
0.637859
0.642635
0.629692
0.627901
0.636501
0.645973
0.640184
0.632334
0.62941
0.631869
0.633661
0.631211
0.629721
0.625444
0.636906
0.638436
0.634453
0.631978
0.63921
0.645509
0.643659
0.636545
0.643501
0.643361
0.645256
0.646299
0.647039
0.641559
0.63955
0.643075
0.643286
0.642552
0.642637
0.647496
0.646936
0.643765
0.641677
0.6524
0.651412
0.644323
0.644321
0.6469
0.641841
0.638366
0.630574
0.639797
0.636283
0.626999
0.625548
0.626171
0.623401
0.623568
0.624321
0.62109
0.619472
0.6258
0.62347
0.615725
0.615023
0.622333
0.628677
0.630139
0.623197
0.622134
0.635229
0.637573
0.634759
0.628686
0.635765
0.638368
0.634822
0.631755
0.633267
0.639544
0.636446
0.632944
0.633577
0.627566
0.619966
0.620928
0.626861
0.623557
0.628139
0.62188
0.616936
0.62387
0.631778
0.623409
0.63092
0.635029
0.635821
0.63808
0.639523
0.641982
0.647055
0.650362
0.652241
0.649688
0.649046
0.643882
0.639427
0.639089
0.632377
0.637917
0.640313
0.633686
0.640265
0.630822
0.626622
0.626986
0.625805
0.620105
0.61801
0.627602
0.618017
0.616227
0.61951
0.623675
0.622378
0.628225
0.625794
0.621946
0.623323
0.629392
0.617606
0.615256
0.619409
0.620385
0.620568
0.61994
0.627639
0.622075
0.627733
0.632462
0.622641
0.61988
0.633878
0.638079
0.6277
0.636991
0.636905
0.636093
0.640597
0.632657
0.636319
0.644159
0.647116
0.650329
0.642424
0.638707
0.646023
0.646735
0.650071
0.648622
0.647667
0.639411
0.636213
0.643927
0.644446
0.642417
0.638393
0.635194
0.631422
0.626718
0.625133
0.628925
0.620754
0.61503
0.618999
0.615407
0.613452
0.617813
0.620057
0.609725
0.61303
0.621918
0.629725
0.622043
0.623084
0.627325
0.619803
0.62527
0.633974
0.632518
0.630291
0.633709
0.634179
0.625889
0.630251
0.635913
0.627041
0.620699
0.628854
0.637092
0.638737
0.634734
0.633837
0.638854
0.63754
0.635366
0.626745
0.631609
0.635298
0.634486
0.638259
0.635615
0.639682
0.636334
0.622392
0.620199
0.633346
0.632274
0.624797
0.624099
0.632818
0.632381
0.630989
0.629327
0.631191
0.629159
0.624995
0.627344
0.629932
0.627626
0.624503
0.629584
0.626212
0.627208
0.631679
0.639992
0.637158
0.633331
0.637303
0.639668
0.628292
0.626565
0.633805
0.622961
0.621413
0.62496
0.62521
0.628783
0.62138
0.620778
0.62987
0.628171
0.631117
0.63658
0.639635
0.636814
0.624016
0.636423
0.636399
0.630619
0.626228
0.631229
0.6288
0.619553
0.623547
0.627031
0.629575
0.629142
0.631232
0.634669
0.631422
0.628781
0.632115
0.628339
0.622221
0.626637
0.637172
0.634673
0.627324
0.626773
0.639433
0.62972
0.622213
0.62678
0.632301
0.637711
0.629796
0.631365
0.638464
0.634652
