70481.2
69918.7
69076.7
69461.2
70097.4
70055
69934.8
69801.3
69716.8
69242.6
69591.8
69705.2
69952.6
69310.3
68117.6
68900.4
69879.7
69506.8
69042.4
68158
69427.6
69571
68870.6
68748.7
68928.4
68740.1
68726.9
68284.9
69389.3
70189
69979
70501.4
69870.3
68720.5
68475.2
69264.2
69039.5
68506.2
69001.9
68986.6
68659.7
69371.9
69596.1
68814.3
69029.8
69075.6
69875.5
69450.6
68458.4
68744.3
69938.3
69185.7
68434.7
68768
68682.7
68435.9
68086.9
68630.5
68874.9
69503.7
69730.9
70640.1
69749.1
69138
70364.9
69193.2
67797.2
69056.8
70190.7
69223
69423.7
70126.8
69886.1
69412
69794.1
70112.6
71189.3
71061.8
69679.8
69235.6
69514.9
69985.8
69946.3
69914.8
69100.6
69534.8
68332.6
68268.4
70086
69761.6
68903.1
69567.3
70322.6
70121.7
69002
68858.5
69844.5
69264.3
69336.7
69372.4
69182.8
69904.3
69549
69320.4
69342.7
69618
69191.7
69331.9
69852.2
69800.4
69910.2
69890.9
69600.6
69173.9
68952.2
69290
68426.8
68563.9
69127.3
68439.4
68173
68906.7
68753.6
68548.1
68950.7
69427.7
68785.7
67657.9
68864.1
69627.6
69996.7
69948.8
69883.5
70006.5
69037.4
69198.3
69491.3
70171.1
69957.2
70277.4
69922.8
69585.6
70211.7
69270.3
69203
69830.2
70187.9
68984.8
69722.3
70985.3
71173.4
69871.9
69747.7
69776.4
70235
69537.8
69883.7
69969.9
69293.2
69651.9
68930.2
69535.2
69935.7
69523.7
69587.4
69968.5
69606.1
68794.1
68539
69152
69146.7
69912
69759.8
69963.5
70318.6
70492.8
70357
70512.3
69788.6
69935.5
69900.3
69630.4
69584.5
70579.2
71124.6
70360
69865.1
70864
70950.5
70835.1
70790.1
71170.9
71086.5
70205.3
70654
71710.2
71448.7
70639.4
70800.7
70832.9
70311.8
70522
70655.7
70285.5
69891.1
69352.2
69019.8
69448.7
69494.2
70063.3
69910.1
68494.3
68643.8
68701.3
68133.2
68027.6
68596.2
68805.8
68294.5
69698.2
69897
68952.6
67941.5
68555.9
69407
69729.4
69458
69261.6
69530.4
69695
70171.6
68908.7
68743.6
69175.2
69446.1
68660.4
67990.4
68185.8
68947.9
68202.5
68217.3
68017
67907.2
67829.6
68408.9
68623.8
68247.7
68225.3
68303.3
68294.2
67781.8
67840.4
68174.5
68396.3
67272.2
67374.2
68115.5
68115.8
67844.1
68378.9
68751.2
69600.7
68597.4
68976.2
69997.6
70160
70090.1
70401.6
70382.7
70297.8
70663.5
70848.1
70131.6
70393.7
71279.2
71360.6
70522.3
69810.8
69648.7
70424.6
70544.9
69090.7
68836.6
69141.8
69809.8
69032.4
68750.9
69134.9
69470.6
69304.8
68624.5
68958.6
69340.1
69270.8
69934.3
70791.6
70681.9
70012.9
70383.9
69870.5
70573.7
71139.3
70348.6
69468.1
70400.7
69562.6
69112.4
69026.3
68782
68626.8
68363.9
67828
67483.1
67288.6
67553
67619.9
68162.2
68637.1
68673.4
69402.3
68799.5
68542.1
69258.9
68547.3
69573.3
70039.6
69999
70131.1
70775.7
71015.7
69930.3
71014.8
71221.2
70843.7
70370.6
70517.3
69861
70132.3
70566.2
70410.4
69731.4
71062.2
71333.5
70855.2
70743.9
70723
70794.6
69926.2
70551.6
69915.7
69392.9
70487.4
70801.5
69238
68782.1
69919.4
68899.5
68908.9
68996.8
68511.7
69371.6
68972.3
68132.9
67821.5
67486.5
68316.8
68714.4
67936.2
67861.5
67513.2
67664
67763.8
68638.8
68983.8
68157.4
68102.5
68317.6
68748.3
69094.4
69507.2
70028.9
70206.5
69783.2
70701.7
71359.7
70902.2
71316
71543.3
71038.3
70781.2
71980.6
71592.6
70569.4
69694.5
70555.3
70437.4
69961.2
70810.2
70191
69227.4
69386.8
69631.9
69256.4
69205.1
70121.7
69636.3
69016.4
69992.8
70708
69791.1
68888.7
68711.2
69144.5
69242.4
68698.7
68840.2
69075.8
70025.9
69486.6
69083.2
69171.6
68762.6
69048.7
68609.7
68970.7
70515.7
70765.1
69296.1
69413.6
70244.3
70322.8
69353.9
69401.8
69554.9
69738.6
69532.7
69757.2
70222
69959.1
69671.6
69927.6
70277.4
69710.2
70085.5
69974.2
69479
68576.4
68881.4
69297.8
68865.8
68611.2
69853.5
70046.1
69245.9
70451.3
70626.8
70225.9
70197.8
69799
70630.5
70699
69678.5
69867
69540.8
68944.1
68614.8
68918.7
70332.2
68961
68963.6
69595.7
70083.7
69528.5
69797.1
70838.8
70385.1
69994
69711.1
69759.1
69528.1
69151.6
69507.2
69799.2
69431.1
69848.2
70535.1
70038
68879.9
69151.2
69961.2
70022.8
68636.5
69695.1
70536
70022
69410.5
68821.8
69686.7
69513.5
68740.6
69153.5
