1939.7
1930.19
1947.69
1954.27
1940.36
1935.94
1944.85
1953.16
1947.49
1936.75
1947.54
1943.72
1948.78
1936.43
1955.57
1950.64
1943.34
1931.67
1940.36
1944.03
1950.92
1937.98
1934.82
1946.24
1952.79
1942.27
1966.74
1948.97
1944.84
1946
1920.15
1954.59
1939.34
1961.61
1944.1
1949.3
1959.6
1928.08
1943.94
1933.7
1949.66
1937.78
1953.29
1927.29
1945.77
1933.3
1931.36
1937.71
1917.34
1962.54
1934.47
1952.9
1939.48
1926.57
1945.07
1929.81
1940.66
1921.64
1949.75
1942.59
1931.81
1922.28
1930.3
1938.57
1937.97
1943.3
1933.9
1935.61
1913.14
1925.98
1923.18
1950.5
1950.14
1939.18
1951.49
1921.64
1948.57
1926.44
1939.98
1956.61
1921.01
1942.42
1916.93
1942.48
1924.99
1909.91
1947.07
1950.44
1934.5
1936.57
1937.73
1941.06
1937.35
1951.96
1935.49
1937.94
1930.47
1933.68
1932.94
1924.3
1948.61
1937.08
1940.62
1935.25
1949.65
1934.9
1936
1917.89
1937.15
1951.8
1935.82
1918.23
1938.38
1946.95
1928.19
1919.98
1932.44
1938.41
1942.57
1930.64
1917.91
1954.68
1954.63
1962.82
1942.2
1927.59
1944.91
1923.41
1935.87
1935.38
1940.16
1950.36
1944.16
1933.1
1926.13
1916.36
1925.08
1959.38
1915.91
1917.94
1926.24
1925.64
1943.43
1932.51
1943.81
1926.75
1924.9
1946.43
1917.37
1921.79
1936.94
1939.89
1945.38
1922.58
1944.5
1930.26
1955.25
1935.47
1928.5
1945.57
1919.12
1934.19
1914.72
1938.09
1951.03
1918.69
1960.12
1925.19
1937.65
1943.11
1933.21
1930.23
1933.09
1954.89
1934.04
1941
1922.6
1928
1933
1946.04
1940.62
1931.24
1963.22
1934.64
1939.14
1934.59
1938.31
1934.52
1925.31
1939.56
1929.53
1940.63
1945.28
1909.78
1930.6
1950.6
1943.41
1946.76
1939.85
1945.67
1925.08
1932.02
1929.12
1939.74
1921.62
1924.46
1941
1923.39
1947.63
1928.77
1943.29
1955.8
1926.26
1957.09
1941.97
1944.68
1948.36
1933.11
1963.23
1936.21
1937.59
1947.56
1931.4
1954.98
1916.29
1953.63
1924.51
1935.42
1951.76
1924.93
1934.31
1938.07
1924.76
1935.37
1940.52
1921.25
1941.97
1940.52
1940.71
1949.52
1927.82
1934.9
1942.3
1952.66
1930.39
1944.31
1948.78
1951.94
1942.84
1924.87
1949.14
1940.64
1947.56
1918.53
1944.06
1934.32
1929.59
1955.78
1929.07
1945.78
1936.19
1941.47
1948.42
1938.77
1938.05
1933.37
1951.97
1923.28
1966.94
1941.72
1953.82
1933.12
1943.53
1976.51
1928.21
1956.28
1950.19
1961.76
1953.6
1946.59
1938.06
1947.32
1934.42
1934.48
1947.47
1953.45
1946.08
1931.47
1947.13
1938.97
1937.13
1941.13
1943.1
1933.35
1950.13
1947.37
1927.12
1956.78
1931.17
1945.84
1928.67
1937.38
1945.16
1929.15
1942.2
1932.95
1957.1
1953.21
1943.39
1941.76
1931.85
1947.1
1956.83
1923.41
1965.28
1943.52
1941.34
1960.04
1933.91
1945.57
1934.08
1927.65
1945.34
1935.22
1967.71
1930.53
1955.72
1940.93
1969.09
1945.89
1947.38
1955.14
1937.79
1968.13
1940.09
1954.39
1923.99
1965.37
1945.67
1937.75
1945.34
1950.81
1936.73
1927.09
1957.79
1939.49
1951.74
1942.06
1938.2
1951.45
1925.61
1944.32
1929.99
1931.76
1948.76
1946.93
1940.45
1944.35
1930.79
1940.78
1928.38
1945.15
1929.3
1945.4
1923.64
1960.12
1935.9
1945.04
1956.17
1917.87
1941.09
1915.91
1931.99
1937.27
1933.82
1943.58
1937.81
1951.43
1938.01
1923.93
1928.71
1954.97
1928.49
1952.96
1936.33
1940.57
1949.54
1921.86
1916.74
1928.18
1935.21
1958
1929.97
1926.25
1945.06
1930.43
1930.32
1923.89
1950.97
1949.8
1942.33
1931.86
1934.73
1964.83
1944.79
1931.14
1935.6
1960.85
1942.52
1951.91
1943.99
1963.92
1948.28
1947.09
1938.05
1936.06
1965.13
1943.56
1924.9
1915.92
1940.75
1945.38
1946.62
1947.25
1923.91
1943.04
1938.49
1936.91
1950.01
1942.31
1924.94
1935.77
1937.1
1938.41
1934.29
1932.77
1948.06
1950.46
1945.43
1938.74
1932.78
1937.64
1943.86
1951.88
1937.91
1948.08
1944.09
1936.17
1939.34
1946.05
1951.07
1951.28
1938.13
1937.02
1950.91
1933.28
1937.91
1939.42
1937.54
1945.25
1928.76
1917.3
1936.04
1928.77
1912.17
1951.73
1928.13
1955.82
1951.37
1928.43
1941.06
1917.86
1958
1924.76
1948.48
1946.63
1949.66
1944.3
1937.6
1941.25
1930.38
1934.23
1945.7
1954.88
1937.86
1931.67
1926.31
1961.96
1948.31
1943.92
1942.53
1929.56
1955.23
1930.64
1938.13
1937.44
1941.78
1942.25
1938.4
1941.35
1939.02
