0.471851
0.464642
0.472744
0.475418
0.476185
0.471268
0.464454
0.472111
0.472472
0.46723
0.469624
0.467675
0.468478
0.467006
0.464945
0.468067
0.469516
0.470136
0.469568
0.470182
0.470112
0.465377
0.461725
0.467133
0.458852
0.457868
0.460408
0.451425
0.444267
0.440447
0.430709
0.450064
0.449521
0.455188
0.446893
0.445135
0.444582
0.441865
0.444295
0.445458
0.455406
0.456425
0.458222
0.449971
0.450711
0.450112
0.455697
0.457648
0.458257
0.4762
0.466153
0.467604
0.457591
0.452064
0.462923
0.455516
0.456272
0.457991
0.464866
0.457297
0.446618
0.448751
0.448947
0.451216
0.455168
0.457063
0.447143
0.449488
0.438183
0.442268
0.450438
0.460219
0.45858
0.446765
0.45088
0.44782
0.451421
0.443813
0.455572
0.463227
0.451976
0.45513
0.445363
0.450504
0.450474
0.448043
0.462362
0.4586
0.455573
0.453573
0.454934
0.459372
0.451801
0.453064
0.455408
0.451096
0.442545
0.444943
0.43984
0.442644
0.442926
0.445239
0.444719
0.441122
0.441736
0.44028
0.443526
0.437965
0.443735
0.448971
0.449698
0.44588
0.453533
0.455335
0.454035
0.45251
0.454117
0.457143
0.459522
0.452855
0.446608
0.460656
0.458477
0.462833
0.450941
0.442955
0.446347
0.439385
0.442333
0.448007
0.454348
0.451344
0.451321
0.453096
0.44685
0.440673
0.44774
0.450965
0.442913
0.441836
0.441832
0.433704
0.444603
0.446457
0.436369
0.430535
0.425179
0.431313
0.42508
0.425833
0.431479
0.433624
0.429769
0.429073
0.430168
0.431252
0.436382
0.435621
0.439304
0.437846
0.423171
0.428767
0.430115
0.442537
0.438008
0.436243
0.442605
0.434707
0.442134
0.451469
0.445148
0.446416
0.44859
0.459674
0.448647
0.453125
0.44876
0.457459
0.46255
0.466409
0.458085
0.45656
0.467098
0.455719
0.463787
0.466289
0.460187
0.464471
0.470179
0.466454
0.466736
0.463329
0.464311
0.457449
0.457028
0.461127
0.456233
0.458279
0.453575
0.444935
0.444778
0.44306
0.441602
0.440068
0.435137
0.439195
0.444323
0.447358
0.450088
0.431554
0.443638
0.445716
0.438672
0.451646
0.446925
0.44499
0.445054
0.440465
0.459062
0.445662
0.446222
0.452702
0.445389
0.456479
0.452277
0.464595
0.457176
0.452154
0.462749
0.462401
0.469149
0.465977
0.466687
0.465557
0.474425
0.466763
0.466344
0.465126
0.466589
0.454964
0.444177
0.449924
0.449745
0.456072
0.442329
0.450565
0.450152
0.449682
0.453252
0.446633
0.453142
0.458155
0.456197
0.439558
0.45213
0.446094
0.443209
0.44607
0.440945
0.448562
0.453947
0.459299
0.453987
0.447001
0.44819
0.447342
0.452779
0.444012
0.466006
0.448352
0.458322
0.452051
0.451543
0.451683
0.445827
0.458072
0.451309
0.453898
0.445561
0.444929
0.438662
0.448629
0.451711
0.452314
0.445254
0.450131
0.44092
0.445762
0.446565
0.449409
0.446793
0.45095
0.447619
0.44988
0.45293
0.448302
0.449763
0.452895
0.446347
0.450846
0.451885
0.445216
0.444187
0.4476
0.452136
0.455482
0.46523
0.476773
0.47245
0.476852
0.4699
0.467926
0.478246
0.460107
0.46691
0.456633
0.454688
0.460486
0.45717
0.46404
0.458817
0.454934
0.467651
0.468871
0.472058
0.470255
0.468859
0.463568
0.469952
0.463943
0.470759
0.466096
0.465613
0.464067
0.458192
0.466204
0.456979
0.470901
0.467674
0.458275
0.459668
0.458361
0.452365
0.460016
0.467875
0.463191
0.463069
0.468623
0.45977
0.465234
0.461312
0.461846
0.456334
0.454405
0.45484
0.452206
0.447076
0.450185
0.438723
0.445355
0.441874
0.448651
0.447203
0.446867
0.442488
0.460484
0.447169
0.449704
0.463851
0.449153
0.449972
0.438292
0.443699
0.448359
0.445201
0.448216
0.443184
0.44456
0.439838
0.432314
0.436744
0.443493
0.442186
0.448303
0.441185
0.44236
0.442298
0.429211
0.423974
0.435223
0.451054
0.457087
0.44487
0.441906
0.446952
0.448589
0.450746
0.450907
0.461576
0.462696
0.4606
0.454496
0.458432
0.465201
0.45774
0.45354
0.442513
0.458907
0.450412
0.452814
0.448917
0.456183
0.452334
0.44865
0.453024
0.455364
0.449795
0.443616
0.439523
0.438176
0.443859
0.454321
0.451653
0.457026
0.453369
0.451965
0.449041
0.447619
0.450431
0.44697
0.441284
0.450482
0.449882
0.454045
0.453651
0.448313
0.455061
0.460985
0.452243
0.447757
0.448772
0.447829
0.445958
0.457339
0.453612
0.452711
0.460257
0.463922
0.463067
0.464269
0.464423
0.472984
0.465918
0.46287
0.466945
0.466346
0.463167
0.464113
0.458575
0.456356
0.452053
0.443747
0.451921
0.443664
0.446148
0.450942
0.446589
0.459825
0.452078
0.444196
0.44092
0.442101
0.453546
0.445542
0.458187
0.459986
0.460739
0.451519
0.450154
0.445459
0.438374
0.442847
0.442426
0.448037
0.444746
0.442221
0.439095
0.455131
0.452317
0.453796
0.466081
0.454156
0.462904
0.461947
0.462109
0.464659
0.474585
0.470523
0.468971
0.47114
0.474924
