1967.58
1976.44
1993.58
2008.03
1978.79
1984
1973.87
1980.85
1987.61
1970.53
1957.92
1964.17
1975.06
1976.05
1984.2
1980.13
1974.43
1998.64
1973.09
1936.63
1960.41
1985.03
1969.51
1941.68
1963.62
1977.72
1948.23
1963.09
1974.57
1947.12
1944.03
1986.09
1948.24
1955.6
1986.85
1972.52
1981.34
1989.6
1971.03
1955.81
1968.05
1986.2
1966.27
1956.83
1973.44
1958.44
1970.37
1977.4
1969.79
1950.2
1960.53
1976.23
1970.97
1988.29
1994.29
1941.58
1952.29
1969.16
1964.96
1963.54
2005.27
2003.59
1954.72
1972.51
1981.1
1961
1971.72
1991.92
1995.31
1965.56
1975.34
1986.99
1971.43
1965.61
1954.3
1956.75
1987.25
1991.37
1947.23
1966.07
1984.68
1953.33
1981.68
1989.01
1957.38
1961.11
1944.63
1943.5
1965.92
1968.94
1972.61
1972.08
1938.01
1969.65
1991.37
1991.32
1956.04
1965.78
1994.37
1962.43
1955.01
1980.53
1959.09
1952.56
1967.77
1963.69
1959.49
1968.59
1952.16
1957.8
1985.92
1966.76
1962.65
1979.81
1978.59
1961.15
1963.74
1971.41
1965.4
1948.41
1979.67
1981.68
1963.95
1980.71
1996.39
1951.75
1936.13
1966.33
1976.16
1967.38
1975.11
1957.48
1966.28
1966.58
1948.67
1958.36
1974.61
1967.27
1981.72
2000.19
1960.3
1957.56
1983.72
1975.75
1979.18
1983.7
1966.23
1984.29
1963.78
1984.31
1992.12
1950.56
1951.34
1990.3
1953.84
1964.08
1977.77
1981.17
1958.68
1968.96
1967.84
1977.65
1986.76
1989.72
1930.06
1953.13
1985.04
1970.33
1963.44
1982.01
1990.4
1976.98
1975.91
1971.53
1961.11
1982.2
1978.81
1942.93
1944.39
1969.99
1976.07
1936.78
1979.68
1979.89
1957.13
1955.28
1958.04
1964.15
1961.46
1948.8
1986.71
1977.2
1938.48
1950.15
1972.46
1946.6
1952.65
1973.55
1954.86
1967.07
1977.49
1954.45
1962.28
1967.23
1967.41
1975.02
1938.25
1967.81
1966.97
1960.67
1978.28
1966.92
1938.36
1950.6
1956.42
1953.84
1957.45
1960.17
1977.54
1982.47
1942.9
1964.84
1961.53
1979.67
1966.62
1957.47
1965.25
1991.64
1978.27
1951.29
1967.71
1970.52
1963.83
1960.54
1986.74
1983.22
1966.91
1972.04
1978.47
1968.5
1970.58
1991.2
1981.89
1963.99
1942.06
1973.26
1940.98
1951.61
1983.51
1971.73
1955.05
1969.52
1998.22
2004.48
1991.76
1969.35
1965.02
1978.67
1982.96
1980.16
1946.95
1982.18
2015.93
1971.35
1975.48
1986.22
1975.99
1974.01
1970.49
1993.89
2012.23
1979.26
1985.17
1981.25
1972.81
1955.46
1982.6
1998.02
1962.02
1957.45
1966.88
1955.54
1963.41
1981.68
1981.52
1976.26
1976.13
1985.08
1981.94
1969.95
1977.64
1983.45
1965.01
1954.53
1985.78
1986.31
1960.03
1971.67
1987.75
1983.67
1967.11
1964.57
1965.22
1970.12
1995.6
1987.13
1949.07
1951.28
1987.61
1943.2
1954.52
1981.84
1971.14
1942.94
1955.68
1987.94
1972.45
1958.4
1990
1963.85
1935.34
1985.19
2004.89
1967.77
1998.04
1987.84
1973.9
1977.77
1992.64
1977.08
1971.89
1987.52
2002.81
1984.85
1972.3
1973.3
1979.08
1979.07
1982.63
1962.36
1979.87
1974.67
1969.32
1978.49
1993.29
1961.46
1964.56
1970.56
1992.67
1993.24
1956.58
1986.19
2018.96
1968.26
1934.48
1975.93
1988.91
1963.26
1969.88
1984.26
1958.92
1969.7
1967.33
1961.83
1940.03
1954.13
1997.26
1972.98
1961.56
1955.53
1964.97
1967.21
1983.69
1978.14
1983.81
1959.81
1956.97
1979.75
1970.35
1920.52
1961.19
1995.71
1994.97
1945.05
1920.26
1947.37
1965.84
1977.05
1981.35
1956.04
1971.98
1981.52
1972.74
1999.17
1974.05
1929.92
1959.05
1983.98
1974.27
1979.07
1956.07
1967.98
1979.99
1976.53
1957.36
1967.55
1984.71
1974.81
1972.21
1982.23
1976.22
1973.53
1981.85
1965.95
1969.7
1974.8
2009.11
1974.23
1943
1985.24
1986.22
1945.54
1973.23
2007.41
1990.35
1955.06
1969.86
1987.02
1966.71
1956.73
1967.79
1982.03
1960.32
1973.64
1987.34
1991.92
1971.1
1984.75
1987.29
1978.76
1959.62
1981.13
1983.23
1966.81
1988.09
1966.2
1952.65
1971
1981.26
1964.43
1990.77
1971.61
1964.41
1966.78
1978.12
1974.76
2005.77
1993.52
1951.35
1951.58
2008.33
1988.69
1981.19
2018.6
2006.26
1976.7
1967.54
2004.58
1997.76
1976.98
2032.69
2007.14
1970.66
1979.25
1989.58
1967.23
1990.99
2005.66
1982.28
1978.39
2006.63
1999.06
1962.95
1983.66
1994.31
1978.66
1960.89
1978.1
1973.86
1970.31
1993.75
1986.31
1981.52
1992.92
1988.84
1963.85
1978.24
1979.65
1986.57
1974.22
1987.18
