0.483509
0.477547
0.482039
0.480258
0.476985
0.47912
0.482796
0.475638
0.471343
0.47342
0.472157
0.473874
0.48987
0.48302
0.483604
0.489083
0.492087
0.49987
0.492549
0.481437
0.481329
0.486928
0.491338
0.483637
0.484334
0.486296
0.488142
0.489265
0.488532
0.49117
0.488938
0.502477
0.488741
0.487556
0.495416
0.495361
0.492301
0.499236
0.491456
0.482389
0.484558
0.489841
0.492444
0.48771
0.498324
0.493438
0.490805
0.490272
0.491142
0.48536
0.488195
0.486588
0.48359
0.484021
0.481204
0.465926
0.470193
0.473382
0.472845
0.482298
0.493057
0.489216
0.478467
0.487797
0.480141
0.47649
0.478075
0.477712
0.476192
0.473114
0.479139
0.481032
0.478897
0.486289
0.486398
0.491152
0.504477
0.505557
0.493664
0.500962
0.501003
0.493439
0.493279
0.491866
0.48805
0.489578
0.47475
0.473664
0.483506
0.474441
0.477139
0.470747
0.489518
0.489873
0.502781
0.500027
0.489484
0.496511
0.509398
0.493457
0.496484
0.495445
0.493228
0.486286
0.487139
0.486228
0.477148
0.470636
0.466622
0.470715
0.475831
0.476211
0.472752
0.477863
0.474377
0.482065
0.481882
0.489616
0.488649
0.486152
0.495898
0.496698
0.48975
0.489991
0.496432
0.48219
0.470586
0.485302
0.485076
0.478431
0.479855
0.471335
0.47747
0.47921
0.473708
0.472385
0.475515
0.466141
0.474165
0.484176
0.470405
0.476796
0.48156
0.481749
0.495671
0.499776
0.493683
0.496854
0.495306
0.493727
0.492368
0.478154
0.487939
0.495199
0.480743
0.476283
0.488589
0.486497
0.484201
0.475445
0.477171
0.476807
0.47792
0.472595
0.46782
0.46888
0.473339
0.470037
0.465997
0.469351
0.463219
0.468349
0.470025
0.468076
0.464871
0.467588
0.464363
0.469543
0.468203
0.476029
0.474019
0.48071
0.478716
0.47101
0.468612
0.476625
0.46761
0.474328
0.471575
0.468618
0.476638
0.474175
0.472003
0.476632
0.473553
0.47927
0.471547
0.479054
0.475322
0.480505
0.479118
0.475433
0.475965
0.47974
0.479928
0.482798
0.484388
0.485586
0.490302
0.485777
0.48933
0.472523
0.46623
0.46481
0.468304
0.465468
0.47174
0.478168
0.484716
0.484896
0.481189
0.488734
0.483945
0.485005
0.483178
0.484704
0.473377
0.48458
0.489232
0.484501
0.483013
0.491748
0.487749
0.48261
0.492992
0.49463
0.489073
0.485023
0.489806
0.490685
0.489674
0.492258
0.488862
0.485532
0.472456
0.474793
0.469118
0.473975
0.473118
0.477109
0.474986
0.48941
0.503043
0.491954
0.501061
0.49849
0.490782
0.494368
0.494602
0.482291
0.478147
0.490132
0.494644
0.485247
0.48622
0.48143
0.473284
0.472786
0.489439
0.495787
0.502319
0.495939
0.494588
0.484472
0.484314
0.482925
0.481313
0.494446
0.474192
0.46983
0.47364
0.474376
0.473252
0.479777
0.485556
0.486114
0.481143
0.490106
0.486203
0.485849
0.483577
0.47688
0.482859
0.470692
0.478878
0.475278
0.472051
0.488943
0.491315
0.485316
0.483436
0.478906
0.470219
0.475233
0.484671
0.482577
0.463149
0.465351
0.486319
0.480306
0.476223
0.477856
0.477494
0.467356
0.464374
0.473037
0.476206
0.475781
0.486343
0.481862
0.483363
0.49316
0.510151
0.495136
0.502079
0.498999
0.479971
0.482718
0.495167
0.478387
0.476062
0.484286
0.474823
0.478847
0.489922
0.492272
0.486125
0.49135
0.493231
0.494574
0.498795
0.497802
0.493565
0.501138
0.495157
0.491194
0.491402
0.494026
0.490649
0.485553
0.483365
0.492422
0.493576
0.492247
0.471176
0.482683
0.486194
0.469163
0.465552
0.461811
0.462608
0.462265
0.464422
0.465895
0.471907
0.480864
0.491349
0.488556
0.488715
0.494556
0.495214
0.496474
0.502419
0.504628
0.503029
0.493499
0.493231
0.495596
0.492959
0.482981
0.486328
0.497274
0.492433
0.485296
0.470946
0.477674
0.481914
0.486879
0.490655
0.485209
0.485575
0.488512
0.486635
0.495833
0.484656
0.463684
0.466061
0.488572
0.477861
0.487999
0.479952
0.482543
0.497545
0.499582
0.490891
0.490381
0.487388
0.489134
0.471219
0.47888
0.484564
0.480141
0.480994
0.478584
0.483058
0.492322
0.512369
0.499872
0.493501
0.502575
0.49312
0.475029
0.481526
0.49287
0.489273
0.480916
0.487729
0.500454
0.5043
0.495823
0.504571
0.506081
0.507797
0.501785
0.510974
0.500011
0.490213
0.499213
0.487639
0.475001
0.464599
0.471267
0.47391
0.467804
0.474461
0.471933
0.472535
0.477124
0.493135
0.493394
0.501614
0.504741
0.499701
0.504948
0.507124
0.50321
0.515546
0.502149
0.499706
0.496852
0.508941
0.499415
0.492427
0.498741
0.483993
0.479787
0.478046
0.482246
0.477837
0.472369
0.489362
0.495536
0.488365
0.484791
0.490461
0.481622
0.490599
0.503235
0.49801
0.497033
0.505248
0.495428
0.488072
0.492205
0.505091
0.495342
0.485861
0.489861
0.486271
0.486654
0.48794
0.490362
0.482034
0.496438
0.489667
0.478899
0.484212
0.485626
0.487601
0.483381
0.493732
