0.652177
0.651245
0.647942
0.644098
0.649915
0.649802
0.651069
0.652457
0.65133
0.653402
0.655856
0.653478
0.649833
0.650077
0.646535
0.646788
0.646227
0.640833
0.646298
0.654984
0.648898
0.644859
0.64789
0.65545
0.651066
0.647753
0.653498
0.650635
0.647518
0.653541
0.653798
0.643479
0.652016
0.650182
0.642557
0.646666
0.645947
0.641647
0.64977
0.653
0.651452
0.644426
0.647789
0.650661
0.642821
0.646484
0.64384
0.641821
0.644077
0.648316
0.6466
0.643255
0.646553
0.643223
0.641446
0.656757
0.652923
0.650638
0.651377
0.653123
0.640224
0.642525
0.654173
0.649177
0.647726
0.65269
0.654012
0.648926
0.648199
0.654528
0.651168
0.645834
0.649408
0.649133
0.651045
0.649493
0.64225
0.640218
0.65024
0.64476
0.64271
0.651888
0.643315
0.645162
0.654304
0.652262
0.656486
0.657287
0.651491
0.65059
0.649706
0.650739
0.657109
0.649828
0.642427
0.641966
0.652388
0.647854
0.641934
0.648485
0.651918
0.645211
0.652166
0.653251
0.64937
0.652643
0.655283
0.654434
0.658635
0.657156
0.64939
0.651671
0.65362
0.648722
0.647164
0.649289
0.649536
0.646765
0.648728
0.653431
0.644622
0.645596
0.651353
0.646951
0.642586
0.653269
0.657337
0.649767
0.646634
0.649345
0.648807
0.651341
0.649954
0.649681
0.653004
0.65201
0.649821
0.653594
0.651672
0.64577
0.655463
0.655767
0.647203
0.648333
0.644916
0.643622
0.647514
0.646065
0.650777
0.645432
0.641119
0.653904
0.651721
0.645532
0.651075
0.650174
0.646079
0.646801
0.651934
0.650618
0.651059
0.651556
0.648644
0.651015
0.663361
0.659728
0.648584
0.654558
0.657372
0.652674
0.652679
0.654783
0.653156
0.651604
0.656096
0.649432
0.648917
0.657376
0.655698
0.64912
0.648356
0.655281
0.646869
0.646837
0.654415
0.653204
0.652966
0.653557
0.653131
0.657251
0.647592
0.650253
0.658894
0.655293
0.649699
0.655163
0.654582
0.649892
0.654294
0.65001
0.648413
0.653439
0.649908
0.650352
0.648013
0.646923
0.653057
0.646642
0.645861
0.64776
0.643056
0.648292
0.656328
0.652597
0.651998
0.651674
0.650783
0.651096
0.646427
0.643437
0.650472
0.64725
0.648834
0.645354
0.648484
0.653319
0.651349
0.641793
0.644548
0.65153
0.647325
0.645317
0.647874
0.648557
0.641661
0.640883
0.646801
0.64533
0.641751
0.646036
0.644647
0.642617
0.645035
0.652892
0.658263
0.65081
0.659394
0.657559
0.648887
0.650445
0.654756
0.650443
0.640105
0.638949
0.641971
0.645951
0.645907
0.64392
0.644289
0.646913
0.655308
0.646084
0.636148
0.648467
0.649226
0.647377
0.647955
0.650047
0.649043
0.640733
0.637046
0.645241
0.64296
0.644
0.646275
0.649514
0.645457
0.64247
0.651635
0.6513
0.650283
0.652085
0.650112
0.646829
0.645995
0.645939
0.648455
0.642718
0.643764
0.647663
0.64726
0.646564
0.652364
0.655772
0.648043
0.649444
0.652472
0.647656
0.643172
0.644941
0.649517
0.650093
0.653596
0.650909
0.645111
0.646529
0.655656
0.652554
0.644982
0.654444
0.653055
0.647335
0.650619
0.658313
0.655363
0.648294
0.652379
0.655063
0.648377
0.652331
0.65858
0.642793
0.63772
0.64898
0.64067
0.63928
0.648651
0.64634
0.642207
0.650102
0.651876
0.647688
0.646557
0.649477
0.647723
0.64463
0.642496
0.641091
0.639997
0.644999
0.642883
0.643496
0.644292
0.641207
0.639527
0.648081
0.64645
0.645715
0.643366
0.641193
0.650991
0.64308
0.634147
0.646018
0.657928
0.646387
0.645147
0.653647
0.652988
0.648895
0.657144
0.658352
0.656013
0.653222
0.657615
0.652991
0.642449
0.646122
0.648639
0.647045
0.645512
0.645217
0.641563
0.643378
0.64211
0.64573
0.649459
0.643669
0.645084
0.659101
0.647712
0.641498
0.641034
0.653896
0.662496
0.655957
0.651568
0.648347
0.646755
0.654014
0.647342
0.647545
0.650727
0.644707
0.652009
0.66209
0.653706
0.64883
0.648724
0.647542
0.64937
0.647956
0.644498
0.644539
0.651876
0.651195
0.647671
0.649447
0.65221
0.650824
0.651444
0.651891
0.650736
0.653316
0.649335
0.647273
0.638862
0.644832
0.652481
0.6407
0.643521
0.656802
0.651401
0.643172
0.646538
0.657079
0.649268
0.644081
0.646441
0.648081
0.644772
0.639555
0.644614
0.643038
0.637998
0.640652
0.650058
0.646351
0.645969
0.650525
0.65648
0.651435
0.651319
0.654832
0.649158
0.65546
0.655331
0.649726
0.64553
0.647218
0.638605
0.641913
0.645052
0.642311
0.63824
0.63923
0.629753
0.633942
0.643712
0.64808
0.634651
0.64075
0.646458
0.637606
0.643949
0.653068
0.655446
0.647665
0.651548
0.657678
0.638927
0.64442
0.653882
0.649764
0.64769
0.652655
0.64479
0.63986
0.641888
0.645162
0.636651
0.641197
0.649494
0.643364
0.638828
0.644673
0.648334
0.645081
0.645045
0.647962
0.642839
0.644422
0.649332
0.643921
0.645336
0.652887
0.649165
0.648648
0.647387
0.650281
0.64745
