74261
74367.3
74746.4
75192.5
74519.5
74532.4
74387.5
74229.2
74357.6
74121.8
73844.5
74113.1
74529
74501
74909.1
74879.8
74944.7
75575.6
74936.6
73942.8
74636.3
75103.8
74752.4
73890.2
74387.8
74768.2
74111
74437
74795.4
74106
74076.9
75264.9
74279.4
74488.9
75372.8
74893.9
74977.3
75479.7
74536.1
74167.4
74343.7
75154.2
74764
74434.1
75341.8
74915
75222.7
75459.3
75195
74703.3
74901.6
75291.1
74907
75294.8
75503.3
73743.1
74176.2
74436.7
74352.3
74153.4
75647.5
75376.6
74034.5
74604.2
74771.3
74202.7
74052.7
74633
74716.8
73994.3
74376.1
74990.4
74577.6
74609.2
74390.2
74567.9
75408.9
75648.3
74482.3
75115.3
75354.8
74294
75284.1
75068.5
74019.6
74251.3
73773.6
73683.7
74339.2
74442.2
74543.4
74425.2
73703.6
74529.4
75388.1
75442.2
74237.1
74756.6
75445.9
74683.8
74290.5
75062.8
74262.2
74138.9
74582.1
74208.1
73909.1
74005
73532.9
73698.4
74579.7
74318.7
74097.1
74656.6
74836.2
74591.3
74563
74882.4
74655.9
74118.5
75131.4
75018
74355
74860.9
75369.4
74136.9
73678.1
74536.5
74897.7
74584.9
74646.8
74356.3
74515
74546.4
74167
74280
74530.3
74100.1
74318.6
74997.8
73888.8
73854.6
74831.8
74701.4
75097.1
75248.2
74795.8
74963.5
74420.8
75037.1
75541.8
74065
74313
75025.5
74386.7
74489.8
74962
74878.3
74288.7
74438.9
74388.5
74331.8
74665.5
74393.6
73009
73411.1
74672.4
73990.9
73674.2
74204.4
74203.9
73965.5
74149.7
74326.4
73817.4
74574.9
74634.1
73673.7
73862.3
74610.8
74698.6
73909.3
74870.4
74874.1
74007.1
74144.2
74171.3
74104.3
74152.6
73687.7
74786.8
74480.8
73504
73908
74544.3
73922.6
73988.2
74522.2
74020.8
74508.6
74692.1
74117.6
74520.3
74469.4
74738.2
74864.1
74161
74896.7
74987.3
74767.4
75314.3
74706
73791.3
74213.3
74281.4
74318.4
74420.1
74384.3
74921.6
75269.8
74455.7
74826.3
74643.6
75046.2
74683.9
74131.2
74355.4
75462.5
75140
74334.8
74817.7
75050.5
74754.3
74675.5
75478.1
75569.7
74878.2
75048.9
75467.5
74966.9
75128.5
75365.8
75083.3
74179.7
73574.5
74417
73448.3
73653.2
74637.6
74458.8
73968.6
74459
75661.6
75798.4
75441.7
74976.8
74981.9
75213.3
75170.2
74865.3
73906.3
74961.4
76132.2
74685.9
74598.6
74811.7
74744.9
74504.4
74619.7
75587.4
76024.9
75059.3
75325.6
75203.9
74939.2
74565.5
75034.2
75383.1
74322.8
74361
74477.3
74271.5
74497
74875.1
74971.7
74978.2
74687.2
75354
75231.5
74778.6
74825.2
74905.7
74239.7
73854
74734.8
74573.6
74227.4
74779.4
75300.8
75094.3
74565.1
74499.1
74099.8
74405.7
75074.5
74909.8
73867
74218.1
75089.5
74003.8
74161.2
74816.5
74438.8
73568.8
73900
74705.8
74238.1
73933.9
74696.3
74243.5
73539
75345.1
75944.5
74626.9
75594.8
75759.2
74664.7
74931.7
75413.9
74498.1
74295.3
74775.7
74906.5
74569.8
74771.7
75130.4
75380
75545.2
75674.3
75087.4
75334.6
75262.8
75169.9
75531.5
75729.9
74730.4
74918.9
75004.2
75278
75533.1
74396.3
75311.5
76372.4
74969.1
73611.9
74926.2
75070.3
74094.1
74168.8
74636.6
73699.8
73564.5
73826.8
74142.2
73646.9
74168.4
75385.6
74957
74666
74850
75027.8
75062.1
75489.6
75276.6
75425.3
75002.5
74571.8
75242.6
75077.6
73480.9
74773
75497.3
75551.9
74065.8
73104.4
73833.1
74330.5
74699.7
74883.6
74052.5
74815.7
74792.2
74426.5
75121.5
74280.2
73149.2
74087.3
74644.1
74656.3
74792.6
74582
74744.8
75145.8
75141.1
74295.4
74373.1
74777.7
74573.2
74257.3
74415.4
74344.6
74293.6
74425.5
74131.5
74586
74823.6
75808.7
75107
74226.5
75591.3
75259.9
73738.1
74349.5
75300.7
74908.8
73707
74593.8
75194.5
74920
74730.4
75113.9
75726.6
75132.3
75316.5
75911.5
75597
74503.1
74930.5
74974.7
74449.6
73774.3
74345.7
74358.9
73959.9
74606.4
73889
73903.6
74541.2
75025.7
74830
75839.3
75448.4
75081.3
75401.7
75882.7
75765.1
76905.3
76397.1
75237.6
74730.5
76311.8
75585.4
74918
75958.1
75209.9
74159.7
73890.6
74778.4
74332.7
73639.9
75801.1
75155
74067.4
74536.8
74775.5
74206.6
75111.8
75690.6
75451.4
75068.5
76072
75532.7
74567.8
75278.3
75812.8
75125.5
74701.2
75077.9
75082.1
74744.1
75339.8
75154.7
74586.4
75213.2
75048.2
74180.3
74605.6
74665.1
74810.5
74477.5
74803.2
