2040.37
2046.3
2025.43
2061.73
2056.78
2054.01
2057.21
2045.05
2051
2053.94
2037.46
2050.1
2044.84
2046.67
2052.1
2023.15
2046.58
2068.29
2058.66
2052.57
2064.49
2050.3
2059.28
2060.16
2035.3
2058.57
2022.84
2053.69
2060.74
2037.18
2046.01
2018.65
2052.58
2049.94
2061.83
2048.71
2035.33
2032.34
2047.39
2029.56
2051.4
2050.89
2036.51
2043.49
2029.34
2066.25
2047.3
2055.86
2066.23
2038.58
2064.29
2045.51
2086.27
2047.44
2052.85
2062.58
2054.38
2040.42
2056.48
2033.66
2063.14
2072.39
2058.33
2067.29
2052.51
2040.83
2060.03
2043.38
2050.69
2038.87
2059.29
2069.86
2036.74
2047.64
2042.73
2061.28
2055.96
2075.34
2052.02
2060.45
2041.85
2061.69
2065.96
2050.12
2085.99
2055.74
2055.73
2077.32
2036.32
2084.27
2035.34
2076.11
2053.34
2042.7
2059.77
2064.46
2061.4
2054.24
2055.07
2033.75
2048.99
2040.67
2045.71
2035.53
2040.92
2055.01
2043.42
2035.13
2054.04
2019.81
2035.4
2041.06
2036.74
2029.43
2039.37
2035.71
2037.67
2022.9
2050.16
2041.9
2053.83
2035.54
2032.37
2035.24
2041.63
2052.19
2050.18
2051.24
2046.9
2055.96
2063.16
2044.72
2047.17
2064.97
2060.96
2058.29
2045.86
2047.43
2048.38
2048.02
2059.48
2040.23
2063.92
2060.68
2062.01
2042.46
2049.44
2047.69
2065.17
2058.06
2060.17
2066.36
2054.72
2055.31
2066.85
2035.79
2037.9
2035.63
2029.32
2016.46
2037.71
2045.65
2046.11
2034.7
2051.83
2042.64
2047.05
2058.9
2024.29
2031.73
2039.04
2015.84
2025.3
2043.68
2060.03
2027.53
2053.72
2048.14
2047.06
2048.28
2040.33
2053.15
2056.24
2037.31
2053.85
2046.54
2043.14
2049.28
2031.15
2040.77
2049.81
2027.3
2075.81
2043.99
2052.83
2059.56
2022.88
2046.32
2047.7
2041.65
2036.73
2042.18
2051.34
2056.68
2037.71
2047.02
2059.66
2048.18
2063.75
2052.84
2032.33
2072.36
2034.38
2073.89
2035.5
2040.15
2058.04
2042.69
2057.78
2056.51
2076.43
2039.19
2044.71
2045.81
2040.98
2055.5
2047.15
2044.14
2050.87
2039.21
2064.85
2055.18
2053.72
2046.75
2036.66
2047.74
2029.68
2043.07
2056.88
2050.96
2036.35
2059.4
2033.47
2062.52
2038.15
2056.29
2053.42
2039.08
2081.83
2040.5
2050.3
2051.79
2049.21
2043.55
2040.18
2028.08
2052.64
2040.9
2024.49
2063.38
2047.71
2042.95
2034.31
2049.02
2052.34
2014.48
2036.67
2045.58
2052.8
2057.08
2058.48
2053.21
2073.3
2052.19
2048.45
2053.2
2057.15
2055.91
2035.38
2044.56
2056.52
2054.26
2050.46
2035.9
2042.7
2070.51
2045.89
2060.27
2032.12
2047.98
2048.48
2024.93
2057.06
2029.66
2053.9
2045.98
2042.49
2060.68
2050.31
2067.22
2050.03
2042.41
2043.59
2063.22
2055.53
2055.54
2044.49
2067.87
2039.45
2048.37
2050.77
2067.72
2070.95
2027.9
2074.4
2051.38
2072.15
2058.89
2042.2
2057.52
2067.71
2016.08
2052.01
2038.38
2047.84
2072.17
2034.77
2068.09
2057.63
2043.02
2053.15
2044
2068.09
2048.18
2034.68
2054.11
2041.66
2069.27
2036.15
2062.9
2058.89
2034.38
2057.93
2048.61
2044.68
2047.81
2067.08
2048.24
2040.54
2010.5
2052.08
2050.14
2032.25
2056.67
2062.77
2021.8
2055.28
2041.18
2015.93
2056.25
2025.47
2043.32
2041.17
2057.03
2058.19
2034.69
2041.26
2077.82
2043.03
2060.35
2041.97
2054.14
2047.5
2061.07
2061.21
2056.7
2056.61
2051.53
2048.12
2061.62
2060.43
2041.76
2060.46
2050.68
2044.53
2046.06
2056.38
2049.36
2053.39
2037.41
2039.87
2055.12
2038.37
2068.93
2038.7
2048.61
2038.4
2030.81
2040.28
2031.63
2045.91
2048.68
2033.32
2056.75
2049.94
2050.3
2045.13
2064.16
2066.9
2068.64
2046.11
2065.59
2065.2
2023.04
2059.36
2035.55
2045.55
2046.31
2032.55
2040.33
2062.53
2052.17
2069.41
2029.23
2062.8
2044.9
2046.37
2051.92
2030.3
2071.21
2048.73
2047.56
2056.05
2040.36
2059.62
2048.83
2046.08
2045.99
2037.9
2068.53
2064.55
2067.7
2038.07
2079.94
2063.37
2058.39
2063.53
2057.93
2058.03
2048.35
2077.77
2051.05
2049.26
2070.03
2064.17
2054.89
2054.68
2044.25
2044.41
2048.32
2039.28
2051.55
2025.3
2064.89
2042.33
2047.8
2038.93
2043.03
2069.93
2025.26
2052.71
2055.2
2061.26
2048.03
2034.52
2053.42
2058.03
2022.69
2041.55
2039.29
2045.33
2050.66
2033.39
2067.23
2049.4
2027.64
2038.54
2032.5
2065.72
2046.29
2043.32
2043.6
2058.49
2049.41
2068.63
2034.39
2068.97
2060.11
2055.76
2042.25
2068.45
