0.495061
0.49308
0.487563
0.495841
0.498385
0.497334
0.492961
0.482276
0.47887
0.478686
0.478501
0.481806
0.479708
0.478309
0.483341
0.479358
0.490836
0.503408
0.508831
0.49839
0.495786
0.499522
0.498253
0.498769
0.498406
0.496008
0.479873
0.505494
0.493745
0.487301
0.482514
0.479398
0.495516
0.490512
0.497346
0.491728
0.486215
0.48931
0.496222
0.482203
0.499554
0.498093
0.485509
0.491151
0.49156
0.496411
0.487477
0.493253
0.495169
0.483036
0.495508
0.488549
0.50233
0.504569
0.505506
0.505124
0.503961
0.49644
0.498066
0.493755
0.502959
0.510558
0.515148
0.516723
0.511566
0.513471
0.513986
0.505849
0.504376
0.499731
0.508799
0.509439
0.505697
0.501553
0.503628
0.512367
0.512573
0.514062
0.510994
0.515715
0.503234
0.505512
0.506818
0.50806
0.513542
0.515815
0.517899
0.522532
0.514372
0.52471
0.515696
0.521781
0.512065
0.509245
0.506197
0.511197
0.505818
0.510759
0.513667
0.515002
0.513596
0.510764
0.511833
0.510916
0.508463
0.50385
0.506383
0.492479
0.505494
0.490863
0.495476
0.493396
0.486741
0.490815
0.499361
0.499423
0.505387
0.494448
0.498361
0.505897
0.504527
0.501249
0.500816
0.499562
0.50254
0.505556
0.508803
0.524274
0.513853
0.520916
0.531237
0.524393
0.516535
0.522442
0.525134
0.501714
0.494279
0.491757
0.501517
0.493011
0.509947
0.507616
0.51436
0.519352
0.519367
0.515316
0.511026
0.508458
0.522014
0.516745
0.513347
0.503711
0.50696
0.51058
0.509974
0.494848
0.494885
0.492435
0.489362
0.487214
0.494742
0.496785
0.500629
0.501747
0.515576
0.509452
0.510135
0.513161
0.500922
0.499122
0.493256
0.492539
0.485132
0.495803
0.492903
0.483877
0.4894
0.487992
0.492226
0.505623
0.499344
0.504148
0.502883
0.504563
0.511117
0.497275
0.494675
0.502245
0.493963
0.494235
0.494164
0.496496
0.50855
0.504047
0.512236
0.514147
0.49724
0.504854
0.50398
0.500035
0.503784
0.497929
0.509829
0.502032
0.505974
0.499971
0.510194
0.505874
0.510598
0.496338
0.491325
0.51055
0.492799
0.494998
0.484359
0.481456
0.48351
0.474702
0.48754
0.488823
0.492356
0.47984
0.477455
0.477785
0.467609
0.476495
0.477239
0.479851
0.488512
0.493738
0.505576
0.502211
0.506252
0.499924
0.505026
0.502836
0.48909
0.498334
0.506459
0.493294
0.492
0.503247
0.502113
0.502032
0.501646
0.502458
0.506116
0.502885
0.522548
0.515175
0.502865
0.510612
0.506736
0.510464
0.498104
0.499222
0.501911
0.488081
0.491163
0.497142
0.483954
0.47024
0.459034
0.466386
0.467921
0.459364
0.468205
0.477003
0.485714
0.492838
0.496979
0.492864
0.500688
0.497323
0.489099
0.489059
0.475764
0.464938
0.464794
0.470274
0.478286
0.484486
0.486996
0.502356
0.506555
0.50664
0.505662
0.504656
0.486576
0.485609
0.478519
0.468798
0.472053
0.472839
0.483252
0.484618
0.48706
0.49302
0.503614
0.512327
0.513665
0.50814
0.50775
0.5051
0.502168
0.496304
0.489286
0.497791
0.482295
0.489204
0.494215
0.510669
0.514524
0.496997
0.503591
0.498416
0.492745
0.501031
0.488223
0.485635
0.48134
0.470979
0.482788
0.474096
0.491194
0.505317
0.495565
0.513665
0.51628
0.512955
0.502558
0.497387
0.510589
0.500386
0.500256
0.496187
0.504803
0.507698
0.501911
0.505215
0.507078
0.498543
0.509067
0.496359
0.499424
0.501624
0.498032
0.498131
0.494008
0.488933
0.497447
0.495078
0.489585
0.491147
0.496944
0.487093
0.50138
0.489562
0.475829
0.487509
0.487231
0.49326
0.490828
0.5043
0.501117
0.50231
0.502212
0.50234
0.486647
0.489676
0.485343
0.485212
0.475182
0.479704
0.488384
0.487475
0.488998
0.486664
0.486035
0.487483
0.483914
0.464938
0.472438
0.469937
0.471895
0.471859
0.474581
0.482496
0.478199
0.469872
0.484306
0.484793
0.489194
0.49443
0.480392
0.478091
0.465545
0.471238
0.475938
0.477872
0.481231
0.492904
0.484207
0.485263
0.489131
0.485888
0.494969
0.491836
0.493542
0.497171
0.481327
0.48271
0.489306
0.467989
0.477594
0.466589
0.474725
0.478028
0.469506
0.472913
0.48761
0.492464
0.493332
0.48576
0.491102
0.494618
0.491708
0.486338
0.485734
0.498455
0.495659
0.487277
0.488044
0.486589
0.496686
0.493476
0.49837
0.483915
0.485651
0.478754
0.474534
0.470732
0.473612
0.483932
0.480649
0.482199
0.485179
0.494922
0.486416
0.486311
0.491469
0.491032
0.488164
0.49096
0.49447
0.4928
0.480156
0.478273
0.481402
0.478481
0.480997
0.485565
0.48445
0.487746
0.483879
0.483387
0.477514
0.47887
0.478793
0.4727
0.481966
0.489703
0.491278
0.486128
0.483382
0.483294
0.490483
0.481029
0.4811
0.487436
0.486793
0.485259
0.478438
0.488297
0.480482
0.469984
0.469977
0.472072
0.482856
0.480775
0.480754
0.485568
0.487567
0.493053
0.491906
0.485024
0.48678
0.489192
0.487497
0.48723
0.495371
