1847.57
1844.51
1835.25
1838.02
1845.42
1841.61
1849.84
1851.61
1852
1842.51
1840.37
1841.63
1841.83
1842.92
1840.91
1841.56
1846.09
1848.16
1842.43
1846.84
1846.77
1841.25
1837.76
1841.27
1844.79
1851.68
1845.18
1840.84
1847.08
1843.64
1840.74
1840.72
1842.26
1848.69
1843.94
1845.39
1847.26
1844.3
1841.38
1840.05
1845.71
1851.85
1854.62
1848.21
1849.39
1849.71
1842.39
1848.24
1842.52
1842.98
1846.33
1840.27
1847.48
1851.58
1852.17
1847.97
1843.78
1841.08
1847.51
1847.2
1842.64
1846.07
1846.42
1846.4
1854.4
1855.21
1851.84
1845.91
1837.85
1844.14
1844.5
1850.54
1847.93
1851.11
1841.85
1849.97
1855.48
1855.43
1846.3
1841.84
1847.4
1852.79
1847.55
1842.58
1838.26
1847.55
1850.92
1848.35
1846.9
1845.95
1843.1
1841.04
1841.72
1849.58
1852.09
1847.69
1837.08
1847.93
1846.37
1841.19
1844.13
1844.23
1842.67
1849.6
1849.66
1845.71
1841.9
1850.92
1847.74
1846.82
1848.64
1839.77
1843.44
1839.47
1845.34
1843.83
1840.25
1845.54
1836.38
1846.17
1848.56
1848.9
1847.5
1844.61
1846.1
1853.44
1851.21
1845.99
1837.73
1849.33
1847.36
1842.97
1842.03
1845.32
1841.62
1841
1845.71
1847.17
1848.58
1848.36
1846.26
1839.66
1846.11
1840.05
1836.82
1838.71
1842.14
1856.86
1854.71
1852.02
1849.55
1840.09
1836.91
1844.82
1843.95
1845.63
1839.99
1849.31
1852.86
1846.53
1850.95
1851.96
1842.5
1840.85
1847.57
1850.03
1851.87
1846.27
1853.89
1848.59
1850.52
1846.54
1847.9
1843.64
1846.43
1850.44
1840.43
1841.91
1846.17
1842.18
1840.63
1850.46
1848.58
1849.34
1848.71
1844.11
1845.78
1837.42
1841.21
1849.4
1851.07
1853.37
1851.13
1844.53
1841.76
1845.02
1848.08
1841.57
1841.88
1851.42
1852.45
1853.09
1850.04
1845.66
1846.35
1843.48
1846.85
1845.33
1846.62
1846.9
1850.17
1850.35
1850.78
1843.49
1838.91
1842.69
1846.16
1840.11
1845.06
1842.73
1851.73
1852.63
1850.13
1838.76
1838.15
1843.7
1843.9
1845.78
1849.61
1847.67
1846.36
1844.08
1851.76
1851.92
1844.87
1841.76
1836.18
1842.77
1844.67
1832.19
1840.81
1837.47
1844.11
1846.9
1852.34
1847.29
1848.38
1846.94
1844.43
1849.82
1847.78
1845.56
1845.55
1848.22
1843.83
1847.5
1841.6
1853.16
1847.04
1844.81
1851.73
1844.95
1844.39
1838.56
1839.19
1840.44
1845.4
1845.81
1853.34
1861.62
1855.14
1853.57
1845.27
1843.9
1847.73
1848.79
1850.17
1846.85
1850.38
1850.5
1853.17
1842.05
1841.6
1844.31
1837.59
1835.85
1838.73
1834.57
1852.29
1855.51
1840.01
1840.44
1840.56
1845.96
1843.74
1842.58
1837.89
1846.93
1850.09
1848.32
1850.39
1853.41
1844.44
1847.38
1843.75
1842.01
1839.39
1841.81
1842.35
1843.14
1844.76
1845.07
1843.6
1840.87
1844.37
1840.73
1845.77
1849.07
1847.56
1837.41
1841.61
1843.4
1843.49
1840.18
1843.01
1845.24
1840.69
1847.08
1840.81
1834.81
1839.66
1839.09
1838.56
1841.75
1842.19
1842.28
1851.36
1845.15
1845.72
1841.53
1841.52
1845.89
1844.55
1841.37
1845.13
1839.15
1836.03
1850.05
1846.86
1843.2
1849.24
1847.11
1852.04
1848.14
1844.56
1844
1841.4
1843.46
1847.24
1847.45
1845.17
1850.19
1853.04
1844.34
1843.27
1841.35
1850.16
1848.12
1848.1
1844.13
1846.49
1846.51
1848.56
1840.66
1838.13
1845.22
1848.54
1848.94
1851.9
1857.6
1845.46
1838.56
1839.86
1846.83
1844.19
1843.27
1850.41
1853.72
1855.22
1846.03
1846.23
1847.4
1838.66
1843.46
1843.45
1849.19
1847.13
1837.52
1837.82
1838.73
1840.17
1843.16
1849.84
1840.33
1850.73
1841.91
1841.9
1843.97
1840.8
1846.74
1846.06
1854.66
1845.49
1844.02
1839.51
1848.54
1843.52
1849.69
1847.43
1851.26
1847.51
1850.51
1849.19
1837.66
1840.35
1843.77
1842.36
1848.23
1846.48
1854.49
1845.45
1834.86
1843.98
1845.35
1846.05
1849.14
1855.59
1853.77
1849.5
1846.81
1839.21
1837.45
1848.41
1845.7
1841.89
1839.63
1842.27
1848.07
1850.09
1842.02
1838.97
1840.01
1843.59
1849.63
1844.09
1844.09
1846.32
1843.62
1847.56
1847.31
1842.65
1845.45
1852.14
1849.51
1853.91
1853.28
1844.35
1849.78
1844.5
1840.06
1835.88
1842.45
1845.32
1845.4
1836.71
1847.72
1846.81
1844.18
1844.24
1856.49
1847.48
1842.36
1847.66
1839.97
1846
1837.65
1845.21
1857.08
1852.41
1849.23
1848.8
1850.32
1846.54
1847.8
1851.9
1850.37
1838.26
1839.01
1848.38
1851.91
1854.14
