0.44259
0.440411
0.43899
0.444435
0.444359
0.441762
0.446516
0.442642
0.443681
0.436689
0.441541
0.436494
0.440259
0.443047
0.437104
0.440861
0.443197
0.446535
0.444563
0.44531
0.447086
0.441121
0.442346
0.444811
0.448058
0.448617
0.442562
0.439389
0.440179
0.442895
0.444837
0.435179
0.441157
0.443261
0.444938
0.445977
0.446041
0.445676
0.437498
0.442412
0.443795
0.447159
0.444933
0.441529
0.445838
0.441019
0.438435
0.442239
0.442437
0.444907
0.445198
0.442692
0.444078
0.447691
0.447018
0.445587
0.448327
0.442039
0.443974
0.443886
0.443838
0.445439
0.447655
0.446856
0.446191
0.450038
0.447064
0.442847
0.440366
0.439591
0.43969
0.442544
0.445303
0.446352
0.440626
0.444909
0.450041
0.451643
0.446083
0.442916
0.439367
0.446083
0.447326
0.446136
0.448333
0.450317
0.447
0.447161
0.448783
0.446711
0.444311
0.446985
0.44287
0.451538
0.448605
0.441346
0.43914
0.443116
0.442816
0.444666
0.443134
0.440287
0.441044
0.446606
0.446862
0.447477
0.442589
0.45138
0.443378
0.445986
0.448075
0.443364
0.448009
0.448909
0.447522
0.446006
0.450278
0.449379
0.440967
0.440745
0.446601
0.445391
0.439082
0.439121
0.441341
0.44138
0.443444
0.439118
0.441262
0.439171
0.441842
0.439625
0.438651
0.441779
0.434232
0.44203
0.443842
0.446669
0.44919
0.447601
0.444946
0.443895
0.446072
0.448168
0.439878
0.439193
0.442489
0.451974
0.451507
0.450174
0.449222
0.443978
0.442354
0.443995
0.440001
0.439596
0.440123
0.444739
0.44776
0.442767
0.44133
0.44105
0.438371
0.443284
0.442388
0.436506
0.443101
0.443388
0.446379
0.449844
0.447
0.445451
0.448249
0.449453
0.448781
0.454059
0.451936
0.448922
0.450449
0.451888
0.452732
0.451897
0.455528
0.451291
0.453737
0.450607
0.446291
0.445431
0.447045
0.443293
0.447023
0.447048
0.447331
0.443664
0.439033
0.439269
0.43717
0.435462
0.430571
0.442045
0.446188
0.442682
0.440317
0.445316
0.445877
0.442428
0.446536
0.444806
0.447769
0.449133
0.450921
0.448152
0.446454
0.445133
0.447197
0.448786
0.448517
0.452293
0.450387
0.446023
0.451237
0.454706
0.452617
0.447528
0.446815
0.440778
0.442909
0.441078
0.444067
0.441458
0.43659
0.433003
0.433197
0.442575
0.443469
0.436161
0.433974
0.43239
0.434607
0.433904
0.435634
0.433982
0.4351
0.439476
0.442523
0.448412
0.440767
0.443093
0.448607
0.447839
0.448994
0.451591
0.454977
0.452085
0.451441
0.450421
0.45283
0.453148
0.453129
0.447023
0.449512
0.447293
0.443335
0.443553
0.4397
0.438579
0.435017
0.437915
0.4408
0.437597
0.440014
0.4409
0.43927
0.439207
0.441478
0.445529
0.442878
0.443883
0.446712
0.44847
0.454206
0.450117
0.450004
0.449496
0.445726
0.442692
0.44546
0.444636
0.452479
0.451189
0.45268
0.449019
0.45388
0.450988
0.444099
0.444345
0.443937
0.440771
0.443198
0.440191
0.439448
0.439757
0.439404
0.438548
0.441023
0.439294
0.437046
0.437686
0.438823
0.438613
0.440023
0.439568
0.440042
0.437544
0.441045
0.44839
0.445762
0.450192
0.451958
0.447528
0.445512
0.448286
0.448451
0.448656
0.449664
0.450288
0.448009
0.446786
0.448693
0.44382
0.444964
0.442667
0.443027
0.443887
0.455883
0.453364
0.450724
0.450904
0.452604
0.452195
0.451897
0.45302
0.449133
0.447944
0.448902
0.448073
0.443747
0.455032
0.448305
0.448434
0.452674
0.446688
0.445247
0.439702
0.441658
0.442451
0.441492
0.438634
0.440386
0.436084
0.437812
0.442028
0.438074
0.442824
0.444418
0.4437
0.45184
0.452261
0.450229
0.445897
0.446659
0.455283
0.45208
0.44807
0.449905
0.455949
0.453085
0.451442
0.450103
0.452172
0.44791
0.435995
0.440133
0.443793
0.441789
0.441691
0.445869
0.449083
0.44744
0.44735
0.448747
0.444324
0.437015
0.440489
0.441569
0.438401
0.440206
0.43829
0.439135
0.442046
0.444232
0.447001
0.452367
0.447645
0.448993
0.444922
0.445766
0.449905
0.447983
0.449391
0.444732
0.444888
0.44524
0.44569
0.444404
0.451003
0.445008
0.445339
0.443446
0.448679
0.448001
0.444233
0.440059
0.435333
0.438962
0.438727
0.429914
0.439208
0.439844
0.443507
0.439077
0.438484
0.441903
0.446584
0.447646
0.447885
0.449953
0.450178
0.447102
0.442717
0.443622
0.443968
0.445592
0.441809
0.438114
0.437171
0.442973
0.441003
0.443514
0.447037
0.442457
0.442858
0.444813
0.446464
0.445571
0.443587
0.447185
0.442684
0.448711
0.444661
0.444844
0.445386
0.446306
0.447101
0.445536
0.448032
0.444495
0.441536
0.440566
0.43956
0.438922
0.444227
0.441646
0.445798
0.441453
0.444801
0.451726
0.451388
0.452614
0.45474
0.448953
0.445065
0.449042
0.445886
0.441636
0.443183
0.445062
0.447379
0.448631
0.444898
0.44615
0.440846
0.440321
0.444556
0.446457
0.444043
0.44016
0.441022
0.442389
0.441761
0.442373
