0.688372
0.690264
0.691739
0.690764
0.689382
0.688907
0.686798
0.686031
0.685928
0.688515
0.689252
0.689585
0.688989
0.689166
0.689385
0.688804
0.688182
0.687516
0.688316
0.685664
0.685922
0.687642
0.689505
0.688683
0.686666
0.685068
0.686909
0.688835
0.687598
0.688651
0.688641
0.690138
0.688341
0.685827
0.687737
0.686881
0.686782
0.688093
0.689528
0.68865
0.688005
0.686556
0.684747
0.685496
0.6856
0.686289
0.688053
0.686657
0.687858
0.687035
0.687335
0.688214
0.686816
0.684997
0.685282
0.685987
0.687743
0.688476
0.686978
0.687864
0.68869
0.688459
0.68803
0.687769
0.685804
0.685127
0.686703
0.688725
0.690335
0.689278
0.688364
0.686185
0.686423
0.687051
0.688415
0.685534
0.682901
0.683431
0.687465
0.687866
0.688111
0.685223
0.685556
0.688131
0.688476
0.686183
0.686055
0.686553
0.686301
0.687991
0.688707
0.689061
0.689443
0.686542
0.686573
0.688046
0.689985
0.687556
0.687268
0.688156
0.686775
0.688188
0.687007
0.685167
0.685521
0.686069
0.686867
0.685306
0.686397
0.685373
0.684408
0.68717
0.686741
0.687593
0.686001
0.686089
0.687723
0.687615
0.688639
0.687473
0.686668
0.686289
0.687039
0.688497
0.688054
0.686484
0.686294
0.686983
0.689688
0.688419
0.688029
0.688466
0.689234
0.688127
0.68934
0.68849
0.687182
0.685817
0.686421
0.686623
0.687724
0.688602
0.686735
0.687986
0.689585
0.689142
0.68853
0.684406
0.683636
0.68344
0.686372
0.688473
0.690247
0.688447
0.688634
0.688511
0.689201
0.687295
0.687124
0.688097
0.687317
0.688509
0.689675
0.691055
0.688687
0.688802
0.686826
0.687886
0.68701
0.686905
0.686801
0.686944
0.68563
0.686019
0.685561
0.684199
0.686675
0.685345
0.683763
0.685273
0.684733
0.683047
0.684187
0.683963
0.683949
0.685742
0.686398
0.688472
0.687477
0.686528
0.686019
0.685236
0.686293
0.689711
0.689394
0.689024
0.689282
0.69122
0.692104
0.688468
0.688051
0.687476
0.68814
0.689398
0.687783
0.687871
0.686768
0.687191
0.686367
0.685766
0.684525
0.685036
0.683908
0.686687
0.687244
0.686296
0.684477
0.686134
0.686077
0.685316
0.683307
0.683226
0.684169
0.686735
0.689323
0.68969
0.689382
0.687709
0.686833
0.688627
0.689434
0.688988
0.688678
0.687642
0.690015
0.69164
0.692821
0.691506
0.691045
0.692934
0.690947
0.691272
0.68873
0.687183
0.686217
0.686125
0.685926
0.686086
0.685827
0.685514
0.685235
0.685724
0.685016
0.684975
0.685213
0.685285
0.685319
0.684103
0.684867
0.686019
0.685929
0.687841
0.689471
0.691387
0.690623
0.691628
0.691161
0.691154
0.688143
0.687086
0.688614
0.690255
0.690539
0.690639
0.689351
0.688321
0.687925
0.68787
0.686497
0.685293
0.683978
0.686487
0.686661
0.686695
0.688016
0.688966
0.687679
0.687454
0.682169
0.681903
0.684811
0.686682
0.685937
0.685162
0.686034
0.687904
0.688535
0.68592
0.685923
0.686066
0.687226
0.688259
0.690329
0.690156
0.690818
0.69126
0.692528
0.691515
0.690483
0.688534
0.6886
0.688556
0.689329
0.690216
0.689273
0.689132
0.687213
0.686374
0.686642
0.688225
0.688346
0.687061
0.687553
0.687238
0.68792
0.686228
0.687487
0.68713
0.687924
0.689469
0.689195
0.690511
0.689951
0.689365
0.685849
0.685248
0.683344
0.684551
0.684925
0.684807
0.683784
0.684296
0.684281
0.685354
0.685376
0.686644
0.687328
0.685666
0.686288
0.686835
0.686293
0.687281
0.68651
0.687587
0.689071
0.690095
0.690084
0.690021
0.690304
0.690234
0.690556
0.68774
0.687099
0.688008
0.689291
0.688904
0.686083
0.685445
0.685577
0.686257
0.685087
0.684556
0.684245
0.686649
0.686812
0.685018
0.683462
0.682996
0.682807
0.681895
0.685406
0.687317
0.686913
0.687257
0.688111
0.688264
0.687048
0.686585
0.68538
0.687008
0.687842
0.687937
0.689527
0.689385
0.688455
0.687346
0.688314
0.690562
0.689993
0.689219
0.688079
0.687545
0.684548
0.686556
0.684495
0.687011
0.686458
0.686811
0.686782
0.686114
0.685057
0.683319
0.685773
0.686577
0.688562
0.686618
0.686131
0.684871
0.686293
0.684973
0.686754
0.686577
0.687029
0.689894
0.690265
0.689874
0.689285
0.687601
0.685849
0.685445
0.688566
0.690257
0.687934
0.686694
0.686555
0.6847
0.683774
0.684915
0.685153
0.687421
0.689776
0.687737
0.685978
0.687325
0.687797
0.688517
0.687777
0.686315
0.685435
0.68749
0.688579
0.687956
0.68718
0.686132
0.686759
0.686824
0.687263
0.687473
0.686411
0.687415
0.687882
0.687045
0.685628
0.6859
0.685317
0.685218
0.686922
0.686995
0.689265
0.690084
0.690328
0.688086
0.686825
0.687157
0.688636
0.687199
0.684043
0.686032
0.685647
0.683907
0.686041
0.686043
0.685905
0.687769
0.686841
0.688956
0.686796
0.683984
0.684304
0.68555
0.686615
0.686558
0.688135
0.687578
0.686143
0.687621
0.690659
0.690064
0.687932
0.686646
0.685695
