70356.4
70163.5
70013.9
70112.7
70253.2
70301.7
70517.6
70596.4
70607
70341.8
70266.5
70232.6
70293.4
70275.2
70252.9
70312.3
70375.8
70444
70362.1
70634.2
70607.6
70431.1
70240.7
70324.6
70531.1
70695.6
70506.2
70309
70435.5
70327.9
70328.9
70176.3
70359.5
70617.5
70421.3
70509
70519.2
70384.9
70238.4
70328
70393.9
70542.4
70728.8
70651.5
70640.8
70569.9
70388.9
70532.1
70409
70493.3
70462.5
70372.5
70515.7
70703
70673.5
70600.9
70420.7
70345.7
70499.1
70408.3
70323.8
70347.5
70391.3
70418
70619.8
70689.6
70527.4
70320.3
70156.2
70263.9
70357.1
70580.6
70556.1
70491.6
70352
70647.6
70920
70865
70449.2
70408.1
70383
70679.7
70645.4
70381
70345.7
70580.8
70594
70542.7
70568.7
70395.3
70322.1
70286
70247.1
70543.9
70540.7
70389.7
70191.8
70439.9
70469.4
70378.4
70520
70375.2
70496.1
70685.4
70648.9
70592.5
70510.5
70671.2
70558.8
70664.2
70763.8
70479.4
70523.4
70436
70599.6
70590.5
70422.7
70433.8
70329.1
70448.4
70530.9
70569.9
70492.9
70343.6
70388.9
70549.9
70569.3
70498.6
70222.1
70351.6
70391.4
70346.7
70268.4
70381.4
70257.6
70344.3
70478.2
70618.5
70556.3
70535.6
70422.7
70332.9
70524
70395.8
70232.6
70277.7
70340.2
70764.1
70843.7
70864.1
70561.4
70346.1
70165.2
70348.7
70329.6
70342.1
70271.8
70466.6
70484.1
70384.4
70464.3
70342.4
70223.4
70083.2
70324.1
70312.4
70514.7
70406.1
70495.9
70506.6
70517.3
70502.6
70637.7
70597.7
70644.8
70785.5
70530.2
70667.1
70830.6
70674.5
70730.3
70904.8
70786.7
70809.9
70811.3
70626.2
70558.7
70346.1
70447.9
70545.3
70597.6
70678.4
70569.5
70219.8
70252
70289.8
70263.5
70066.4
69977
70346.6
70389.2
70448.1
70380
70251.6
70416.6
70407.6
70520.7
70477.3
70561.9
70623.7
70751.7
70699
70815.6
70529
70471.8
70569.2
70756.7
70585.9
70591.7
70670
70877.9
70886.3
70788.6
70524
70259.3
70221.9
70253.3
70424.2
70513.9
70330.3
70247.9
70293.5
70325.1
70431
70188.8
70023.9
69904.5
70037.5
70084.2
69893.1
70094.1
70061.1
70319.8
70478.1
70577.3
70586.7
70607.3
70590.8
70617.4
70649.6
70678.4
70628
70701
70705.3
70680.7
70673.3
70669.7
70795.4
70716.4
70597.7
70606.9
70410.7
70244.2
70049.5
70127
70025.2
70072.5
70073.2
70379.8
70488
70331.6
70164.4
70135.5
70125.4
70256.5
70361.6
70402.1
70407.7
70548.5
70672.5
70808.3
70549.5
70531.6
70528.2
70392.8
70295.6
70427.2
70450.3
70996.1
71023.8
70722.2
70529.5
70606.1
70685.9
70596.2
70404.2
70339.6
70607.9
70607.5
70592.8
70473.7
70367.9
70156.9
70174.5
70107.3
70062.4
69934.1
70036.6
70141.2
70339.8
70333
70337.6
70258.7
70168.3
70264.4
70278.8
70475
70561.2
70533.6
70371.3
70359
70490.6
70440.2
70472.4
70402.5
70576.2
70447
70483.5
70402.1
70244.4
70272.4
70138.4
70195.4
70255
70615.2
70677.1
70874
70749.1
70710.4
70722.6
70828.4
70775.4
70777
70666.2
70663.9
70533.4
70463.2
70634
70570
70513.8
70569.5
70468
70547.2
70436.7
70285
70180.7
70181.8
70188.2
70159.4
70166.6
70133.9
70421
70486.8
70393.5
70262.5
70302
70591.1
70656.8
70643.1
70573.2
70693.7
70748.6
70780.7
70532.9
70516.2
70700.8
70861.8
70910.1
70929.8
71024.7
70660.8
70464.3
70505.8
70470.5
70383
70367.4
70491.9
70539.5
70663.4
70496
70410.6
70400.9
70238.5
70253
70347.9
70461.4
70362.3
70133.2
70191
70269.9
70386.3
70441
70749.4
70542.4
70754.8
70495.7
70552.5
70516.2
70519.3
70587.9
70696.8
70876.6
70623
70540.3
70336.9
70536.1
70586.2
70716
70569.5
70705.4
70522.1
70540.3
70493.8
70201.1
70163.4
70203.2
70263.2
70435.2
70615.1
70656.8
70336.5
70164.2
70401.1
70528.2
70542.6
70733.7
70829.4
70711.5
70686.9
70453.7
70213.1
70421.3
70601.9
70463.5
70415.2
70341.5
70417.3
70567.2
70657.8
70446.6
70335.2
70398.9
70478.4
70586.1
70521.6
70514.9
70469.9
70448.4
70557.4
70454.3
70406.5
70492.2
70638
70610
70670
70680.2
70504.8
70497.3
70265.2
70181.8
70157
70385.6
70514.8
70480.7
70329.4
70476.4
70801.6
70596.4
70636
70815.7
70595.5
70595.2
70609.4
70418.1
70513.2
70296.8
70517.8
70807.7
70774.6
70645.9
70536.3
70542.2
70380.6
70437.6
70584.9
70433.2
70123.4
70183.8
70401.4
70533.2
70631
