2179.92
2168.6
2173.78
2153.4
2123.99
2121.97
2168.14
2171.35
2189.43
2148.77
2123
2137.33
2130.21
2102.07
2062.89
2088.65
2096.17
2066.24
2095.55
2125.3
2107.69
2070.58
2082.94
2133.16
2123.99
2112.62
2146.68
2165.76
2151.54
2135.96
2170.18
2172.68
2166.28
2175.77
2179.04
2135.78
2144.88
2157.84
2148.77
2167.69
2223.2
2188.08
2160.74
2198.97
2179
2189.45
2229.51
2203.45
2172.29
2140.4
2174.13
2208.83
2199.64
2163.21
2140.5
2193.2
2202.29
2137.7
2097.54
2127.23
2125.04
2124.74
2108.49
2082.33
2069.46
2060.86
2053.91
2040.33
2068.34
2097.82
2110.94
2093.01
2115.66
2119.87
2118.57
2149.35
2154.83
2169.36
2124.31
2149.68
2204.81
2182.29
2146
2173.64
2169.46
2142.62
2127.08
2187.22
2164.72
2152.37
2115.58
2139.64
2157.22
2069.25
2082.41
2139.42
2194.3
2208.42
2153.23
2129.61
2142.66
2191.48
2181.15
2121.29
2120.36
2122.52
2149.73
2164.98
2121.65
2121.45
2109.51
2116.74
2113.54
2143.49
2131.81
2140.43
2127.24
2136.69
2151.45
2139.8
2172.66
2187.02
2200.29
2171.38
2156.56
2161.7
2177.82
2168.42
2174.31
2175.25
2146.89
2136.36
2169.7
2133.38
2084.69
2079.5
2129.33
2146.27
2125.84
2127.03
2070.02
2057.04
2091
2095.39
2095.66
2104.92
2120.87
2097.62
2101.18
2144.19
2158.56
2132.02
2150.24
2135.19
2133.62
2143.24
2230.17
2244.56
2217.34
2178.6
2175.58
2185.7
2199.3
2163.54
2183.83
2231.47
2172.87
2113.53
2120.85
2107.27
2072.91
2077.38
2080.78
2109.57
2081.7
2051.58
2075.3
2039.06
2016.93
2042.53
2055.85
2094.05
2092.66
2066.36
2058.42
2098.63
2125.48
2093.54
2093.21
2116.86
2131.52
2107.24
2110.6
2157.75
2149.22
2104.97
2108.41
2114.61
2125.63
2132.94
2154.33
2166.49
2145.98
2108.24
2128.62
2152.46
2106.95
2074.77
2096.25
2148.44
2094.1
2057.31
2062.8
2096.53
2078.5
2066.43
2080.52
2086.93
2078.74
2054.67
2078.94
2080.98
2106.13
2096.83
2086.73
2142.43
2145.11
2169.82
2173.84
2129.64
2136.99
2173.59
2157.53
2104.34
2105.91
2101.34
2107.74
2085.82
2084.8
2145.27
2120.25
2104.72
2098.31
2117.04
2085.02
2080.07
2077.12
2108.05
2092.21
2101.23
2113.52
2159.62
2123.57
2114.01
2125.31
2097.89
2101.86
2119.42
2109.39
2106.26
2122.21
2102.71
2062.77
2099.29
2164.65
2149.86
2108.2
2102.53
2126.69
2080.95
2102.21
2140.89
2138.3
2079.14
2087.67
2115.54
2149.22
2142.74
2090.56
2080.26
2142.78
2148.56
2101.45
2101.58
2128.15
2079.99
2013.79
2061.18
2063.19
2038.55
2034.08
2029.9
2009.61
1960.16
1981.83
1996.4
1987.04
1988.68
2025.59
2066.13
2041.52
2073.66
2071.4
2048.03
2084.75
2149.48
2153.45
2135.11
2149.24
2172.89
2188.81
2206.6
2160.31
2163.37
2153.54
2135.66
2118.59
2133.5
2132.18
2094.21
2083.56
2092.57
2102.11
2088.89
2052.62
2086.4
2063.6
2073.37
2066.55
2068.21
2096.12
2098.99
2089.64
2100.84
2160.7
2130.77
2131.62
2140.89
2150.05
2174.15
2155.69
2113.83
2124.74
2139.82
2183.21
2166.88
2168.98
2203.4
2175.24
2175.31
2175.67
2149.17
2162.02
2170.58
2135.72
2145.39
2119.91
2134.98
2155.23
2155.15
2149.11
2120.69
2119.53
2125.67
2091.47
2117.05
2112.8
2104.77
2094.96
2091.35
2077.7
2056.37
2077.87
2092.9
2126.12
2106.44
2103.13
2094.27
2088.96
2102.83
2095.95
2116.22
2098.51
2125.6
2126.84
2111.62
2139.63
2145.28
2104.7
2054.58
2102.75
2156.24
2123.39
2109.61
2153.36
2132.24
2117.17
2148.01
2168.65
2123.76
2132.81
2170.75
2165.42
2140.29
2107.77
2115.12
2158.24
2149.64
2133.14
2110.02
2084.56
2062.51
2077.06
2102.94
2096.87
2060.77
2065.06
2076.74
2097.83
2115.85
2104.8
2104.34
2117.08
2109.91
2114.91
2161.96
2177.34
2184.95
2159.95
2179.2
2192.97
2176.04
2127.19
2185.72
2226.12
2191.12
2139.67
2171.33
2149.59
2123.32
2127.55
2115.96
2099.32
2079.23
2078.61
2074.28
2099.67
2115.01
2093.22
2080.46
2124.8
2158.98
2145.01
2134.65
2124.02
2119.81
2158.84
2176.92
2163.53
2162.39
2178.79
2182.15
2161.81
2145.91
2156.9
2143.02
2155.8
2156.05
2156.49
2147.45
2152.81
2147.72
2151.43
2141.89
2130.55
2133.7
2201.49
2165.8
2105.31
2100.69
2132.64
2087.87
2113.42
2150
2132.86
2096.65
2054.9
2095.45
2128.88
2137.6
2122.55
2110.7
2133.25
2116.27
2092.55
2110.82
2139.97
2156.72
2144.16
2146.58
2184.12
