0.403922
0.398277
0.408409
0.392153
0.384596
0.393679
0.407864
0.417909
0.414279
0.407061
0.392595
0.386102
0.374018
0.366571
0.360433
0.369031
0.367781
0.36269
0.363899
0.373259
0.360998
0.352401
0.353523
0.368734
0.374802
0.374996
0.377402
0.388297
0.388384
0.383742
0.393345
0.386087
0.387594
0.400156
0.4044
0.392891
0.386634
0.390153
0.398496
0.396803
0.417672
0.410843
0.414108
0.409838
0.406916
0.414896
0.4176
0.415428
0.40699
0.401658
0.406727
0.414673
0.410703
0.39244
0.390082
0.404732
0.405199
0.382224
0.368402
0.382103
0.375481
0.374183
0.376086
0.367649
0.35273
0.352788
0.350526
0.348611
0.354642
0.363806
0.369919
0.374932
0.380178
0.386463
0.386689
0.390892
0.400004
0.399113
0.39122
0.403044
0.416975
0.416059
0.414443
0.420489
0.416878
0.392495
0.395605
0.40333
0.399146
0.399207
0.387289
0.392033
0.391197
0.367906
0.364364
0.38777
0.397598
0.40213
0.395661
0.390583
0.391116
0.40667
0.398588
0.382929
0.388224
0.391724
0.400974
0.398433
0.396189
0.395159
0.39391
0.397654
0.398115
0.400847
0.401823
0.40831
0.399911
0.408248
0.422219
0.414316
0.419609
0.415949
0.420034
0.415957
0.418234
0.417454
0.420635
0.419238
0.428798
0.421537
0.414287
0.409608
0.416494
0.404388
0.391197
0.379703
0.387473
0.392134
0.387791
0.381362
0.366121
0.353099
0.363834
0.361234
0.370262
0.37575
0.376965
0.372992
0.378464
0.38935
0.389611
0.395037
0.394901
0.388401
0.39166
0.393361
0.420284
0.418275
0.423971
0.417124
0.412773
0.416144
0.410882
0.413748
0.405782
0.410878
0.400883
0.379021
0.381548
0.371248
0.368377
0.362775
0.366173
0.373559
0.366546
0.354297
0.359649
0.353296
0.343949
0.342998
0.344137
0.360797
0.363919
0.368745
0.370615
0.382227
0.384121
0.377893
0.375059
0.388967
0.389121
0.380825
0.372919
0.393213
0.384732
0.381655
0.376162
0.376499
0.38518
0.387167
0.385976
0.393388
0.38704
0.388923
0.397277
0.406494
0.386811
0.383559
0.381341
0.389405
0.375204
0.370269
0.370126
0.375447
0.368168
0.358794
0.371843
0.369903
0.369097
0.36904
0.37206
0.368503
0.379011
0.378593
0.393792
0.399147
0.400947
0.412089
0.401237
0.394504
0.394692
0.392728
0.393528
0.387008
0.380304
0.382265
0.388137
0.380601
0.38023
0.387205
0.379662
0.381256
0.389379
0.379128
0.375484
0.375424
0.38487
0.387248
0.392824
0.382858
0.38802
0.389725
0.391606
0.397108
0.398675
0.390839
0.392722
0.398414
0.387649
0.384596
0.390301
0.386
0.386253
0.389398
0.399582
0.398891
0.395327
0.402597
0.404874
0.39115
0.387458
0.393722
0.398632
0.386949
0.390156
0.385611
0.406571
0.396084
0.386418
0.385401
0.40143
0.407193
0.393844
0.385732
0.389235
0.378967
0.366656
0.366237
0.370052
0.359085
0.363755
0.373201
0.367866
0.351541
0.348871
0.350654
0.340343
0.34708
0.353443
0.366452
0.369077
0.36804
0.379953
0.374864
0.382254
0.391985
0.391478
0.397751
0.411758
0.412886
0.410978
0.411228
0.405042
0.413564
0.407292
0.400999
0.394893
0.401537
0.39889
0.384955
0.393817
0.393438
0.393033
0.398406
0.395191
0.398813
0.382391
0.37925
0.380389
0.383962
0.403807
0.394258
0.391488
0.401709
0.39869
0.403551
0.408976
0.409064
0.405196
0.408627
0.402251
0.402283
0.401726
0.407395
0.41655
0.409651
0.40808
0.406874
0.394787
0.388312
0.384467
0.382776
0.398711
0.405164
0.39555
0.396775
0.389524
0.390062
0.388676
0.3769
0.387432
0.38943
0.393445
0.384111
0.380696
0.388368
0.375516
0.376962
0.376529
0.382977
0.381618
0.388906
0.388516
0.386735
0.386751
0.384717
0.384169
0.377544
0.380294
0.382309
0.378843
0.381589
0.385477
0.389172
0.398387
0.394693
0.401649
0.399645
0.392401
0.374416
0.387145
0.394873
0.384535
0.382425
0.390971
0.395765
0.390891
0.401781
0.409064
0.398897
0.407695
0.420344
0.410355
0.397189
0.388091
0.394331
0.412548
0.397483
0.3966
0.387188
0.389108
0.372381
0.37846
0.383423
0.388428
0.383196
0.383464
0.378121
0.386326
0.385835
0.387318
0.394879
0.401721
0.40335
0.405628
0.41147
0.426237
0.425788
0.418439
0.413072
0.419073
0.421835
0.414098
0.426025
0.443345
0.428292
0.403449
0.403201
0.392386
0.387321
0.388278
0.387847
0.390366
0.390411
0.374561
0.376869
0.376876
0.376518
0.383521
0.375464
0.381094
0.395251
0.394581
0.39048
0.387495
0.390826
0.390851
0.40017
0.40355
0.398601
0.407183
0.409902
0.398337
0.390887
0.379828
0.380067
0.386318
0.394894
0.395772
0.392761
0.38234
0.387805
0.382703
0.387941
0.380128
0.393079
0.391804
0.394178
0.37429
0.38538
0.382882
0.379965
0.381318
0.387751
0.381404
0.371267
0.368448
0.367006
0.380207
0.38747
0.379507
0.383075
0.392195
0.381581
0.380468
0.390399
0.404857
0.401845
0.391769
0.392215
0.405659
