0.629659
0.634399
0.632537
0.637506
0.640499
0.637575
0.63093
0.626931
0.629206
0.63545
0.641883
0.637138
0.64079
0.646533
0.654769
0.650351
0.646219
0.65345
0.649448
0.643879
0.649126
0.655502
0.655309
0.645452
0.650122
0.649784
0.642992
0.638686
0.641976
0.644531
0.638116
0.637162
0.637265
0.635586
0.633036
0.642248
0.641433
0.63992
0.639906
0.636756
0.624094
0.630411
0.633491
0.62545
0.629123
0.627466
0.623403
0.625861
0.632284
0.636529
0.632693
0.626197
0.624133
0.635342
0.640037
0.63087
0.630144
0.645346
0.655081
0.647296
0.648058
0.646742
0.651447
0.655517
0.657726
0.658564
0.661862
0.663585
0.65982
0.650529
0.646988
0.649006
0.644435
0.644306
0.645653
0.63871
0.638327
0.635576
0.642434
0.635993
0.623538
0.628917
0.635391
0.632597
0.632479
0.637801
0.641211
0.629758
0.634689
0.637097
0.64293
0.637701
0.635657
0.652341
0.653192
0.638696
0.627938
0.625834
0.636067
0.638361
0.640902
0.631962
0.632232
0.642417
0.640524
0.641608
0.635952
0.634987
0.644473
0.641092
0.642278
0.641262
0.642193
0.635322
0.637096
0.634321
0.636808
0.634419
0.631584
0.633977
0.629157
0.627481
0.624553
0.629873
0.63282
0.63001
0.627622
0.627329
0.625002
0.625489
0.633216
0.635567
0.62906
0.634703
0.643325
0.645242
0.636604
0.634986
0.641239
0.640686
0.65279
0.657983
0.648647
0.651471
0.652692
0.648481
0.642853
0.649701
0.647353
0.637814
0.637387
0.642977
0.640667
0.642807
0.640012
0.64148
0.624975
0.620803
0.624257
0.631307
0.632309
0.627186
0.628729
0.632429
0.631703
0.618999
0.634433
0.647282
0.644742
0.648263
0.653316
0.655136
0.649055
0.644253
0.650214
0.65764
0.653414
0.659503
0.664827
0.661812
0.658652
0.64764
0.649412
0.652663
0.651171
0.646212
0.639556
0.64745
0.645232
0.638442
0.639047
0.644215
0.642678
0.633245
0.635941
0.644562
0.645113
0.641879
0.639528
0.637107
0.634754
0.630421
0.637316
0.645372
0.639352
0.632235
0.640278
0.649183
0.643344
0.636014
0.646759
0.652678
0.649329
0.645453
0.650971
0.652184
0.647227
0.643412
0.646623
0.65124
0.64864
0.647666
0.642901
0.644492
0.644165
0.635522
0.634331
0.629314
0.627227
0.639621
0.638473
0.632329
0.631891
0.64426
0.640716
0.640916
0.636373
0.640216
0.641716
0.63274
0.639164
0.641739
0.641191
0.639186
0.644501
0.648156
0.64524
0.639555
0.638964
0.639924
0.640861
0.632924
0.636695
0.634588
0.633766
0.640502
0.635734
0.635017
0.636315
0.642233
0.638823
0.638169
0.642929
0.639448
0.627322
0.630916
0.637447
0.637527
0.634765
0.642549
0.640069
0.634966
0.634671
0.642634
0.638207
0.637084
0.630476
0.631179
0.64093
0.643485
0.633569
0.631151
0.639
0.640341
0.635435
0.642975
0.655474
0.647121
0.646756
0.653513
0.652454
0.652018
0.65513
0.664693
0.660225
0.65877
0.662078
0.66171
0.6564
0.65129
0.656592
0.647574
0.64657
0.650014
0.644424
0.634377
0.634349
0.637752
0.635486
0.629713
0.62777
0.6282
0.634502
0.631906
0.631815
0.634249
0.635616
0.6334
0.632589
0.641633
0.64243
0.641354
0.636927
0.634194
0.64357
0.635218
0.64245
0.641617
0.642324
0.641557
0.634792
0.635793
0.640292
0.638107
0.632907
0.635194
0.633289
0.629894
0.633438
0.627305
0.630618
0.637196
0.63642
0.632474
0.624175
0.632246
0.631412
0.62673
0.632409
0.633512
0.634645
0.638319
0.632873
0.631843
0.637088
0.634281
0.640954
0.63836
0.634633
0.637659
0.637531
0.641108
0.637955
0.637837
0.641806
0.640286
0.640008
0.642859
0.643598
0.642337
0.643751
0.646257
0.643474
0.640404
0.637792
0.64203
0.644681
0.641867
0.644239
0.643459
0.640547
0.642051
0.640765
0.636395
0.635061
0.639315
0.634052
0.633061
0.640501
0.650792
0.641447
0.633959
0.642335
0.641519
0.634318
0.638426
0.642122
0.637164
0.631523
0.640099
0.639367
0.62885
0.631973
0.638654
0.64332
0.640748
0.632654
0.637344
0.637082
0.643959
0.647634
0.652557
0.650003
0.645067
0.646195
0.648928
0.648475
0.647059
0.645397
0.641898
0.644604
0.641546
0.640577
0.641296
0.641803
0.632691
0.628758
0.629421
0.632509
0.634272
0.62678
0.629788
0.633505
0.624377
0.616526
0.625741
0.637007
0.631611
0.637977
0.642878
0.639576
0.641146
0.642987
0.64462
0.64965
0.649208
0.647428
0.64096
0.644901
0.648974
0.642887
0.635039
0.637807
0.639384
0.640868
0.643936
0.637925
0.635564
0.63437
0.635556
0.630347
0.628606
0.633467
0.63957
0.636253
0.643747
0.638507
0.636458
0.636731
0.634821
0.639919
0.640356
0.641925
0.640991
0.641889
0.641092
0.629566
0.635077
0.648338
0.643521
0.639884
0.646551
0.641634
0.632709
0.637993
0.645537
0.655
0.644857
0.635619
0.636608
0.636792
0.640431
0.635738
0.642066
0.649201
0.641224
0.633146
0.632085
0.637281
0.636556
0.629429
