68436.1
67924.8
68124.7
67593.7
67277.8
67586.3
68298.2
68733.9
68485.3
67812.4
67132.7
67632.7
67247.3
66650
65811.6
66258.6
66682.3
65944.4
66350.8
66924.7
66383.7
65738
65757.3
66761.5
66282
66316.4
67016.9
67468.8
67123.1
66857
67529.1
67630.2
67619.3
67797.9
68071
67094.6
67179.8
67338.6
67340.2
67673.3
69046.3
68354.4
68022.1
68896.6
68494.4
68675.2
69122.8
68851.4
68152
67697.4
68107.9
68814.4
69042
67823.9
67326.4
68304.7
68383.4
66772.6
65780.2
66571.4
66493.1
66628.4
66147.2
65736.5
65515.7
65432.4
65106.3
64937.2
65307.8
66240.5
66603.1
66396
66867
66880.3
66740.8
67466.3
67506.8
67799
67075.2
67754.5
69107.9
68516.8
67818.7
68118.2
68130.9
67562.4
67203.1
68425.3
67893.7
67637.1
67023.4
67573
67790.3
66056.5
65970.4
67467.8
68623.6
68854.4
67746.7
67503.1
67235.6
68186.6
68157.6
67076.9
67275.2
67161.6
67758.9
67861.8
66863
67215.6
67091.5
67197.8
67100.3
67826.1
67637.2
67933
67667.8
67922.6
68227.5
67969.9
68490.7
68673.6
68995.6
68412.8
68094.3
68397.9
68658.2
68690.3
68946
68892.3
68051.6
67799.9
68501.2
67892.1
66982.2
66783.3
67689.5
67861.9
67200.2
67258.2
66011.1
65490.1
66432.7
66144.8
66021.1
66449.7
67031.5
66325
66565.5
67561
67606.3
67018.5
67260.2
67036.3
67329.1
67175
68949
69412.3
69028.3
68257.4
68149.2
68705.9
68537.3
68136.3
68214.7
69614.6
67921.1
66572.8
66835
66472.1
65958
65774.7
66391
66885.9
66272.6
65524.3
65948.1
65339.1
64816
65111.2
65423.6
66536
66354.5
66023.9
66175.2
66683
67377
66555.5
66784.3
67494.5
67430.7
66889.7
67049.7
68048.6
67760
66853.8
66796.6
67133.2
67380
67636
67886.8
68353.3
67613.8
66769.9
67398.5
68157.2
67301.1
66377.9
66980.4
67752.3
66626.7
66022.4
66362.9
66761.5
66195.5
66072.4
66578.5
66973.2
66640.6
66168.2
66433.4
66533.4
67026.5
66861
66895
67804.7
67932
68473.6
68701.4
67370.1
67491.3
68147.1
68194.4
66885.1
67255
67234
67714
67307.6
67150.2
68102.9
67418.3
67147.8
67205.2
67416
66860.1
66483
66783.5
67377.1
67439.5
67338.2
67239.8
68083
67679.8
67904.5
67992.5
67277.5
67782.1
67858.6
67720.2
67096.2
67454.3
67523.4
67023.5
67388.4
68691
68299.8
67599.9
67591.5
67885.6
67063.2
67323.1
67864.1
67895.6
67054.3
67519.4
67638.5
68347.4
68271.3
67232.6
66965.6
68013.8
68274.3
67435.6
67294.4
67814
67018.7
65740.8
66589.4
66627
65938.1
66045.1
66089.3
65775.3
64829
65267.7
65411.9
65085.1
65121.2
65648.1
66163.2
65628.8
66542.8
66646.1
66293
66868.1
67927
67930.1
67567.6
67808.5
68430.2
68642
68595
67913.7
68192.7
68202.6
67940.8
67794.7
68031.9
68119.1
67158.9
67075.6
67188.1
67655.1
67946.7
66956.8
67837.1
67073.6
67160.6
67086.7
67166.9
67882.7
67775.8
67299.5
67530
68084.9
67839.8
68043.8
68410.6
68027.8
68692.9
68332
67626.6
67709
68131.5
69037.3
68156
68246.1
68755.9
68138.5
68019.8
67898.4
67507.6
68088.5
68199.5
67638.1
67937.4
67230.1
67503.2
67899.6
67577.5
67591
67213.9
67546.1
67558.6
67140.8
67300.2
67329.4
67030.8
66953.9
67085.3
66938
66678.4
66966.8
67287.8
67563.4
67117.4
66841.4
67134.4
66887.3
66968.4
67272.8
67115.2
67249.9
67711.7
67854
67402.4
67961.9
68068.3
67277.6
66213.8
67178.4
67971.8
67085.5
67170.8
67933.4
67496.2
67107.7
67630
68234
67319.9
67397
68524.1
68185.5
67472.2
66982.8
67251.7
68112.1
67610.8
67638.7
66916.3
66536.6
66034.7
66294.2
66801.4
66684.8
66403.9
66450.3
66595.7
66767.3
67131.2
66849.4
67168
67269.7
67194.2
67141.1
68108
68534.1
68461.9
68127.7
67938.4
68750.4
68422.1
68020.6
69015
69893.9
68864.6
67646.7
68224.5
67543.8
67028.8
67374.9
67209.9
67017.6
66847.7
66330.1
66375.3
66557.8
67229.4
66818.6
66399.2
67028
67856.3
67561.8
67395.1
67239.1
66918.7
67549.3
67800.2
67927.8
67801.1
68361.3
68550.7
68024.7
67375.5
67726.8
66938.4
67487.7
67705
67676
67879.6
67338.8
67292.9
67128.4
67226.2
67132.2
67215.6
68446.2
67852.2
66464.4
66961.8
67342.5
66648
67158.8
68106.2
67542
66752.8
65788.4
66823.1
67794.3
67689
67669.5
67284.9
67781.7
67113.7
66376.1
67201.8
68059.2
68173.4
67617.6
67694.5
68461.1
