1944.03
1951.09
1928.05
1931.06
1924.17
1906.07
1936.31
1939.3
1909.53
1940.45
1936.77
1916.26
1932.59
1944.64
1908.99
1913.06
1944.19
1938.47
1950.73
1952.76
1907.91
1911.92
1951.42
1938.54
1926.45
1941.6
1942.35
1931.23
1936
1936.87
1927.79
1940.16
1930.71
1947.25
1935.51
1931.56
1934.64
1958.3
1947.2
1954.87
1945.87
1922.06
1939.68
1942.17
1931.52
1951.26
1919.43
1923.63
1948.6
1931.33
1923.06
1926.22
1921.05
1915.92
1946.31
1921.72
1924.45
1930.29
1946.67
1919.48
1922.47
1935.19
1926.45
1930.33
1942.59
1910.65
1917.19
1928.89
1924.26
1939.49
1925.79
1926.24
1939.92
1937.72
1916.89
1928.34
1922.94
1937.19
1930.27
1917.41
1926.06
1928.18
1922.01
1919.75
1944.32
1911.03
1933.14
1931.97
1941.06
1942.03
1948.81
1927.82
1937.45
1950.3
1925.95
1927.6
1950.77
1933.92
1936.07
1928.88
1962.55
1942.09
1933.38
1939.69
1925.25
1939.96
1932.83
1921.23
1927.14
1940
1934.21
1919.84
1946.46
1949.68
1910.99
1918.03
1928.51
1922.95
1922.87
1931.04
1949.52
1932.37
1942.18
1949.5
1931.86
1925.47
1919.4
1910.15
1914.04
1947.93
1932.68
1912.05
1944.29
1912.67
1926.34
1945.56
1939.8
1935.29
1924.58
1918.07
1944.76
1938.19
1916.91
1940.89
1934.61
1932.77
1929.5
1910.79
1924.4
1916.7
1914.55
1929.25
1912.14
1933.03
1949.59
1927.5
1932.38
1936.53
1946.54
1939.94
1943.13
1941.06
1916.47
1930.59
1939.27
1933.61
1958.57
1922.68
1920.31
1942.91
1945.47
1893.88
1934.25
1919.37
1896.91
1933.28
1911.98
1917.71
1943.06
1937.05
1927.23
1935.44
1898.79
1920.16
1934.24
1917.58
1940.84
1937.05
1913.79
1901.29
1946.73
1942.09
1928.88
1934.36
1919.41
1934.92
1945.6
1938.66
1925.11
1926.73
1944.29
1931.02
1952.01
1953.13
1925.81
1918.88
1946.52
1942.67
1924
1915.84
1928.28
1949.28
1930.96
1941.73
1916.43
1924.88
1920.15
1901.58
1943.08
1926.02
1916.94
1947.25
1922.5
1924.17
1906.45
1925.93
1955.13
1951.26
1926.15
1940.76
1940.59
1928.95
1924.23
1937.14
1925.15
1938
1920.09
1919.39
1937.85
1917.1
1928.44
1963.03
1912.04
1921.23
1927.9
1920.58
1931.04
1917.93
1936.86
1934.02
1933.53
1932.04
1922.07
1908.03
1904.43
1925.41
1927.72
1910.28
1937.64
1935.69
1924.19
1930.02
1898.83
1919.75
1935.34
1922.08
1950.47
1915.83
1918.85
1925.86
1914.17
1924.28
1921.91
1909.11
1930.45
1899.49
1912.56
1910.55
1925.52
1935.72
1915.85
1917.35
1930.22
1920.58
1912.03
1916.15
1918.83
1915.22
1926.56
1946.14
1918.31
1911.48
1939.57
1919.12
1913.27
1919.31
1936.48
1944.84
1936.38
1929.43
1922.8
1926.12
1939.94
1936.97
1949.18
1919.58
1946.55
1938.78
1926.27
1916.37
1930.46
1965.82
1912.52
1918.53
1935.19
1918.85
1952.43
1940.07
1906.5
1941.8
1950.21
1933.86
1927.44
1938.3
1956.99
1950.53
1940.01
1942.92
1944.28
1924.02
1923.68
1937.46
1933.2
1921.11
1909.48
1945.79
1911.04
1933.96
1931.43
1896.89
1930.61
1939.21
1930.98
1941.49
1934.82
1907.72
1936.03
1953.41
1910.16
1959.65
1957.57
1911.4
1943.88
1919.19
1926.72
1947.97
1923.77
1904.44
1947.7
1928.16
1935.2
1949.3
1926.96
1910.96
1955.31
1899.99
1907.74
1946.49
1899.07
1939.62
1953.03
1900.72
1919.9
1932.11
1922.16
1934.65
1927.23
1925.8
1945.02
1917.35
1919.68
1902.42
1929.68
1911.36
1917.62
1932.56
1899.81
1915.24
1937.74
1932.01
1931.78
1928.22
1919.7
1927.17
1910.06
1907.05
1916.21
1915.38
1934.24
1944.63
1926.81
1913.45
1933.21
1917.95
1912.61
1945.1
1925.5
1927
1940.42
1923.54
1914.52
1926.44
1924.96
1926.83
1932.26
1931.66
1912.07
1924.56
1922.63
1936.91
1910.18
1901.31
1915.15
1933.17
1932.6
1901.02
1919.74
1924.49
1939.72
1908.97
1916.9
1950.82
1942.45
1925.89
1917.28
1938.81
1904.93
1922.02
1949.48
1927.1
1931.98
1931.63
1910.26
1941.17
1945
1934.99
1912.73
1924.42
1939.76
1922.63
1913.92
1910.52
1920.08
1922.1
1926.56
1926.56
1915
1920.45
1932.12
1938.38
1936.16
1931.29
1922.95
1925.35
1926.8
1939.64
1934.02
1935.54
1926.44
1946.26
1922.25
1935.56
1938.22
1928.79
1941.37
1916.35
1925.05
1901.36
1909.94
1935.03
1936.05
1926.61
1936.2
1944.48
1908.87
1918.02
1944.01
1950.35
1948.83
1907.54
1923.51
1958.81
1928.7
1941.99
1916.17
1903.69
1929.04
1939.75
1940.28
1927.28
1914
