0.515474
0.505168
0.491613
0.492439
0.485907
0.482303
0.484461
0.482969
0.482673
0.492448
0.49458
0.488497
0.503004
0.508508
0.505715
0.50918
0.509935
0.506751
0.50496
0.503051
0.487157
0.480486
0.495842
0.498136
0.497409
0.499297
0.499504
0.495633
0.494529
0.490096
0.485134
0.486698
0.481843
0.478082
0.475679
0.473903
0.476727
0.483821
0.4931
0.489578
0.486227
0.479125
0.482199
0.493791
0.493062
0.492768
0.487469
0.486859
0.491088
0.486006
0.481315
0.477007
0.472086
0.478951
0.485885
0.484988
0.480656
0.479567
0.489306
0.480835
0.477057
0.479992
0.474801
0.477206
0.477107
0.471594
0.476148
0.478562
0.473767
0.477015
0.482293
0.481222
0.48202
0.475063
0.464385
0.471357
0.465307
0.476662
0.47958
0.475434
0.477258
0.476192
0.470876
0.473792
0.478373
0.465304
0.465078
0.459886
0.466906
0.465423
0.464191
0.46935
0.480454
0.482167
0.473919
0.483406
0.494428
0.493151
0.491773
0.475636
0.482903
0.484479
0.478088
0.479586
0.47724
0.47873
0.469898
0.476807
0.47614
0.467546
0.473981
0.477786
0.476051
0.480527
0.468118
0.473026
0.477651
0.47749
0.467158
0.467021
0.47886
0.474669
0.479733
0.477832
0.469601
0.471074
0.475585
0.463082
0.471061
0.476611
0.474537
0.465678
0.474
0.460931
0.468699
0.474001
0.468138
0.459426
0.467464
0.46133
0.469835
0.47013
0.467558
0.472408
0.473131
0.470111
0.473223
0.463146
0.466244
0.470443
0.467014
0.47207
0.458631
0.464344
0.461738
0.46029
0.452456
0.450336
0.446071
0.443625
0.439848
0.437546
0.430317
0.431893
0.436584
0.441248
0.446301
0.452438
0.44851
0.459151
0.454001
0.442341
0.449169
0.44526
0.443547
0.451987
0.444831
0.454247
0.464855
0.459472
0.461713
0.4647
0.445421
0.449353
0.451144
0.445742
0.457895
0.458149
0.441339
0.438523
0.458086
0.457499
0.46163
0.458239
0.450723
0.461833
0.465604
0.468378
0.458135
0.462378
0.46063
0.457274
0.461778
0.464434
0.456089
0.466263
0.470177
0.464757
0.459978
0.458365
0.459854
0.472036
0.462892
0.460699
0.459099
0.452599
0.461866
0.464807
0.477809
0.4642
0.465488
0.467298
0.463937
0.460072
0.463009
0.468109
0.47192
0.476924
0.463306
0.483094
0.474039
0.475011
0.473957
0.467957
0.466603
0.469584
0.465022
0.468149
0.472348
0.46231
0.469376
0.480634
0.461283
0.459309
0.458757
0.452245
0.465686
0.459954
0.475168
0.472651
0.465163
0.46139
0.455952
0.45041
0.437674
0.442316
0.449118
0.452394
0.450824
0.454398
0.447665
0.44017
0.441627
0.442778
0.44328
0.438046
0.445511
0.443849
0.437817
0.449756
0.44462
0.446196
0.446911
0.450522
0.450173
0.447314
0.449351
0.454054
0.453312
0.455267
0.449313
0.449249
0.448204
0.445565
0.449162
0.452573
0.455808
0.454085
0.462336
0.471358
0.465426
0.460968
0.466338
0.464364
0.465481
0.464149
0.469771
0.469477
0.469678
0.463085
0.458712
0.467446
0.472079
0.473392
0.478187
0.476096
0.479138
0.474978
0.477296
0.480455
0.474629
0.489857
0.480872
0.48355
0.488214
0.482846
0.480592
0.484364
0.466613
0.472029
0.479019
0.471631
0.462718
0.461394
0.470243
0.477853
0.470007
0.468936
0.468935
0.466981
0.467726
0.480499
0.483543
0.483193
0.475867
0.485032
0.479627
0.481043
0.476781
0.457541
0.47
0.481082
0.485296
0.477001
0.478406
0.47555
0.484629
0.486189
0.471512
0.482694
0.489096
0.474061
0.48143
0.473804
0.467235
0.475068
0.48075
0.474067
0.492182
0.492447
0.491942
0.497304
0.496236
0.503221
0.495689
0.483148
0.482074
0.493325
0.484149
0.485578
0.494602
0.484561
0.478309
0.485043
0.494042
0.495068
0.488739
0.49185
0.498022
0.496344
0.490389
0.482094
0.486289
0.482407
0.481955
0.487427
0.478142
0.486649
0.4859
0.493466
0.489349
0.476349
0.482273
0.48306
0.484304
0.483976
0.48342
0.482083
0.484958
0.486256
0.483821
0.474165
0.473434
0.468389
0.47003
0.483099
0.478656
0.476259
0.483614
0.478283
0.480404
0.490387
0.485559
0.483753
0.492026
0.48134
0.492121
0.4857
0.489731
0.490259
0.483896
0.481308
0.488304
0.488304
0.493527
0.479328
0.487947
0.485397
0.498871
0.484379
0.489244
0.502958
0.503815
0.491972
0.497942
0.496757
0.474355
0.473397
0.485341
0.472066
0.475907
0.49037
0.482117
0.486426
0.501708
0.496321
0.486588
0.487449
0.485128
0.482535
0.477866
0.47968
0.484675
0.483007
0.482653
0.482435
0.49004
0.482249
0.491766
0.4915
0.488937
0.500181
0.476172
0.482537
0.481036
0.485588
0.473416
0.468752
0.458654
0.469684
0.465924
0.477794
0.478539
0.487081
0.491144
0.470478
0.466454
0.460476
0.469615
0.468681
0.47332
0.470864
0.480445
0.483304
0.474675
0.480065
0.48462
0.488893
0.48884
0.476078
0.47732
0.48379
0.477758
0.487914
0.475791
0.484315
0.492261
0.501678
0.510857
0.496142
0.497085
