0.652473
0.650608
0.659055
0.657272
0.659934
0.668321
0.659151
0.657738
0.665737
0.656584
0.657797
0.661894
0.65407
0.652235
0.659133
0.656611
0.65041
0.651865
0.652197
0.651359
0.663715
0.664605
0.65209
0.65444
0.655397
0.652917
0.65198
0.653037
0.654495
0.656334
0.658237
0.655437
0.659966
0.656791
0.659409
0.66188
0.660056
0.653134
0.653011
0.652263
0.652644
0.65884
0.65464
0.652773
0.655766
0.64804
0.659187
0.65659
0.652972
0.657742
0.659997
0.658271
0.660191
0.662559
0.654476
0.65981
0.660902
0.661013
0.655351
0.664123
0.662395
0.660428
0.662734
0.662187
0.658832
0.665827
0.66436
0.660312
0.663477
0.65826
0.662806
0.662202
0.659032
0.660263
0.668268
0.662626
0.664077
0.659447
0.658214
0.661851
0.660719
0.659398
0.660471
0.662035
0.658482
0.666231
0.664405
0.662483
0.662518
0.66248
0.659212
0.663329
0.658405
0.653991
0.659747
0.656453
0.650584
0.652269
0.652063
0.655964
0.649544
0.654311
0.655388
0.654731
0.660045
0.656599
0.659009
0.661344
0.660171
0.660185
0.658957
0.662779
0.656093
0.654143
0.662938
0.661698
0.656686
0.659699
0.661447
0.656644
0.652243
0.658705
0.656615
0.65574
0.660136
0.660194
0.658837
0.66079
0.660919
0.651824
0.657483
0.661401
0.654009
0.662428
0.659983
0.654007
0.657214
0.65589
0.658161
0.659687
0.653421
0.655138
0.659455
0.652685
0.65521
0.655164
0.654378
0.660699
0.656309
0.656827
0.657368
0.652445
0.660662
0.656123
0.653329
0.659005
0.659365
0.658767
0.660583
0.663473
0.663108
0.662788
0.670823
0.666833
0.663485
0.664781
0.657254
0.663074
0.665909
0.659188
0.657855
0.66992
0.659737
0.664032
0.66885
0.658573
0.666171
0.664102
0.65827
0.659452
0.66275
0.659206
0.671275
0.666142
0.662021
0.667053
0.660995
0.662085
0.669931
0.671193
0.658537
0.659383
0.660703
0.659772
0.6619
0.661134
0.655779
0.655454
0.660649
0.661076
0.657794
0.660436
0.655437
0.655995
0.663613
0.664147
0.655781
0.659843
0.660901
0.662499
0.659629
0.651786
0.65746
0.654078
0.660715
0.65842
0.658199
0.662641
0.652981
0.656327
0.658806
0.651262
0.657416
0.65642
0.660175
0.655119
0.647709
0.645805
0.653995
0.648597
0.651142
0.65402
0.655474
0.654618
0.657233
0.653061
0.6566
0.658623
0.652062
0.65973
0.65548
0.64845
0.662644
0.659686
0.656848
0.661883
0.657095
0.663109
0.656609
0.657991
0.659267
0.658879
0.663812
0.666059
0.670209
0.665436
0.661297
0.66756
0.661751
0.664616
0.66642
0.664894
0.674023
0.667001
0.664742
0.668118
0.660664
0.669146
0.668468
0.664806
0.668736
0.663385
0.664563
0.665894
0.661227
0.66918
0.664662
0.665854
0.66106
0.659686
0.664719
0.664813
0.661901
0.664325
0.666427
0.665823
0.66256
0.663605
0.661857
0.655553
0.662476
0.661651
0.655462
0.660401
0.660966
0.659271
0.656348
0.65392
0.657187
0.658626
0.660545
0.660326
0.657376
0.656256
0.651768
0.659531
0.654648
0.655469
0.657873
0.659792
0.655951
0.645767
0.657832
0.656947
0.652037
0.657214
0.649199
0.652402
0.664362
0.656739
0.659682
0.665069
0.664912
0.663207
0.659234
0.660593
0.66311
0.66036
0.661784
0.663839
0.662068
0.657649
0.654888
0.658812
0.66335
0.654253
0.664406
0.658292
0.659283
0.67025
0.660283
0.655467
0.660078
0.654087
0.655649
0.663092
0.656172
0.650639
0.665235
0.652587
0.653587
0.66869
0.660533
0.666943
0.667759
0.659555
0.663547
0.668682
0.654906
0.656585
0.655227
0.650843
0.656946
0.661737
0.650946
0.667152
0.666565
0.655416
0.667839
0.656949
0.652376
0.667271
0.660661
0.660423
0.659862
0.655802
0.657474
0.657382
0.65392
0.660161
0.65934
0.663771
0.65736
0.661268
0.662579
0.657877
0.667863
0.662353
0.657886
0.660634
0.658017
0.66198
0.662142
0.660373
0.663495
0.664634
0.661261
0.662403
0.655728
0.653292
0.657268
0.665732
0.659015
0.665401
0.666624
0.65894
0.662967
0.664205
0.658928
0.662091
0.66333
0.657984
0.660407
0.660116
0.657824
0.660656
0.663793
0.658843
0.659546
0.656795
0.664055
0.665547
0.660791
0.658061
0.65785
0.664819
0.659908
0.659941
0.65548
0.663393
0.657477
0.651479
0.651694
0.657219
0.658042
0.655585
0.665465
0.66329
0.656582
0.663043
0.661193
0.659366
0.663739
0.655804
0.653767
0.65549
0.661751
0.661949
0.65962
0.664546
0.665459
0.666417
0.664363
0.665277
0.66024
0.661228
0.663211
0.661484
0.658172
0.657172
0.658572
0.658428
0.660825
0.659707
0.660381
0.658309
0.661856
0.662753
0.664989
0.660728
0.665345
0.659978
0.657557
0.658344
0.655612
0.663863
0.662445
0.671045
0.668633
0.662142
0.660581
0.66686
0.661192
0.658661
0.664314
0.660328
0.654121
0.653176
0.655293
0.665857
0.66203
0.654554
0.661423
0.65722
0.663456
0.66348
0.655479
0.653142
0.651846
0.655055
0.658506
