74227.3
74440.1
73486.1
73685.4
73388.2
72467.1
73475.3
73633.2
72748.5
73762.6
73626.6
73170.9
74046.1
74254.5
73477.3
73759.6
74462.8
74296.6
74258.8
74354.3
72970
72872.4
74271
74004.3
73896.2
74176.8
74283.4
74163.2
73998
73790.7
73577.4
73891.7
73384.5
73739.4
73446.6
73172.4
73374.6
74152.2
74166.2
74251.3
74207.9
73510
73981.6
74193.3
73854.6
74735.1
73471.4
73761.9
74170.6
73632.7
73381.1
73573.6
73359.6
73097.4
74000.1
73401.9
73280.6
73268.4
73901.4
72925.3
73115.5
73333.3
73078.1
73138.4
73510.9
72738.7
72899.3
73346.2
72996.3
73574.8
73070.1
73136.8
73488.6
73351.5
72472.9
73090
72930.3
73442.4
73579.9
73175.6
73301
73447.8
73328.5
73155.3
73550
72694.6
72894.3
73105.7
73102
73106.1
73468.6
73012.5
73558.6
74055
73409
73777.3
74442.9
74250.6
74274
73832.4
74562
74018.8
73897.2
73971.3
73375.8
73760.9
73491.2
73231.7
73361.9
73360.3
73496.9
73073.1
73817.9
74037.8
73055.6
73192.5
73751.1
73414.3
73220.3
73755.9
74253.5
73525.1
73759.2
73857.5
73365.8
73359.3
73510.3
73293.1
73278.8
74301.2
73661.8
73225.4
74053.1
73111.9
73382.7
74053.3
73691.9
73840.6
73585.9
73415.6
74119.7
73925.4
73441.5
74203.2
73917.3
73922.4
74011.3
73303.2
73793.5
73735.3
73674.6
74230.5
73307.3
73814.4
74130.1
73491.6
73451.5
73518.1
73316
72996.7
73036.9
73072.2
72196.9
72628.9
72995.4
72853.1
73687.4
73040.7
72729.7
73471.2
73620.1
72294.2
73410.1
72935.3
72409.9
73539.8
72701.1
72927.5
73573.7
73441.8
73076.4
73469.2
72148.2
72704.2
73156.8
72604.9
73270.3
73149.8
72293.1
72157.1
73543.8
73449.5
73302.8
73406.2
73170.2
73255
73853.1
73889.7
73308.7
73261.4
73626.9
73332.4
73891.7
73828.8
72981.4
72922.7
73852.9
73398.3
73280.8
73104
73422.1
74305.5
73664.3
74045.2
73301.4
73556.9
73581.6
73088.4
74169.6
73791.5
73513.8
74365.4
73669.2
73781.1
73361.4
73927.6
74773.3
74993.8
74054.6
74671
74379
74051.8
73887.5
73984.1
73689.8
74160.5
73760.8
73534.3
74274.1
73410.8
73886.8
74687.9
73088
73415.7
73733
73172
73705.2
73036.8
73759.7
73604.8
73462.4
73505.7
72959.4
72713.3
72263
72781.3
73236.9
72549.8
73186.7
72871.2
72673.9
72840.7
71854.1
72610.6
72857.3
72489.2
73307
72377.8
72451.3
72850.4
72422.3
73006.4
72877
72731.3
73244.6
72374.2
72866.1
72735.7
73263.1
73415.7
72859.9
72849.6
73170.1
72903
72673.1
72739.1
73097.3
72982.2
73174.9
73878.6
73106.5
73197.7
73888.9
73336.2
73273.6
73461.9
73789.1
74063.1
73694.9
73533.9
73320.3
73344.6
73673.7
73799.4
74307.7
73433
73980.7
73888.1
73618.1
73404
73833.8
74998.2
73622.6
73721.8
74277
73691.9
74601.7
74235.4
72899
73745.2
73416.2
72821.6
72838.8
73026
73466.1
73314.9
73036.6
73340.8
73183
72956.5
73151.6
73643.1
73953.6
73513.2
73010.2
74025.4
72894.2
73571.2
73460.7
72258.6
73349.4
73888.3
73372.2
74044.2
73867.8
73038.6
73808.9
74436.6
72803.3
74214.3
74100.8
72427.2
73321.6
72616.9
72528.2
73430.3
72988.6
72428.1
73951.6
73762.5
73915.4
74413.2
73722
73188.2
74401.5
72594.1
72658.1
73894
72519.5
73721.6
74238.4
72581.2
73307.4
73333.9
73396.1
73850.6
73662.7
73673.1
74063.1
73363
73454.2
72963.9
73675.5
73240.1
73095.2
73617.7
72516.9
73120.1
73616.6
73310.4
73601.9
73161.3
73143.4
73339.3
72994.3
72869.2
73240.9
73114.6
73858.9
74134.3
73685.8
72749.1
73490.5
72785.2
72651.6
73498.9
73052.4
72916.3
73500.2
73149.1
73012.4
73605.6
73335.6
73367.9
73623.6
73308
72961.5
73509.7
73431.4
73738.9
72932.7
72769.2
73293
73597.1
73620.7
72848.9
73391
73387.4
73886.8
73005.5
73662.5
74340.6
74316
73691.4
73599.1
73875
72778.2
73016.8
73762.8
73044
73248.4
73451.4
72967.5
73850.4
74080.4
73885.7
73186.6
73164.8
73423.1
72878.9
72778.9
72674.2
72898.9
72798.7
73354.2
73244.5
73025.5
73216.2
73584.7
73696.6
73540
73556
73289.2
73413.4
73338.5
73569.4
73175.1
73076
72830.3
73299.9
72791.3
73383.3
73653.5
73565.4
73871.9
72953.8
73110
72173
72433.4
73143.4
73316.2
72626
73248.5
73530
72904.3
73344.4
74040.3
74147.5
73908
72735.3
73155.8
73991.4
73222.9
73691.2
72998.5
72996
73886.9
74151.3
74298.8
73934.8
73547.3
