1793.04
1790.94
1783.71
1761.4
1778.9
1780.16
1775.51
1796.37
1783.2
1779
1785.94
1787.67
1790.08
1794.68
1771.44
1786.3
1790.92
1780.94
1788.47
1794.18
1787.6
1770.34
1763.9
1770
1785.38
1800.59
1787.34
1786.6
1783.12
1787.94
1766.78
1778.25
1797.11
1780.22
1796.35
1798.9
1788.75
1826.04
1787.56
1780.56
1796.35
1764.33
1788.83
1802.48
1778.56
1813.92
1792.09
1783.01
1790.63
1784.42
1805.91
1819.91
1797.49
1785.43
1797.44
1772.08
1788.88
1809.45
1793.11
1790.75
1790.65
1799.8
1787.31
1762.36
1781.73
1801.37
1810.54
1811.1
1789.24
1780.21
1805.6
1763.08
1805.3
1805.82
1782.36
1797.1
1809.27
1804.17
1793.1
1791.62
1807.12
1801.78
1783.59
1808.63
1787.5
1777.27
1785.36
1788.36
1782
1787.63
1803.41
1792.57
1789.73
1774.88
1766.34
1798.89
1789.19
1796.88
1790.53
1789.24
1792.02
1787.09
1782.32
1799.09
1790.17
1801.84
1800.88
1784.47
1802.5
1788.73
1786.81
1792.26
1772.21
1792.22
1828.7
1769
1782.05
1784.43
1773.75
1806.91
1773.13
1773.74
1789.03
1762.92
1809.49
1805.51
1782.73
1787.32
1763.77
1765.86
1788.24
1799.6
1789.22
1785.55
1767.72
1773.94
1786.72
1791.28
1804.57
1828.3
1800.62
1775.04
1788.72
1774.01
1782.99
1778.71
1805.48
1778.57
1792.86
1794.07
1787.13
1800.92
1784
1763.18
1780.5
1789.12
1782.8
1798.1
1776.78
1789.61
1790.11
1794.12
1788.36
1764.02
1792.1
1798.97
1780.14
1783.9
1770.38
1788.67
1799.23
1767.56
1797.78
1767.22
1785.36
1771.06
1766.04
1773.1
1777.35
1790.42
1799.82
1785.05
1776.8
1790.84
1773.79
1791.58
1785.09
1767.98
1779.7
1768.26
1785.12
1775.1
1769.34
1783.94
1791.13
1788.6
1784.11
1778.87
1795.31
1771.62
1767.75
1801.77
1775.4
1773.35
1792.04
1780.1
1776.27
1774.44
1774.58
1792.79
1779.63
1782.02
1791.71
1791.16
1786.8
1772.95
1779.82
1786.83
1790.31
1781.03
1797.72
1780.96
1790.22
1771.45
1765.88
1799.22
1778.81
1771.11
1805.5
1769.23
1781.71
1809.05
1785.37
1803.99
1802.38
1790.52
1827.75
1784.46
1774.51
1788.5
1773.76
1805.45
1802.06
1777.78
1814.9
1783.51
1774.35
1795.53
1783.36
1793.5
1809.74
1779.55
1794.51
1786.55
1786.59
1812.43
1784.64
1772.73
1787.93
1782.73
1778.5
1795.83
1802.52
1778.53
1804.29
1794.26
1804.67
1803.52
1768.19
1790.05
1797.68
1778.11
1810.96
1796.29
1799.76
1804.87
1803.85
1785.26
1795.53
1800.43
1765.73
1784.91
1783.24
1781.56
1813.01
1812.95
1806.41
1797.91
1757.26
1764.36
1790.86
1807.68
1799.22
1787
1799.91
1785.55
1775.98
1792.94
1797.28
1793.13
1779.32
1775.64
1810.24
1797.29
1781.61
1802.21
1777.12
1767.67
1786.3
1766.96
1790.95
1793.52
1778.74
1816.02
1787.32
1797.44
1797.28
1781.49
1792.03
1785.15
1820.1
1811.14
1794.2
1788.55
1771.05
1779.17
1765.96
1798.1
1775.44
1784.85
1801.25
1776.52
1783.83
1784.94
1792.74
1788.49
1800.76
1814.57
1810.57
1818.05
1787.03
1782.04
1797.62
1789.2
1800.44
1799.24
1796.22
1777.29
1788.71
1786.66
1791.66
1788.14
1782.73
1795.35
1783.64
1794.34
1792.38
1786.23
1783.78
1789.85
1808.9
1787.85
1793.4
1797.27
1797.63
1801.12
1802.03
1786.67
1798.91
1793.7
1796.02
1798.63
1801.47
1804.6
1782.94
1798.45
1793.13
1786.82
1800.46
1789.45
1790.89
1796.95
1778.95
1786.97
1778.6
1789.33
1795.53
1783.05
1795.69
1810.97
1774.16
1795.1
1800.17
1782.39
1779.86
1781.58
1810.16
1813.68
1793.72
1780.6
1781.41
1768.54
1797.34
1814.89
1788.57
1805.88
1781.65
1772.3
1787.36
1774.06
1788.73
1798.65
1790.8
1782.42
1786.8
1795.07
1767.02
1771.2
1782.19
1765.4
1796.06
1789.74
1797.54
1783.59
1767.96
1786.98
1781.2
1773.53
1798.1
1799.92
1794.44
1777.69
1760.02
1765.98
1797.83
1778.43
1779.16
1797.87
1794.71
1775.04
1773.75
1779.8
1779.36
1791.74
1802.06
1805.98
1783.34
1793.85
1791.56
1769.44
1789.19
1801.61
1792.67
1800.39
1796.98
1767.09
1792.07
1768.09
1798.92
1827.86
1784.73
1772.5
1781.4
1769.32
1782.98
1800.55
1781.37
1789.34
1786.35
1794.56
1791.79
1794.94
1797.39
1781.09
1775.8
1789.9
1787.06
1791.35
1788.87
1764.66
1786.97
1787.64
1772.25
1785.76
1780.92
1771.45
1753.72
1772.86
1774.5
1789
1803.57
1790.14
1786.59
1778.7
1771.75
1777.24
1780.37
1769.4
1771.79
1778.31
1785.2
