0.405788
0.404996
0.396339
0.391127
0.388591
0.392367
0.393146
0.382003
0.385283
0.39259
0.395515
0.39458
0.396171
0.403861
0.393093
0.397532
0.398053
0.40593
0.414828
0.411413
0.407538
0.40802
0.39372
0.399713
0.408811
0.40819
0.403513
0.402995
0.40208
0.407879
0.405423
0.402782
0.415566
0.406538
0.417417
0.41623
0.418766
0.426989
0.418738
0.415743
0.418287
0.410808
0.415564
0.422274
0.418294
0.418961
0.414212
0.40936
0.407674
0.407423
0.408846
0.41447
0.411513
0.410326
0.411999
0.402644
0.411772
0.423577
0.421636
0.413039
0.415449
0.419043
0.409052
0.401787
0.408947
0.414247
0.418338
0.414276
0.404423
0.402453
0.409145
0.402331
0.400437
0.407649
0.401904
0.404023
0.410507
0.414463
0.408384
0.407113
0.410019
0.418947
0.404734
0.411791
0.405296
0.403837
0.403259
0.409078
0.406133
0.412537
0.410976
0.410082
0.409773
0.403201
0.409195
0.421303
0.416662
0.420417
0.418071
0.412765
0.410245
0.409994
0.406897
0.409926
0.403501
0.407686
0.412971
0.41062
0.413418
0.40483
0.409569
0.412818
0.397156
0.40406
0.413166
0.39847
0.411262
0.402815
0.398383
0.405485
0.389702
0.390095
0.401897
0.403725
0.411506
0.420356
0.414837
0.408323
0.406947
0.407053
0.411506
0.412942
0.410692
0.40259
0.396556
0.398491
0.401851
0.401052
0.403281
0.419872
0.399598
0.391414
0.395238
0.387207
0.396188
0.388156
0.406106
0.401066
0.40237
0.409323
0.404006
0.411777
0.407516
0.39971
0.403706
0.405413
0.4058
0.413146
0.40869
0.415454
0.411396
0.414577
0.41166
0.408001
0.419224
0.419756
0.409276
0.404906
0.404812
0.411949
0.414303
0.409141
0.409605
0.399438
0.401827
0.403052
0.396349
0.398449
0.396238
0.396529
0.404142
0.393836
0.389147
0.39412
0.382043
0.393288
0.38697
0.381078
0.383461
0.377674
0.385726
0.38128
0.380463
0.391525
0.395755
0.404425
0.406807
0.400325
0.401219
0.40027
0.404717
0.411845
0.404635
0.411468
0.413238
0.409589
0.405907
0.405382
0.404801
0.402948
0.399822
0.397157
0.401315
0.398577
0.39904
0.398931
0.400465
0.409232
0.404203
0.407546
0.409551
0.406054
0.410055
0.403283
0.405128
0.410804
0.40576
0.40779
0.407433
0.395781
0.406338
0.408058
0.406623
0.416541
0.413836
0.404935
0.408316
0.400472
0.396952
0.40271
0.394574
0.401468
0.408798
0.401212
0.400449
0.38196
0.38493
0.388544
0.38254
0.391095
0.390979
0.392019
0.401936
0.398162
0.395045
0.394204
0.39654
0.393766
0.395557
0.401234
0.408616
0.408736
0.4089
0.397281
0.395729
0.399078
0.404235
0.405246
0.396422
0.396988
0.410464
0.408803
0.4125
0.405866
0.404474
0.408456
0.40603
0.404723
0.407983
0.402671
0.399566
0.397493
0.394997
0.396662
0.408544
0.409116
0.408006
0.399194
0.387226
0.388861
0.402293
0.402613
0.407603
0.400843
0.39855
0.394335
0.40097
0.40265
0.40197
0.400162
0.394132
0.400132
0.40369
0.405433
0.4023
0.410319
0.404395
0.405065
0.410768
0.400402
0.407159
0.412488
0.410509
0.411044
0.405106
0.406385
0.398708
0.396116
0.398174
0.401386
0.408282
0.419565
0.413209
0.410156
0.401296
0.399648
0.400807
0.409624
0.39875
0.400094
0.4026
0.396181
0.401886
0.39463
0.411131
0.403538
0.414673
0.417144
0.414618
0.416041
0.396246
0.403942
0.408516
0.399302
0.4025
0.41053
0.408088
0.395913
0.406408
0.399774
0.402368
0.411344
0.413858
0.413702
0.412358
0.419171
0.414643
0.408044
0.416654
0.413807
0.41255
0.408872
0.407515
0.410061
0.408782
0.411725
0.416589
0.405889
0.411315
0.407627
0.408643
0.403948
0.413922
0.40812
0.401462
0.411757
0.413125
0.409565
0.415004
0.415173
0.421681
0.417414
0.414208
0.417039
0.417256
0.419821
0.428246
0.421856
0.422047
0.426277
0.418792
0.415652
0.410032
0.406167
0.410256
0.407581
0.417291
0.413401
0.411671
0.405566
0.402708
0.405896
0.413074
0.418962
0.407785
0.413002
0.410016
0.41268
0.412694
0.410728
0.416864
0.420168
0.415775
0.411265
0.415572
0.415567
0.408229
0.400557
0.395313
0.402037
0.41175
0.406805
0.407214
0.405944
0.402752
0.414064
0.410274
0.415393
0.421928
0.418846
0.425261
0.417428
0.406529
0.408248
0.413436
0.416487
0.408622
0.413916
0.408406
0.402467
0.403561
0.41312
0.408234
0.418536
0.426589
0.423888
0.409955
0.412034
0.415442
0.402522
0.405621
0.415507
0.411105
0.412676
0.407432
0.405377
0.409567
0.404048
0.418765
0.425433
0.403171
0.411303
0.395642
0.403511
0.396102
0.406902
0.403483
0.402213
0.408594
0.41368
0.415221
0.412283
0.415453
0.410809
0.41011
0.412224
0.421021
0.418754
0.422359
0.409991
0.420232
0.425305
0.414154
0.41884
0.417632
0.415412
0.406842
0.403365
0.40771
0.405695
0.426115
0.41627
0.417929
0.405555
0.400651
0.404988
0.40692
0.404447
0.400728
0.402136
0.407087
