0.703158
0.704534
0.706466
0.714176
0.7094
0.711068
0.711356
0.706801
0.709434
0.712364
0.706252
0.705392
0.707607
0.705688
0.711451
0.706862
0.702586
0.706197
0.701495
0.700837
0.703411
0.707482
0.711165
0.708843
0.704482
0.702287
0.705471
0.706377
0.707986
0.705275
0.710369
0.708407
0.701853
0.707602
0.698742
0.699133
0.702858
0.688542
0.70211
0.703961
0.698085
0.70836
0.700254
0.697808
0.706839
0.697758
0.70254
0.708423
0.703176
0.707701
0.701975
0.69808
0.702286
0.706756
0.703076
0.712789
0.706702
0.697236
0.703609
0.70292
0.702052
0.700008
0.704067
0.71265
0.706693
0.701675
0.70039
0.696798
0.705532
0.706501
0.700647
0.715
0.700902
0.702401
0.709125
0.704581
0.702384
0.702114
0.705219
0.705783
0.699967
0.700964
0.705814
0.698574
0.704013
0.704904
0.701782
0.704837
0.704203
0.701351
0.69996
0.703111
0.702828
0.706843
0.706264
0.697044
0.700809
0.696927
0.698446
0.700964
0.699582
0.701636
0.7037
0.700126
0.70384
0.700703
0.701422
0.707061
0.698244
0.704823
0.705619
0.703296
0.712566
0.70699
0.693829
0.714399
0.705146
0.705039
0.711209
0.701217
0.713365
0.710937
0.702501
0.711706
0.697439
0.699408
0.705498
0.704507
0.710986
0.709163
0.703919
0.700664
0.70369
0.705432
0.710282
0.711015
0.708389
0.707307
0.701743
0.697037
0.705709
0.713651
0.70759
0.714519
0.710101
0.713631
0.702609
0.710606
0.704162
0.702786
0.70461
0.700217
0.706721
0.711349
0.705133
0.702987
0.703959
0.700317
0.705507
0.702846
0.704107
0.701921
0.701227
0.707515
0.698116
0.696436
0.703682
0.701397
0.7065
0.699925
0.698362
0.707173
0.69742
0.70933
0.704283
0.707933
0.710653
0.709418
0.707488
0.706127
0.704373
0.709263
0.711814
0.706215
0.716324
0.708556
0.709787
0.71639
0.712807
0.718433
0.712076
0.715135
0.71667
0.710044
0.70835
0.708
0.706313
0.708591
0.702028
0.707856
0.709138
0.699291
0.70681
0.707224
0.700161
0.706399
0.706238
0.705507
0.70652
0.703151
0.705313
0.705849
0.705183
0.703336
0.705026
0.708561
0.706678
0.707016
0.704266
0.705033
0.699953
0.707624
0.699906
0.707527
0.708417
0.697819
0.703206
0.706247
0.697866
0.713357
0.705489
0.696797
0.703354
0.694609
0.698344
0.703817
0.69554
0.709995
0.709574
0.703567
0.711315
0.701592
0.701242
0.712008
0.698382
0.710371
0.713549
0.707771
0.71278
0.707415
0.701658
0.709999
0.704092
0.708255
0.707937
0.700144
0.706107
0.707696
0.705334
0.705323
0.704002
0.700533
0.700252
0.70479
0.700817
0.703287
0.700912
0.698342
0.712203
0.703632
0.699209
0.703681
0.693334
0.701381
0.700498
0.698566
0.699455
0.702538
0.70101
0.698668
0.711605
0.704416
0.706334
0.708412
0.696784
0.696624
0.698519
0.703918
0.717065
0.713194
0.703467
0.699597
0.701663
0.703518
0.70171
0.704139
0.708283
0.704499
0.702374
0.703882
0.705347
0.708099
0.698555
0.699663
0.703454
0.696207
0.703933
0.707705
0.701126
0.710953
0.70079
0.702243
0.705627
0.694979
0.70352
0.701306
0.703105
0.708546
0.704884
0.705887
0.695597
0.69596
0.702631
0.703798
0.709369
0.707289
0.711065
0.70227
0.71139
0.7065
0.70293
0.710954
0.709156
0.709526
0.701317
0.707078
0.70015
0.6976
0.697831
0.697046
0.706632
0.708022
0.701727
0.704563
0.701448
0.702344
0.700829
0.707226
0.703727
0.706232
0.703336
0.704196
0.703945
0.700988
0.703273
0.701385
0.7002
0.704173
0.704022
0.703227
0.696481
0.704376
0.700996
0.702334
0.699639
0.701115
0.700131
0.703806
0.701004
0.703257
0.702325
0.703061
0.703837
0.699141
0.705754
0.701061
0.702773
0.704812
0.700394
0.702518
0.69879
0.69715
0.704156
0.700174
0.703006
0.699505
0.698196
0.702451
0.699764
0.695949
0.707591
0.702511
0.703197
0.709067
0.707689
0.710697
0.701349
0.699079
0.705256
0.708476
0.707708
0.711184
0.70044
0.69537
0.705438
0.69814
0.706476
0.709994
0.703508
0.706874
0.702068
0.69972
0.701501
0.705952
0.70425
0.701049
0.708753
0.709013
0.707456
0.712206
0.703501
0.706317
0.70397
0.708636
0.713424
0.7044
0.706032
0.706159
0.700751
0.701929
0.703882
0.705909
0.712536
0.710353
0.702245
0.707505
0.707255
0.69982
0.702732
0.708132
0.708691
0.705203
0.705478
0.700856
0.697002
0.695151
0.701703
0.701398
0.702867
0.709692
0.702626
0.698744
0.701362
0.698692
0.700321
0.709627
0.701554
0.707836
0.701269
0.691844
0.70359
0.707507
0.706868
0.710431
0.710254
0.701233
0.708827
0.706093
0.706487
0.703442
0.703239
0.703401
0.700441
0.705113
0.70794
0.701884
0.702261
0.701286
0.700037
0.710584
0.701992
0.700673
0.705051
0.700346
0.703171
0.706929
0.711988
0.707382
0.70802
0.704963
0.697777
0.702269
0.703468
0.706851
0.710511
0.707016
0.706117
0.71126
0.707879
0.707057
0.704189
