72164
72023
71826
71050.6
71529
71361.2
71332.3
71792
71525.5
71231.4
71847.8
71935.4
71710.2
71905.3
71322.8
71785.9
72222.7
71853.4
72335
72402.9
72138
71723
71351.5
71585.2
72028.3
72253.5
71927.3
71835.1
71671.9
71947.4
71431.4
71629.3
72298.1
71710.8
72620
72579.4
72194.8
73695.9
72271.6
72081.6
72688.4
71634
72463.2
72717.2
71788.2
72722.5
72227.5
71627.6
72162.1
71700.7
72285.6
72688.8
72253.6
71796.6
72172.3
71188.9
71802.1
72776.9
72117.7
72188.4
72277.6
72488.7
72070.8
71202.8
71803
72316.5
72449.2
72822.7
71921.2
71822.5
72422.5
70968.7
72396.3
72241.8
71556.7
72018.2
72243.5
72271.3
71953
71895.6
72493
72389.9
71892.4
72637.5
72076.4
71985.2
72305.4
71992.1
72056.9
72349.9
72493.7
72168.8
72197.8
71787.7
71846.6
72796.9
72405.9
72809.2
72650.9
72389.8
72532.9
72320.5
72108.4
72476.5
72094.1
72416.8
72342.6
71765.6
72671.9
71993.5
71912.3
72149.8
71211.2
71772.8
73134.3
71028.4
71960.5
71971.5
71347
72363.7
71131.4
71374.3
72231.4
71297.2
72755.7
72550.9
71924.6
72025.8
71369.5
71552.9
72086
72420.8
72109.4
71931.3
71440.2
71366.5
71631
71740.7
72309.5
72797.6
71903.2
71102.9
71711.9
71016.6
71458.4
71104.9
72220.4
71407.6
72061.1
72202.1
72015.3
72467
71800.2
71333
71961.9
72181.5
72081.9
72456.7
71923.7
72196
72066.7
72291.1
72362.7
71719.6
72685.2
72860.5
72110.2
72345.2
71822.6
72497.3
72659.6
71754.2
72757.7
71536
72048.7
71677.3
71402.9
71527.2
71722.3
71860.6
72039.5
71542.8
71286.4
71851.5
70837.6
71614.2
71490
70831.1
71187.1
70629.7
71260.1
70955.4
70803.4
71464.1
71635
71670.4
71841.6
71610.7
72280.1
71685
71555.5
72563
71791.1
71749.1
72472.9
71832.9
71849.2
71923.7
71820.6
72164.7
71943.5
71888.8
71956.8
72145.7
71972.8
71613.7
71804.5
71770.2
72050.4
71972.1
72494.4
71708.6
72499.2
71718.4
71628.2
72716.1
72159
71848.4
72711.2
71132.3
71925.6
72822.7
72143.9
73052.1
72661.4
72096.3
72954.4
71469
71511.5
72122
71336.4
72325
72361.1
71266.9
72657.5
71431.2
71113.1
71693.6
71189.8
71729.7
72318.2
71468.7
72068.2
71644.6
71676.8
72474.6
71862.6
71701.2
71941.3
71942.4
72077.4
72434.3
72463.4
71996.8
72405.1
72150.7
72395.2
72661.6
71247.4
72115.3
72571.6
72110.3
73186.5
72346.8
72438
72638.3
72546
72227.6
72385.1
72627.7
71307.3
72035.1
71839.5
71628.7
72824.1
72840.8
72643.2
72086.1
70764.4
71148.5
72132.3
72531.3
72317.8
72127.1
72312.9
72063.4
71641.8
72026.6
72244.6
72089.8
71940
71660.4
72639.4
72524.4
72133.6
72884.5
72084.5
71700.3
72373.1
71372.8
72407.8
72258
71911.4
73013.3
72126.8
72354.5
72169.4
71615.2
71987.2
71885
72948.4
72910.4
72218.1
72098.4
71532.2
71742.5
71361.5
72255.2
71328.9
71822.6
72187.3
71372.6
71553.6
71516.3
72353.4
71763.8
72474
72738.9
72714.8
72796.7
71809.2
71668.2
72311.2
72020.1
72339.8
72247.6
72403.8
71748.8
72105.6
71849.9
72145.7
72057.6
72083.3
72387.4
72152.1
72346.4
72468.8
72060
72075.4
72156.9
72855.8
72039.1
72386.5
72248.6
72527
72374.3
72476
72097.6
72385.7
72153.8
72249.6
72173.9
72094.3
72578.6
71898.5
72379.8
72203.5
71994.6
72448.7
72229.7
72615.1
72785.8
72061.7
72471.5
72179.6
72540.9
72676.8
72236.5
72513.9
72911.5
71711.9
72230.4
72160
71562.5
71701.9
71398.5
72350.1
72585
71949.3
71622.3
71700
71349.6
72444
72972.2
71930.8
72682.7
71825
71469.2
72128.1
71784.6
72276
72518.6
72334.4
71878.3
72052.1
72381
71594.3
71568.1
71725.5
71247.2
72128.8
71841.2
72080.7
71606.2
71125.5
72036.7
71870.2
71857.3
72411.9
72290.3
72089.8
71882.7
71214.1
71433
72257.8
71720.5
71745.9
72508.2
72207.7
71657.1
71600.6
71954.7
71926.7
72401
72801.4
72995.1
72313.6
72345
72193.9
71499.6
72218.6
72619.8
72348.8
72625.2
72456.3
71506.1
72328.9
71687
72358.4
73344.1
72119.7
71720.4
71785.2
71425.2
71443
72362
71586.8
71864
71823.9
72134.8
72155.6
72139
72443.9
71963.9
71676.5
72295
72256.1
72356.6
72485.7
71409.8
72283.8
72419.9
71970.2
72453.7
72162.6
71779
71269
71733.1
71668.4
71979.2
72720.5
72255.3
72132.1
71787
71417.2
71770.2
71861.5
71341.9
71682.7
71766
72058.3
