1891.89
1887.79
1891.56
1899.82
1896.97
1890.33
1902.74
1892.73
1887.27
1879.97
1886.72
1898.82
1890.66
1889.86
1887.12
1894.87
1900.52
1897.18
1894.11
1887.24
1892.93
1890.59
1891.91
1888.42
1888.56
1891.28
1892.39
1891.46
1894.76
1892.05
1894.21
1896.27
1891.27
1892.49
1891.55
1889.59
1894.69
1890.93
1898.62
1898.59
1894.27
1890.3
1887.86
1886.4
1892.02
1899.44
1899.55
1898.39
1900.85
1897.3
1895.42
1894.89
1893.15
1888.65
1891.77
1885.19
1884.9
1891.95
1899.9
1896.74
1891.81
1888.95
1891.38
1893.22
1894.43
1892.76
1892.41
1896.39
1890.46
1883.36
1886.86
1889.65
1889.29
1883.6
1877.42
1884.77
1896.07
1899.88
1896.29
1888.18
1893.38
1894.79
1893.41
1892.69
1891.68
1894.03
1895.61
1893.23
1890.71
1890.98
1891.39
1889.27
1893.35
1895.19
1885.8
1879.16
1885.67
1892.71
1898.88
1887.12
1884.73
1891.58
1893.46
1889.49
1886.38
1895.9
1887.06
1894.53
1894.58
1899.72
1882.13
1885.52
1880.69
1881.62
1885.61
1887.57
1886.28
1895.83
1896.86
1897.16
1894.13
1899.9
1890.63
1881.35
1891.02
1899.15
1897.04
1892.36
1888.73
1879.79
1889.06
1898.23
1897.94
1892.52
1884.49
1894.34
1891.94
1894.53
1902.88
1900.88
1891.87
1890.55
1891.93
1893.56
1884.98
1888.26
1891.16
1888.25
1885.92
1889.97
1889.13
1888.98
1891.12
1888.2
1894.31
1884.8
1893.01
1892.18
1890.52
1898.37
1886.4
1887.41
1893.5
1887.98
1883.83
1893.41
1893.84
1892.53
1891.77
1895.52
1892.99
1899.16
1885.42
1886.02
1886.89
1897.59
1893.84
1891.79
1887.16
1889.34
1885.79
1897
1900.37
1892.96
1894.14
1890.82
1898.03
1894.59
1887.75
1886.51
1887.74
1890.27
1890.7
1890.06
1896
1894.42
1892.95
1883.38
1893.5
1893.95
1900.56
1896.27
1897.52
1895.13
1888.6
1889.8
1889.46
1884.54
1883.33
1891.98
1887.55
1885.85
1890.06
1895.18
1884.18
1893.67
1897.06
1886.36
1883.75
1886.16
1889.21
1883.17
1892.36
1891.59
1893.08
1884.11
1888.3
1887.51
1888.11
1884.25
1886.95
1879.6
1882.75
1885.96
1888.4
1893.14
1894.12
1888.64
1881.59
1892.34
1902.87
1901.48
1889.38
1891.73
1890.19
1888.61
1887.17
1898.15
1899.96
1893.27
1898.17
1889.21
1885.35
1882.3
1880.28
1886.45
1891.58
1881.73
1892.79
1886.76
1892.92
1891.69
1886.82
1886.11
1890.71
1887.55
1890.03
1889.9
1877.64
1885.89
1895.52
1895.78
1886.61
1895.47
1888.6
1887.02
1895.65
1896.37
1897.2
1885.74
1888.01
1891.16
1893.59
1897.56
1891.17
1898.49
1893.67
1886.2
1883.69
1879.42
1892.23
1893.18
1893.66
1885.76
1886.69
1878.66
1889.05
1888.42
1885.51
1893.5
1888.07
1886.02
1883.95
1890.96
1887.19
1888.41
1882.56
1887.06
1889.36
1885.59
1890.95
1894.49
1893.06
1887.94
1898.17
1897.86
1890.44
1894.27
1889.79
1886.61
1885.43
1887.9
1890.91
1899.13
1904.27
1895.56
1888.68
1884.18
1877.35
1891.93
1885.92
1891.88
1896.89
1885.75
1895.33
1891.65
1893.36
1886.69
1888.21
1883.62
1892.37
1885.09
1892.65
1891.35
1888.14
1895.78
1890.94
1892.01
1887.69
1890.76
1899.77
1895.52
1889.49
1888.69
1885.9
1893.27
1898.91
1895.12
1898.95
1892.84
1894.4
1894.05
1893.52
1892.26
1887.34
1883.24
1882.42
1887.52
1888.65
1902.97
1894.22
1897.88
1892.88
1894.21
1892.72
1887.86
1893.73
1889.72
1892.9
1891.67
1886.3
1881.04
1884.58
1883.98
1887.07
1891.95
1896.51
1900.62
1892.35
1884.38
1894.72
1890.58
1890.1
1890.46
1886.54
1892.57
1888.78
1887.63
1888.13
1898.52
1896.1
1889.35
1885.89
1892.02
1887.78
1896.95
1900.84
1896.65
1886.05
1885.29
1890.03
1893.88
1896.02
1888.27
1890.62
1892.58
1898.21
1893.91
1890.36
1891.32
1891.54
1882.53
1889.14
1890.83
1891.9
1888.64
1889.89
1898.33
1900.08
1891.97
1896.6
1898.44
1894.29
1882.86
1885.17
1892.96
1891.65
1897.08
1898.9
1902.54
1895.87
1881.44
1886
1892.81
1888.45
1890.91
1890.62
1896.02
1894.85
1886.64
1888.74
1881.77
1881.57
1872.91
1877.78
1884.9
1892.9
1891.95
1897.46
1894.96
1890.33
1886.85
1890.71
1891.77
1890.59
1888.51
1888.76
1897.76
1893.88
1894.67
1889.55
1891.41
1892.48
1892.35
1892.74
1889.49
1896.66
1894.12
1891.24
1892.05
1884.11
1885.66
1888.84
1896.11
1895.86
1889.51
1893.34
1893.4
1894.61
1898.42
1900.15
1886.11
1886.01
1890.48
1887.64
1891.14
1892.32
1898.48
1885.7
1885.33
1891.35
