0.436777
0.432333
0.434701
0.432212
0.432615
0.435937
0.443344
0.439887
0.438951
0.433442
0.4371
0.445229
0.443242
0.437353
0.438742
0.447466
0.441472
0.442402
0.43798
0.440139
0.440753
0.444149
0.442177
0.438518
0.443445
0.443858
0.441251
0.439491
0.445222
0.438513
0.439523
0.438914
0.434801
0.431254
0.436751
0.434614
0.4312
0.436203
0.43907
0.435708
0.436756
0.436974
0.436192
0.436365
0.440353
0.442575
0.445763
0.444085
0.446933
0.444638
0.440809
0.442667
0.442395
0.43871
0.439548
0.437323
0.43849
0.440561
0.448242
0.44267
0.439797
0.433219
0.438707
0.434064
0.439019
0.441627
0.441563
0.443291
0.437435
0.43399
0.43496
0.435918
0.438453
0.43132
0.433396
0.432684
0.438523
0.439058
0.437717
0.434779
0.436061
0.441225
0.437643
0.436149
0.432283
0.438864
0.440381
0.435394
0.433517
0.435373
0.435667
0.433585
0.432446
0.439487
0.435128
0.431711
0.434349
0.438565
0.438387
0.437329
0.43798
0.439066
0.437235
0.433404
0.434765
0.441952
0.435639
0.440691
0.437133
0.441094
0.43187
0.43726
0.435138
0.437407
0.44321
0.441374
0.441371
0.448852
0.451286
0.449293
0.446299
0.450424
0.445562
0.439554
0.440109
0.448236
0.441046
0.437512
0.435946
0.438611
0.436447
0.44005
0.441011
0.43565
0.433004
0.440368
0.440379
0.440845
0.443934
0.437469
0.435901
0.431219
0.43317
0.435954
0.43481
0.432657
0.437695
0.438028
0.439034
0.442786
0.436773
0.44408
0.437372
0.438344
0.441586
0.434972
0.44063
0.437764
0.441757
0.44717
0.437843
0.432731
0.436462
0.438701
0.440451
0.443084
0.4429
0.442449
0.443058
0.443729
0.444404
0.448178
0.437043
0.434917
0.438352
0.442381
0.442987
0.438583
0.439467
0.441008
0.437001
0.438223
0.44536
0.437199
0.43624
0.436649
0.442276
0.43881
0.437599
0.437585
0.43559
0.440809
0.442993
0.438979
0.441958
0.446418
0.442455
0.440634
0.439047
0.440145
0.443295
0.441984
0.441137
0.439119
0.438889
0.438612
0.435751
0.43394
0.431947
0.433533
0.433593
0.430175
0.426606
0.434025
0.435261
0.434701
0.434852
0.432772
0.426821
0.432164
0.43318
0.430577
0.435119
0.432595
0.435033
0.433629
0.434075
0.435048
0.435482
0.432713
0.430952
0.431961
0.431004
0.43246
0.433727
0.434428
0.431984
0.431119
0.431856
0.43359
0.437344
0.43561
0.43428
0.44444
0.447056
0.445095
0.444966
0.450505
0.450664
0.447525
0.448056
0.442404
0.443298
0.440772
0.442593
0.443055
0.438324
0.432846
0.434131
0.433191
0.436057
0.430812
0.427738
0.433439
0.429796
0.432416
0.432762
0.430271
0.431822
0.435849
0.436156
0.43404
0.435295
0.441128
0.435498
0.437504
0.438498
0.443143
0.441288
0.440002
0.442356
0.44762
0.446478
0.450081
0.445244
0.445558
0.44518
0.441618
0.442595
0.438153
0.443493
0.440716
0.438017
0.434242
0.436016
0.436896
0.435714
0.433243
0.42789
0.424837
0.426858
0.426423
0.426288
0.432286
0.428494
0.430954
0.432974
0.426359
0.425162
0.432133
0.434661
0.436425
0.435603
0.431167
0.43597
0.436838
0.438872
0.439905
0.442213
0.438302
0.440476
0.4436
0.451911
0.45267
0.451332
0.448268
0.447749
0.44408
0.441838
0.446273
0.440548
0.443724
0.442012
0.437821
0.440108
0.437071
0.437407
0.437222
0.44235
0.438929
0.440886
0.442805
0.44308
0.436222
0.439148
0.441866
0.440924
0.441252
0.441069
0.440712
0.442091
0.442423
0.437502
0.441302
0.443471
0.439725
0.441987
0.43874
0.442006
0.44084
0.441037
0.438926
0.443802
0.444747
0.442853
0.4399
0.43818
0.443904
0.444488
0.451775
0.449012
0.451525
0.446568
0.446052
0.446689
0.448681
0.447735
0.443719
0.440396
0.434246
0.436749
0.433576
0.435058
0.42945
0.431606
0.429696
0.435849
0.433465
0.431548
0.429567
0.431282
0.429035
0.434291
0.434972
0.437046
0.436268
0.44164
0.439785
0.445065
0.448469
0.446605
0.445023
0.441225
0.442271
0.446374
0.447332
0.445697
0.446859
0.437277
0.435255
0.438779
0.441728
0.439129
0.436708
0.438071
0.444338
0.442591
0.443531
0.443202
0.442275
0.439849
0.437218
0.440892
0.439227
0.439335
0.437165
0.438878
0.445208
0.445862
0.44337
0.448633
0.442327
0.440902
0.440803
0.439281
0.436611
0.440147
0.438266
0.443995
0.44207
0.447205
0.440063
0.440876
0.442301
0.439105
0.446147
0.44083
0.43872
0.441389
0.438892
0.439686
0.434773
0.43276
0.42714
0.42446
0.429699
0.429385
0.430521
0.433901
0.439333
0.437043
0.436792
0.438458
0.436621
0.438966
0.44245
0.443549
0.444185
0.444008
0.442517
0.440578
0.444058
0.441362
0.439115
0.438733
0.438758
0.439529
0.444097
0.440896
0.441808
0.440498
0.435488
0.441444
0.442385
0.443837
0.440767
0.440368
0.438825
0.437717
0.438657
0.438154
0.436233
0.43698
0.435949
0.440979
0.439701
0.437879
0.437808
0.434297
0.431179
0.436139
