0.683797
0.683886
0.682462
0.681764
0.681129
0.68282
0.679683
0.681235
0.683447
0.685213
0.683291
0.680549
0.681343
0.682896
0.683773
0.680126
0.679545
0.679624
0.681157
0.683118
0.680654
0.681453
0.682231
0.682603
0.682534
0.682651
0.684417
0.683367
0.682805
0.684129
0.683317
0.684265
0.685371
0.685597
0.6846
0.686433
0.684911
0.683933
0.681744
0.681649
0.683067
0.683489
0.685478
0.68597
0.682785
0.681616
0.681228
0.6808
0.680191
0.681453
0.681324
0.680723
0.681895
0.683063
0.684036
0.684467
0.684926
0.682464
0.679692
0.680718
0.682133
0.684796
0.684588
0.68423
0.684101
0.683081
0.683934
0.682771
0.684293
0.686652
0.685887
0.685144
0.684224
0.685493
0.687592
0.684873
0.681834
0.681004
0.681567
0.683105
0.681098
0.681437
0.681682
0.681725
0.682423
0.682064
0.682742
0.682907
0.683556
0.683706
0.684009
0.684218
0.684479
0.684131
0.685622
0.687188
0.686085
0.683289
0.682046
0.684457
0.684202
0.68251
0.68308
0.684503
0.684662
0.683332
0.684052
0.682261
0.68324
0.683149
0.686163
0.685328
0.686373
0.68586
0.684401
0.683471
0.683476
0.679512
0.67954
0.681071
0.681904
0.6801
0.682285
0.684027
0.681649
0.679701
0.680202
0.681886
0.683571
0.684738
0.684314
0.681741
0.682522
0.684036
0.685906
0.683519
0.684259
0.68278
0.680282
0.681953
0.683641
0.684879
0.684104
0.682029
0.68459
0.683375
0.683125
0.683365
0.683319
0.682798
0.683802
0.683061
0.682867
0.683634
0.683143
0.683569
0.6816
0.683016
0.681371
0.681322
0.683655
0.683258
0.681236
0.682318
0.682634
0.680833
0.680364
0.681057
0.680874
0.679845
0.681063
0.679789
0.682617
0.682888
0.682861
0.681163
0.680983
0.68326
0.682646
0.683283
0.683446
0.68154
0.681845
0.682375
0.68311
0.683234
0.681325
0.680628
0.682513
0.683295
0.682599
0.681323
0.680221
0.681127
0.680307
0.679483
0.680294
0.68235
0.681021
0.680837
0.679006
0.68102
0.680816
0.680908
0.682784
0.682455
0.683878
0.684427
0.685269
0.683531
0.683437
0.684218
0.682909
0.682756
0.684647
0.682461
0.68299
0.683963
0.686471
0.684925
0.684857
0.686676
0.683339
0.683472
0.682707
0.684918
0.684981
0.684216
0.685065
0.685598
0.684531
0.685247
0.683675
0.684456
0.683225
0.683657
0.682895
0.684265
0.685414
0.682672
0.679099
0.679506
0.68082
0.681006
0.680749
0.681502
0.680951
0.678497
0.676779
0.678547
0.678486
0.681127
0.682009
0.682892
0.683096
0.682383
0.682144
0.685386
0.684126
0.683301
0.683397
0.683979
0.684998
0.685217
0.684821
0.685296
0.68552
0.684065
0.686239
0.685252
0.682477
0.682733
0.683827
0.681587
0.682743
0.682661
0.681113
0.679238
0.678317
0.681815
0.681954
0.679892
0.678646
0.678397
0.679028
0.677053
0.678377
0.68083
0.681587
0.682411
0.680206
0.679954
0.6811
0.683183
0.684225
0.6859
0.683935
0.683989
0.685534
0.684185
0.68485
0.684767
0.686547
0.684731
0.685346
0.685301
0.686724
0.686433
0.685228
0.684203
0.683291
0.68282
0.681813
0.682644
0.681239
0.681411
0.682051
0.681966
0.682174
0.682939
0.681838
0.680042
0.678599
0.67599
0.675778
0.677422
0.679696
0.681559
0.682754
0.680451
0.681726
0.681355
0.680223
0.682927
0.680893
0.681812
0.682812
0.682339
0.682717
0.684241
0.682716
0.683521
0.683097
0.682374
0.6839
0.68271
0.683413
0.68366
0.683945
0.682986
0.680856
0.681852
0.683426
0.684339
0.68475
0.683761
0.681769
0.681498
0.680987
0.682031
0.681727
0.681968
0.681234
0.682035
0.683448
0.686519
0.68541
0.684081
0.683932
0.679542
0.681496
0.680656
0.68224
0.681534
0.682801
0.683486
0.683441
0.683616
0.684232
0.685479
0.68613
0.688076
0.687264
0.687701
0.687355
0.685756
0.683723
0.682869
0.685904
0.687514
0.68478
0.685259
0.68464
0.682802
0.683376
0.68383
0.68457
0.682909
0.682298
0.680092
0.680692
0.682362
0.683703
0.68284
0.683283
0.679584
0.679086
0.681051
0.683777
0.68389
0.682956
0.681415
0.681652
0.683141
0.683299
0.681913
0.68084
0.681652
0.68366
0.683587
0.683567
0.685395
0.684218
0.683018
0.68361
0.683953
0.682802
0.68058
0.678835
0.681147
0.680585
0.679738
0.681935
0.682844
0.682934
0.682529
0.681591
0.680713
0.680187
0.67938
0.680523
0.683235
0.682731
0.682039
0.683208
0.682137
0.682047
0.682287
0.681938
0.6843
0.68458
0.686949
0.687062
0.68908
0.689504
0.687302
0.685477
0.684442
0.682952
0.684371
0.685668
0.6853
0.685737
0.684804
0.684943
0.68407
0.683878
0.681398
0.682421
0.683213
0.683951
0.683093
0.682736
0.682433
0.683028
0.683749
0.683307
0.683034
0.681945
0.682046
0.683318
0.685056
0.683364
0.68191
0.68043
0.6829
0.68352
0.682125
0.683089
0.681626
0.680886
0.683885
0.683479
0.684331
0.685597
0.684556
0.682837
0.680663
0.683864
0.684943
0.683269
