69778
69769
69914.6
69986.1
70051.3
69877.9
70200.5
70040.5
69813.8
69633.8
69829.7
70111.1
70029.4
69870.1
69780.5
70154.6
70214.7
70206.6
70048.5
69847.5
70100.3
70018.1
69938.2
69900.1
69907.1
69895.2
69714.8
69822
69879.5
69744.2
69827.1
69730.3
69617.9
69594.9
69696.2
69510.1
69664.6
69764.2
69988.2
69997.9
69852.7
69809.5
69606.9
69557
69881.5
70001.3
70041.2
70085.2
70148
70018.1
70031.4
70093.2
69972.7
69853.1
69753.7
69709.8
69663
69914.4
70199.5
70093.6
69948.3
69676.3
69697.5
69733.9
69747
69851.2
69764.1
69882.9
69727.5
69487.9
69565.4
69640.8
69734.6
69605.4
69392.9
69668.5
69979
70064.3
70006.4
69848.7
70054.6
70019.8
69994.6
69990.2
69918.5
69955.3
69885.8
69869.1
69802.6
69787.4
69756.4
69735.1
69708.6
69744
69592.4
69433.8
69545.4
69830
69957.2
69710.7
69736.8
69909.6
69851.3
69706.1
69689.9
69825.6
69752.1
69935.1
69835
69844.2
69537.5
69622.2
69516.2
69568.2
69716.5
69811.3
69810.9
70218.1
70215.2
70057.4
69971.7
70157.4
69932.7
69754.6
69998
70198.6
70146.9
69973.6
69801.1
69682.2
69725.4
69988.5
69908.4
69753.7
69563.5
69806.5
69731
69882
70138.6
69966.7
69794
69667.8
69746.8
69958.9
69697.3
69821.2
69846.7
69822.2
69826.9
69880.1
69777.5
69853.3
69873.1
69794.7
69844.8
69801.4
70003
69857.9
70026.5
70031.6
69792.5
69833.1
70040.4
69929.3
69897
70081.8
70130.1
70058.8
70077.6
70183.7
70058.2
70189.5
69898.7
69870.9
69873.8
70047.9
70066.4
69832.9
69895.7
69830.6
69813.9
70009.1
69977.8
69923.5
69848.2
69835.5
70031.3
70102.9
69909.4
69829.3
69900.5
70031.5
70144.9
70051.6
70136.1
70221.1
70137.3
69926
70062.5
70081.4
70270.4
70062.6
70083.6
70074.1
69881.5
69915.2
69769.8
69713.9
69628.1
69805.2
69814.8
69735.1
69868.8
69884.4
69691.5
69914.6
69860.5
69761.2
69506.2
69663.2
69670
69485.5
69824.9
69811.3
69889.5
69663.9
69657.4
69735.3
69648.9
69594.8
69703.2
69630.4
69790.5
69710.8
69836.5
69792.4
69870.2
69730.3
69613.5
69893
70260.8
70218.7
70083.2
70064
70090.5
70013.1
70069.8
70323.1
70501.6
70317.9
70324.3
70051.6
69961
69870.5
69849.7
69922.7
69947.1
69616.2
69744.6
69828.7
69818.9
69759.5
69655.7
69633.5
69673.7
69625.4
69602.7
69750.7
69529.7
69629.9
69913
69886.8
69775
70004.4
69885.8
69894.2
70053.1
70246.4
70341.8
69981
69966.7
70178.8
70307.7
70333.5
70268.1
70473.1
70335.5
70082.2
70004.3
69919.8
70146.5
70172.4
70054.4
69840.8
69734.4
69564.2
69764
69758.5
69601.3
69738.5
69670.8
69679.3
69498.6
69682.8
69620.3
69624.9
69480.7
69510.1
69632.3
69736.7
69829.8
69877.9
69981.1
69896
70040.1
70022.4
69956.6
69965.4
69944
69865.7
69978.6
70163.4
70312.5
70584
70606.1
70434.7
70199
70007.2
69884.7
70121.2
69990
70028.2
70144.7
69866.9
70075.7
69981.2
69878.7
69927.2
69888.5
69732.8
69888.6
69806.2
69849.6
69923.6
69767.6
69889.1
69817.3
69792
69763
69860.9
70079.5
69977.1
69816
69722.8
69680.9
69781.7
69985.6
70013.5
70066
69958.7
69989.9
69965.2
70040.5
69958.3
69813.7
69501.4
69613.8
69749.1
69764.3
70215
70013.7
70100.1
69937.3
70009.7
69879.9
69809.9
69814.5
69796.6
69733.7
69606.8
69540.8
69344.2
69426.1
69381.9
69416.9
69578.7
69785.6
69872.9
69563.8
69400.8
69677.9
69629.2
69692.1
69879.8
69821.1
69774.7
69699.3
69868.8
69931.4
70158.2
70096.4
69924.8
69787.7
69875.9
69830.5
70210.6
70262.1
70059.4
69780.1
69768.6
69864
70022
69997.7
69845.1
69828.9
69970.8
70081.2
69997.7
69792
69799.5
69801.5
69615.4
69735.1
69857.6
69797.2
69762.2
69879.8
70107.9
70288.1
70049.6
70107.4
70194.7
69968.6
69875.4
69866.3
69907.7
70003.9
70094.2
70148.4
70231.7
70113.8
69835.4
69887
69957.9
69838.2
69947.9
69957.1
69932.5
69968.3
69726.8
69698.2
69457.9
69446.4
69243.1
69200.6
69422.2
69607
69712.3
69864.4
69719.5
69587.6
69625.1
69580.6
69675.4
69661.3
69750.2
69769.8
70023.7
69918.8
69837.8
69762.4
69849.9
69886.5
69917.6
69856.6
69783
69828.1
69856
69967.5
69957.2
69827
69649.9
69822.3
69971.2
70123.4
69869.7
69806.4
69949.1
69850.4
70000.3
70076.4
69769.1
69810.5
69723.6
69594.9
69700.7
69876.2
70099.3
69771.2
69661.3
69832
