2217.86
2167.42
2167.32
2181
2183.36
2186.68
2209.54
2184.09
2184.56
2172.78
2149.13
2156.05
2177.16
2173.86
2182.25
2168.87
2171.8
2154.95
2148.95
2195.12
2214.57
2179.33
2182.59
2197.62
2189.42
2209.16
2230.45
2205.43
2181.39
2164.96
2174.8
2175.64
2188.16
2225.11
2232.81
2221.7
2217.69
2199.97
2209.59
2191.78
2201.07
2201.45
2177.16
2209.83
2241.89
2206.65
2211.64
2217.22
2214.22
2207.8
2207.49
2212.62
2208.38
2201.8
2196.74
2146.35
2184.78
2184.42
2155.85
2166.6
2196.56
2197.62
2170.99
2159.87
2191.4
2218.35
2212.09
2203.57
2205.79
2209.5
2202.94
2178.05
2157.29
2168.09
2179.2
2181.62
2195.55
2199.06
2197.49
2169.1
2169.56
2194.25
2199
2179.11
2194.28
2201.46
2173.26
2185.59
2184.91
2176.71
2171.13
2182.34
2177.72
2198.1
2213.86
2181.71
2169.87
2196.2
2168.14
2129.52
2157.31
2228.48
2178.53
2138.99
2163.5
2198.26
2194.77
2174.57
2155.81
2175.54
2196.5
2161.27
2172.67
2180.1
2170.71
2151.84
2141.1
2139.93
2152.1
2160.1
2154.39
2177.36
2197.66
2189.88
2152.34
2168.34
2199.55
2185.96
2165.01
2192.68
2179.79
2159.15
2145.71
2152.71
2180.37
2192.52
2178.07
2202.4
2198.21
2163.15
2145.41
2197.26
2183.73
2163.61
2210.02
2218.15
2177.26
2201.49
2183.47
2164.08
2178.67
2179.85
2172.58
2187.55
2178.68
2171.58
2174.19
2167.29
2160.9
2169.3
2171.25
2166.86
2152.16
2165.18
2173.7
2169.89
2165.49
2182.55
2199.1
2183.01
2140.53
2170.97
2213.24
2216.3
2189.97
2160.86
2161.49
2182.85
2186.02
2187.65
2188.91
2194.57
2220.35
2202.59
2172.57
2164.5
2181.87
2164.25
2163.81
2210.12
2204.12
2169.11
2166.55
2184.57
2200.23
2176.81
2169.06
2213.29
2223.95
2206.61
2192.47
2207.18
2190.56
2198.88
2233.67
2216.19
2190.6
2223.74
2214.18
2160.52
2173.8
2208.69
2225.63
2221.8
2177.41
2157.54
2177.85
2198.43
2190.5
2180.3
2196.6
2190.39
2187.26
2165.69
2180.34
2198.98
2174.59
2148.34
2185.08
2192.88
2193.8
2200.46
2194.79
2182.64
2190.85
2170.39
2173.23
2223.53
2205.26
2133.76
2137.73
2212.96
2212.34
2181.54
2171.27
2194.27
2180.64
2160.66
2189.36
2179.07
2150.85
2173.41
2201.58
2187.93
2172.13
2155.81
2147.11
2164.33
2174.43
2187.58
2184.7
2201.81
2183.22
2181.46
2200.85
2192.32
2174.96
2160.12
2187.57
2200.88
2189.62
2169.34
2168.56
2174.67
2208.67
2192.55
2187.39
2185.95
2209.9
2203.64
2176.42
2214.42
2220.22
2185.81
2179.33
2200.17
2206.49
2160.54
2144.74
2153.13
2144.07
2174.36
2185.81
2167.01
2178.66
2185.16
2154.41
2154.68
2144.59
2112.18
2158.94
2179.7
2174.04
2158.83
2190
2196.45
2209.76
2185.63
2160.81
2170.63
2210.86
2224.43
2180.25
2189.61
2185.3
2192.69
2177.94
2166.49
2152.81
2185.51
2162.92
2150.1
2166.41
2192.25
2171.55
2136.84
2129.65
2178.19
2199.12
2182.87
2222.51
2211.55
2155.19
2142.38
2200.6
2184.24
2175.21
2183.07
2195.07
2186.37
2177.8
2187.41
2194.61
2192.44
2179.08
2192.98
2220.47
2228.45
2208.25
2207.47
2206.28
2174.15
2196.92
2191.19
2150.2
2176.27
2197.17
2201.46
2146.07
2131.81
2168.34
2155.75
2137.33
2133.31
2157.27
2169.24
2141.82
2126.78
2143.65
2163.35
2203.91
2169.93
2147.2
2185.58
2168.62
2139.62
2171.85
2199.25
2164.75
2152.94
2175.51
2168.99
2168.67
2147.27
2164.68
2174.28
2142.76
2139.74
2169.22
2173.39
2149.43
2158.48
2181.39
2180.67
2149.33
2161.32
2185.91
2166.51
2166.13
2201.94
2229.48
2191.75
2157.56
2169.61
2219.01
2220.19
2200.97
2196.29
2179.51
2186.77
2192
2208.99
2217.12
2187.83
2142.44
2213.56
2212.7
2186.74
2216.74
2244.32
2239.15
2204.92
2175.91
2202.24
2200.47
2189.08
2179.89
2194.8
2208.74
2181.68
2186.99
2182.76
2189.99
2192.99
2182.31
2159.4
2184.27
2181.51
2179.88
2188.01
2198.61
2193.82
2179.16
2203.07
2175.65
2191.02
2211.37
2194.22
2166.27
2179.05
2176.38
2175.25
2193.03
2204.37
2180.11
2184.33
2198.46
2194.06
2184.07
2208.59
2229.21
2208.22
2153.75
2157.19
2193.95
2186.84
2143.83
2172.15
2198.84
2166.1
2166.12
2194.15
2192.64
2125.93
2160.19
2188.37
2174.07
2179.1
2221.28
2194.69
2163.33
2167.28
2167.58
2189.99
2177.26
2168.67
2146.66
2167.15
2198.56
2187.6
2165.67
2165
2171.12
2202.34
2211.9
2169.12
2144.7
2211.91
2190.27
2170.16
2200.15
