0.500852
0.479098
0.477332
0.493145
0.493152
0.496639
0.523861
0.496969
0.508577
0.49153
0.486333
0.488098
0.485712
0.491564
0.499191
0.495697
0.500558
0.485397
0.479916
0.511665
0.514975
0.504842
0.509219
0.50895
0.512309
0.518337
0.514286
0.506787
0.503699
0.494105
0.505496
0.500426
0.514384
0.516243
0.528476
0.521099
0.512023
0.504297
0.500024
0.500453
0.503161
0.502506
0.505744
0.524515
0.524469
0.515347
0.526077
0.534975
0.525403
0.536968
0.54002
0.535835
0.528942
0.521915
0.519265
0.506688
0.510684
0.506872
0.481214
0.487584
0.497574
0.510251
0.499462
0.49626
0.500773
0.511522
0.5105
0.506564
0.508407
0.508541
0.506624
0.499276
0.50196
0.513884
0.515976
0.519997
0.517392
0.521037
0.523264
0.516855
0.513666
0.525479
0.534076
0.52272
0.536637
0.517386
0.508511
0.516748
0.500904
0.492174
0.495475
0.489636
0.493097
0.483624
0.489284
0.482699
0.472777
0.484513
0.481639
0.479779
0.488585
0.511086
0.495443
0.494968
0.501721
0.511005
0.521979
0.513586
0.509212
0.510702
0.509684
0.493026
0.496729
0.495241
0.496616
0.497232
0.484394
0.494039
0.499655
0.495749
0.487434
0.491468
0.496985
0.491665
0.484286
0.477579
0.485985
0.483334
0.48689
0.483893
0.491254
0.48001
0.473338
0.478425
0.483982
0.49461
0.490804
0.513128
0.501592
0.50567
0.502596
0.519583
0.508523
0.503887
0.516541
0.514736
0.501298
0.501075
0.49001
0.484971
0.492666
0.490975
0.485208
0.501549
0.491361
0.500957
0.501263
0.505237
0.498315
0.511112
0.500513
0.495599
0.487949
0.504779
0.498728
0.496105
0.504939
0.497538
0.499593
0.487982
0.474739
0.491256
0.504992
0.507698
0.499179
0.498793
0.493418
0.497757
0.500527
0.512665
0.510312
0.527686
0.526925
0.520624
0.523472
0.519599
0.515323
0.517807
0.509963
0.521776
0.512421
0.492947
0.487926
0.496144
0.501246
0.491464
0.494076
0.504228
0.505228
0.495404
0.504683
0.499113
0.502147
0.51183
0.509892
0.494008
0.502421
0.506334
0.507792
0.497913
0.505122
0.503578
0.499801
0.503481
0.491407
0.475784
0.490187
0.507973
0.503625
0.501644
0.50667
0.504372
0.503545
0.493941
0.49911
0.505372
0.497514
0.490917
0.502182
0.500923
0.502395
0.501065
0.493508
0.496537
0.498938
0.494982
0.503168
0.504139
0.49679
0.472704
0.466663
0.49098
0.484228
0.486695
0.486254
0.500388
0.502437
0.488705
0.492509
0.486548
0.480601
0.478236
0.489787
0.495016
0.495186
0.486542
0.492177
0.494425
0.506393
0.515003
0.524769
0.520356
0.522705
0.524184
0.526452
0.520535
0.520784
0.513845
0.524719
0.53054
0.521052
0.510189
0.507974
0.506049
0.521995
0.518712
0.511539
0.51735
0.513414
0.523837
0.51324
0.513814
0.524331
0.509819
0.497641
0.507617
0.508185
0.505756
0.490667
0.491784
0.494068
0.502174
0.500123
0.485924
0.493133
0.496198
0.488734
0.48976
0.485999
0.487789
0.501667
0.499203
0.502823
0.500186
0.493186
0.497299
0.501111
0.497207
0.495886
0.492315
0.501639
0.505356
0.49779
0.489
0.494243
0.503716
0.496607
0.483831
0.488445
0.492163
0.488249
0.48521
0.495267
0.490381
0.497679
0.484529
0.489624
0.503637
0.522065
0.521384
0.526572
0.52103
0.519808
0.507368
0.466312
0.476124
0.472145
0.48693
0.486521
0.492035
0.496443
0.50031
0.516466
0.515847
0.518277
0.521589
0.53048
0.555149
0.544331
0.529127
0.539593
0.539971
0.530025
0.5269
0.522113
0.523185
0.523964
0.521548
0.496492
0.493234
0.504489
0.486483
0.475879
0.465762
0.478737
0.476086
0.473412
0.467354
0.47969
0.485152
0.485664
0.482152
0.474142
0.497272
0.490379
0.481854
0.489486
0.493451
0.488849
0.479323
0.48823
0.481349
0.487616
0.477671
0.47802
0.480571
0.462408
0.461496
0.469238
0.475487
0.462334
0.472648
0.477667
0.474384
0.467643
0.477014
0.49046
0.488303
0.490879
0.494419
0.504926
0.499873
0.489227
0.489298
0.509818
0.517909
0.504466
0.492437
0.500535
0.496357
0.500481
0.49939
0.498985
0.482099
0.46934
0.478507
0.49084
0.496982
0.493849
0.507559
0.499421
0.497784
0.48316
0.497515
0.49529
0.488157
0.493675
0.489875
0.501871
0.495768
0.488762
0.497151
0.498784
0.491994
0.490464
0.488908
0.4913
0.496478
0.489526
0.484346
0.48946
0.482977
0.488446
0.485793
0.472906
0.473215
0.483313
0.470097
0.47427
0.476962
0.477605
0.493248
0.49737
0.492314
0.488272
0.490682
0.504648
0.50848
0.508551
0.508391
0.519801
0.505089
0.485683
0.488059
0.492028
0.482096
0.472381
0.478377
0.485149
0.48564
0.489272
0.502685
0.506207
0.504142
0.515205
0.516134
0.514881
0.523856
0.534809
0.527632
0.506338
0.501474
0.503688
0.50878
0.504131
0.492737
0.494323
0.47857
0.49193
0.493479
0.475611
0.474961
0.477597
0.478657
0.481315
0.473955
0.473901
0.476508
0.48651
0.47882
0.493142
