0.61229
0.624785
0.623605
0.616451
0.615766
0.6148
0.610212
0.617075
0.618064
0.619156
0.622345
0.619411
0.619023
0.618434
0.617666
0.620003
0.617311
0.624231
0.624415
0.61238
0.610386
0.618015
0.615976
0.612372
0.614864
0.612214
0.608611
0.614327
0.620079
0.621325
0.621172
0.620138
0.619511
0.610178
0.6093
0.60769
0.611951
0.6167
0.613971
0.618773
0.615443
0.614255
0.61889
0.608181
0.601879
0.610592
0.60891
0.605635
0.606519
0.605871
0.606767
0.605908
0.610652
0.611211
0.613688
0.623659
0.617472
0.616855
0.624809
0.624166
0.619673
0.617997
0.623338
0.624001
0.620374
0.612551
0.612471
0.611966
0.614337
0.614175
0.613867
0.620232
0.623555
0.62206
0.615662
0.614747
0.613332
0.610962
0.609635
0.617194
0.618431
0.610871
0.609151
0.61282
0.607487
0.610118
0.620111
0.615387
0.617551
0.619022
0.622299
0.622231
0.62192
0.619627
0.616547
0.623576
0.626088
0.620554
0.623566
0.63154
0.624934
0.611769
0.620993
0.627649
0.619867
0.611866
0.611774
0.61658
0.619913
0.612882
0.612798
0.620657
0.620057
0.617881
0.617513
0.622111
0.627588
0.624108
0.619093
0.62061
0.624358
0.623303
0.617725
0.621697
0.629793
0.62747
0.617989
0.621378
0.62574
0.619972
0.622896
0.629848
0.63098
0.629147
0.623302
0.620691
0.622109
0.613233
0.610058
0.618981
0.621441
0.609464
0.615508
0.62051
0.61047
0.610021
0.619725
0.614013
0.619715
0.624092
0.621111
0.617818
0.621726
0.61875
0.619369
0.620812
0.620433
0.620831
0.623434
0.620216
0.621363
0.62147
0.625066
0.621394
0.620245
0.621508
0.623838
0.622399
0.618504
0.621608
0.631926
0.624251
0.613872
0.615195
0.619016
0.626179
0.623541
0.620116
0.620679
0.617037
0.615963
0.614634
0.607929
0.611446
0.618307
0.618425
0.615149
0.618635
0.621613
0.610735
0.611477
0.622785
0.620996
0.62146
0.617129
0.620594
0.621362
0.615462
0.611605
0.615659
0.615568
0.613756
0.616686
0.614137
0.60601
0.610651
0.615686
0.608952
0.611142
0.622598
0.618993
0.612285
0.612911
0.611741
0.621345
0.627035
0.620851
0.616175
0.614213
0.617969
0.613812
0.615948
0.616959
0.622881
0.618434
0.615388
0.622428
0.628077
0.619962
0.617526
0.620361
0.616022
0.618025
0.620967
0.619316
0.622245
0.622721
0.614248
0.617967
0.633941
0.634291
0.618492
0.617477
0.622567
0.623131
0.616189
0.618984
0.625462
0.619278
0.622754
0.626299
0.624517
0.618637
0.618835
0.621315
0.625503
0.625792
0.624294
0.620072
0.616178
0.612333
0.610479
0.611562
0.61556
0.609743
0.61155
0.618299
0.618215
0.613027
0.608814
0.612862
0.616111
0.618142
0.617858
0.609839
0.613057
0.615789
0.613382
0.610293
0.610877
0.618294
0.610468
0.607123
0.61852
0.61825
0.613323
0.611326
0.620194
0.623641
0.622903
0.624745
0.619971
0.615849
0.620811
0.618494
0.618033
0.625425
0.626157
0.628944
0.632788
0.619933
0.616984
0.617845
0.620436
0.615724
0.613313
0.612638
0.616778
0.624471
0.622231
0.613987
0.612109
0.619404
0.620995
0.618454
0.619397
0.621552
0.625562
0.625795
0.618359
0.622633
0.625159
0.621887
0.615847
0.618203
0.626726
0.62633
0.616185
0.613589
0.616308
0.607704
0.60777
0.615612
0.619537
0.619757
0.619586
0.62269
0.622266
0.619363
0.619875
0.618399
0.616951
0.610559
0.613231
0.616144
0.611593
0.602599
0.600439
0.604412
0.6054
0.604777
0.612995
0.608776
0.609224
0.621194
0.618646
0.613273
0.613558
0.62438
0.62783
0.619108
0.623523
0.62691
0.630509
0.62456
0.623137
0.628769
0.631213
0.627489
0.623172
0.617711
0.621519
0.627097
0.618039
0.620608
0.626746
0.617655
0.612692
0.61846
0.62171
0.619926
0.620479
0.621391
0.626652
0.624102
0.62287
0.630756
0.629114
0.621575
0.621819
0.62581
0.622027
0.617585
0.618346
0.624408
0.621226
0.616428
0.620516
0.619297
0.611492
0.606689
0.613489
0.621388
0.617892
0.606752
0.60564
0.612529
0.613953
0.614009
0.614477
0.61341
0.612747
0.609237
0.616747
0.626411
0.612321
0.608481
0.615046
0.611523
0.608796
0.60737
0.614055
0.621603
0.613716
0.616473
0.616604
0.618491
0.615803
0.613039
0.617897
0.617206
0.616848
0.615497
0.614506
0.617782
0.619748
0.616052
0.618355
0.617604
0.619392
0.616325
0.619767
0.620334
0.61343
0.621688
0.620578
0.614509
0.616894
0.622009
0.621294
0.618363
0.616322
0.613226
0.610721
0.615777
0.61479
0.610327
0.610972
0.612852
0.6078
0.601512
0.611113
0.621804
0.621509
0.614463
0.619517
0.627318
0.621547
0.614245
0.623233
0.62065
0.613373
0.613056
0.623501
0.617229
0.610307
0.611792
0.610855
0.60333
0.610273
0.61619
0.618178
0.618769
0.616507
0.618887
0.623051
0.626446
0.624778
0.617974
0.619412
0.626563
0.626719
0.623957
0.618396
0.615675
0.623125
0.626714
0.616989
0.619378
0.623755
0.616456
