74152.3
72669.3
72806.9
73651.7
73733.7
73849.6
74404.8
73577.3
73459.5
73330
72954.3
73299.9
73345.8
73415.6
73506.9
73229.9
73549.2
72733.9
72712.4
74141.3
74383.6
73465.4
73708.5
74142.4
73841.9
74161.5
74600.6
73906.4
73220.9
73074
73092
73213.9
73288
74409
74516.2
74713.6
74193.3
73622.1
73949.3
73375.4
73772.4
73915.1
73361.5
74653.3
75435
74358.5
74563.9
74967.1
74857.9
74937.9
74827.2
74933.4
74351.1
74283.2
73983.3
72800.6
73530
73603.5
72666.6
72741.4
73268.8
73467.6
72838
72760.6
73186
74120.7
74130.4
74191.6
73905.2
73924.7
73961.7
73202.8
72812.6
72987.6
73746.2
73856
74026.3
74313.5
74475.2
73563.1
73416
74324.5
74534.4
74088.1
74738.5
74416.2
73217.1
73779.1
73520.6
73345.8
72959.7
72967.6
73004.1
73274.3
73640.3
72810.2
72518.1
73164.8
72811.4
71892
72652
74215.5
73113.1
72337.7
73245.9
74203.6
74214.8
73636.4
73240.5
74080.7
74090.8
73152.6
73223.5
73481.3
73525.1
72981.7
72344.8
72748.2
73337.4
73158.2
72719.1
72842.2
73499.8
73030.3
72091.5
72358.3
73468.4
73067.7
72558.4
73233.5
72889.7
72085.2
71955.9
72165.5
72842.3
73148.6
72981.9
74038.3
74423.6
73350.7
73060.4
74496.2
73764.6
73170
74373.3
74428.1
73262.7
73944.2
73263.9
72750
73099.2
73488.8
73026.9
73378.1
73304.8
73134.4
73179.1
73132.2
72826.8
73204.6
73069.6
73056.9
72636.7
73065.9
73201.3
73052.5
72779.7
72948
73407.3
73040.8
71848.1
72731.5
73961.2
73802.2
73346.6
72507.6
72814.3
73216.5
73150.1
73581.8
73710.1
73869.6
74684.2
74254.7
73430.7
73416.6
73807.7
73391.8
73040.1
74341.1
74250.9
72902.7
73112.7
73058.2
73570.9
73160
73069.7
73770.1
74235.3
73746.5
73757.5
73975.2
73623.7
73929.3
74920.7
74351.3
73743.3
74558.8
74291.6
72924.6
73349.3
74152.9
74077.2
74218.9
73071.6
72408.5
73129.7
73684.8
73920.1
73470.9
73968.4
73711.9
73591.1
72891.4
73415.6
73779
72944.5
72288.5
73234.7
73523.5
73187.5
73703.1
73464.2
73116.1
73311.1
72966
72910.2
73915.9
73471.1
71619.8
71580.3
73408.8
73529.4
72928.2
72862.2
73683.1
73350.4
72590.7
73315.6
72906.3
72493.7
72700.5
73391.5
73368.1
73075.2
72585.9
72552.4
72726.4
73221.6
73684.4
74147.1
74372.3
74240.5
73758.4
74462.1
74242
73431.6
73441.6
74063.1
74575.7
74083
73692.4
73450.3
73484
74450.3
74059.5
73730.9
74020.2
74394.9
74323.8
73432.2
74373.6
74783.4
73405.4
73437.4
74027.4
74269.3
73207.3
72802.7
72888.9
72674
73233.6
73723.8
73134.6
73408.5
73463.2
72595
72510.1
72188.7
71750.3
73238.1
73588.2
73485.6
73178.7
73738.7
74028.6
74110.1
73612.7
72705.9
72967.7
73947.3
74174.2
73300.6
73112.9
73413.2
73301.5
73047.4
72579
72552
73424.6
72920.5
72625.8
73008
73724
73443
72444.3
72490
73683.6
73995.4
73668.8
74711.8
74703.7
73752.2
73284.9
73258.8
73279.1
72913.8
72963.5
73305.5
73244.9
73419.7
73592.1
74362.5
74038.5
73688.5
74236.8
75344.9
75615.9
75118.8
74996.2
75073.4
74067
74580.3
74525.4
73089.4
73390.4
74033.4
73999
72716.4
72316.9
73335.7
72816.4
72423
72009.6
72695.5
72861.5
72208.9
71929.3
72356.2
72857.4
73501.6
73051.2
72401.4
73462.6
73158.5
72441.9
73508.2
74103.7
73412.6
73028.8
73238.9
73173.7
73066.3
72452.9
72748.9
72892.7
71981.5
72169.3
73044.6
73016
72550.3
72991.6
73516.5
73426.1
72713.3
73085.7
73654.6
73169.3
73313.3
74249.1
74836.8
74007.3
73066.6
73480
74829.1
74966.5
74123.3
73951.5
73944.7
73888.3
74016.9
74097
74523.9
73616.4
72480.7
74148.5
74616.5
73820
74245.3
74577.8
74753
73939.2
73041.4
73979.9
73649.1
73633.5
73408.8
73729.2
74061.7
73479.4
73561.7
73604.3
73766
73884.8
73493.1
73259.9
73699.5
73425
73514.2
73302.1
73666.8
73257.7
73190.7
74014.4
73031.4
73161.9
73884.6
73598.8
72993.7
73077.7
73424.1
73667.2
74039.1
74342.8
73732.4
73850.7
74390.8
74312.3
74084.3
74700.1
75480.9
74295.1
73017.7
73052.3
73890
73287.3
72375.9
73047.9
73916.3
72850.3
73153.5
74021.4
74059.6
72819
73558.9
74393.3
74212.7
74326.5
75253.5
74397.3
73683
73446
73375.9
73645.1
73361.8
72871.6
72476.7
72670.2
73470.3
73299.7
72463.1
72445.1
72765.8
73420.1
73744.6
72863
72445.7
73587.6
73303.8
72789.3
73651.2
