1901.54
1890.22
1896.81
1906.66
1903.57
1897.8
1892.29
1896.41
1905.64
1915.03
1914.66
1906.87
1893.34
1895.81
1892.44
1883.53
1904.24
1909.98
1906.21
1901.59
1923.02
1899.19
1913.97
1916.86
1905.46
1931.1
1901.98
1905.5
1893.12
1906.73
1897.96
1904.47
1902.74
1909.79
1897.02
1910.47
1886.76
1918.43
1903
1904
1918.94
1905.24
1903.45
1898.45
1876.47
1895.87
1894.42
1905.75
1906.53
1902.5
1895.75
1888.82
1897.8
1893.15
1886.84
1915.91
1897.03
1897.77
1910.16
1896.93
1914.83
1890.45
1902.41
1913.14
1906.43
1910.22
1886.6
1915.95
1904.81
1910.14
1911.41
1883.1
1893.53
1902.27
1900.64
1894.82
1904.08
1901.33
1912.87
1907.52
1898.8
1914.59
1886.25
1916.44
1907.22
1903.1
1880.05
1896.48
1905.99
1900.09
1909.66
1917.75
1891.09
1900.21
1893.84
1901.11
1893.71
1887.13
1904.55
1898.38
1892.79
1891.7
1898.38
1913.09
1888.2
1905.31
1873.75
1911.03
1911.19
1917.83
1872.73
1907.95
1898.23
1895.43
1906.49
1901.43
1914.66
1897.84
1889.38
1897.73
1894.68
1894.82
1894.96
1905.35
1884.79
1908.62
1889.72
1896.06
1902.09
1889.61
1918.15
1885.13
1904.58
1890.14
1895.45
1896.69
1887.87
1911.63
1897.13
1902.34
1902.56
1903.52
1912.91
1897.83
1890.02
1898.7
1908.62
1894.29
1909.46
1900.95
1903.48
1918.66
1886.99
1916.62
1907.55
1893.3
1894.07
1903.98
1905.82
1887.13
1896.45
1884.7
1910.75
1906.14
1889.4
1903.49
1905.63
1919.1
1892.8
1893.73
1896.85
1917.58
1895.97
1906.7
1899.78
1894.17
1903.5
1897.44
1900.57
1896.25
1908.24
1888.96
1880.23
1900.05
1891.67
1897.24
1908.43
1908.98
1873.72
1904.23
1900.54
1890.47
1910.22
1880.41
1911.36
1892.55
1890.98
1898.22
1901.97
1899.07
1892.97
1896.8
1895.8
1902.02
1889.21
1918.49
1897.59
1918.68
1886.96
1909.75
1892.84
1920.11
1901.87
1902.47
1905.66
1879.31
1907.24
1867.26
1908.91
1896.18
1887.14
1883.11
1874.33
1895.26
1882.62
1913.14
1887.16
1894.23
1887.64
1893.54
1888.99
1872.99
1902.39
1874.76
1910.72
1897.9
1899.57
1890.22
1902.86
1897.62
1896.29
1898.34
1896.56
1916.69
1896.71
1908.01
1906.53
1922.51
1910.51
1879.24
1900.26
1907.6
1884.96
1906.84
1880.03
1910.38
1898.41
1912.76
1902.96
1880.17
1890.34
1895.97
1899.16
1893.58
1911.56
1903.87
1899.19
1916.22
1891.3
1910.59
1899.93
1877.22
1887.68
1900.15
1891.66
1916.6
1914.92
1896.36
1876.13
1930.12
1889.18
1905.55
1883.79
1882.51
1905.18
1890.44
1892.32
1901.69
1901.21
1897.22
1889.6
1893.74
1888.88
1892.14
1912.63
1883.05
1884.94
1875.42
1894.6
1899.22
1887.07
1890.75
1874.72
1904.22
1880.6
1902.53
1890.58
1875.91
1901.01
1880.93
1907.72
1886.66
1897.81
1871.1
1883.69
1879.16
1885.99
1884.8
1870.07
1876.42
1880.28
1873.55
1893.84
1880.71
1894.81
1893.98
1900.4
1870.24
1881.31
1891.54
1891.73
1886.34
1882.56
1869.28
1872.87
1888.91
1881.92
1912.59
1889.42
1890.11
1896.96
1891.64
1897.28
1895.19
1888.66
1900.82
1873.73
1899.69
1894.73
1890.45
1881.12
1876.34
1922.47
1896.49
1886.69
1880.72
1886.22
1890.07
1871.58
1896.77
1884.04
1895.94
1898.01
1878.31
1894.7
1884.77
1902.28
1883.54
1891.73
1882.98
1884.19
1887.71
1878.04
1878.87
1902.93
1916.42
1890.77
1908.76
1888.23
1903.58
1891.03
1887.7
1877.15
1886.87
1910.03
1880.44
1892.78
1879.52
1892.97
1881.55
1892.87
1884.85
1893.94
1867.9
1898.43
1883.79
1900.24
1895.58
1906.86
1904.13
1897.22
1884.87
1887.73
1885.8
1905.73
1893.14
1904.62
1877.89
1891.19
1896.6
1904.89
1905.58
1911.51
1882.74
1892.45
1902.38
1894.61
1908.93
1874.99
1906.61
1894.57
1894.48
1902.55
1876.95
1915.68
1892.16
1897.21
1903
1890.96
1904.39
1885.07
1905.22
1891.96
1882.69
1901.1
1896.8
1906.91
1893.07
1904.42
1897.87
1878.73
1901.96
1891.49
1902.03
1888.7
1898.22
1908.29
1882.53
1904.45
1892.19
1889.35
1881.63
1892.6
1908.13
1894.45
1883.89
1880.92
1901.43
1902.34
1914.84
1892.63
1888.95
1880.99
1879.15
1899.54
1895.39
1892.94
1893.64
1877.05
1889.25
1890.87
1904.83
1904.86
1924.07
1886
1883.4
1892.75
1902.31
1883.1
1890.57
1883.9
1905.19
1908.07
1901.35
1889.55
1890.08
1892.1
1891.79
1881.07
1898.9
1905.36
1890.92
1893.15
1868.42
1886.51
1897.14
1893.13
1920.22
1897.79
1902.45
1888.78
