0.451062
0.447693
0.455694
0.463206
0.462399
0.455246
0.448587
0.445909
0.459009
0.467845
0.470168
0.468594
0.465597
0.46904
0.468043
0.46092
0.471475
0.474739
0.466766
0.468687
0.472321
0.462227
0.470564
0.463548
0.465548
0.475066
0.467089
0.4639
0.458466
0.470093
0.467934
0.470922
0.469002
0.462019
0.463284
0.467945
0.459268
0.469453
0.467699
0.470966
0.479526
0.473289
0.476216
0.468121
0.472602
0.466788
0.466268
0.464809
0.463777
0.456483
0.44339
0.441728
0.45801
0.466738
0.460972
0.468901
0.458377
0.455153
0.461757
0.455501
0.459957
0.450434
0.464694
0.469128
0.469362
0.465396
0.465743
0.47046
0.468898
0.469245
0.456862
0.450581
0.459442
0.459605
0.460717
0.458986
0.463684
0.467711
0.468329
0.466366
0.461844
0.46389
0.454395
0.457635
0.456655
0.447458
0.44548
0.457711
0.46451
0.463363
0.467762
0.472079
0.461259
0.461604
0.459909
0.465167
0.459951
0.454745
0.462581
0.461126
0.464039
0.466711
0.461307
0.465967
0.453694
0.458291
0.445369
0.452067
0.452156
0.44937
0.435271
0.447465
0.451068
0.445536
0.454762
0.44888
0.457895
0.451151
0.462761
0.454249
0.443664
0.445238
0.446831
0.457077
0.451833
0.461017
0.469375
0.469689
0.47038
0.469956
0.476774
0.46715
0.473037
0.466586
0.469181
0.473187
0.45949
0.465971
0.458089
0.462965
0.457154
0.453758
0.455345
0.450458
0.453434
0.456105
0.454288
0.454342
0.466913
0.471818
0.472906
0.476565
0.473348
0.484219
0.474687
0.4675
0.468574
0.469001
0.464728
0.459434
0.46525
0.456098
0.46335
0.461353
0.452471
0.456331
0.464179
0.461443
0.450598
0.451156
0.455032
0.463207
0.461232
0.46103
0.451208
0.457514
0.460784
0.453801
0.447291
0.442032
0.44122
0.440563
0.439305
0.448186
0.451862
0.45553
0.46303
0.463004
0.44775
0.44836
0.447012
0.440803
0.440879
0.429489
0.446763
0.446672
0.456334
0.465241
0.465647
0.463248
0.459759
0.459697
0.452938
0.450752
0.446032
0.450935
0.444938
0.453658
0.451556
0.46255
0.464629
0.458947
0.454694
0.451972
0.458908
0.448054
0.458256
0.452213
0.457573
0.451895
0.455451
0.452295
0.45247
0.451292
0.456483
0.468683
0.465537
0.469466
0.461013
0.465778
0.465386
0.45493
0.467131
0.457649
0.468077
0.46488
0.465376
0.460932
0.463526
0.460554
0.454507
0.45804
0.454068
0.450475
0.448277
0.454494
0.453151
0.453304
0.456805
0.459434
0.460396
0.468399
0.463554
0.469972
0.463338
0.464931
0.457127
0.455079
0.450515
0.438427
0.441136
0.44778
0.457862
0.463762
0.472208
0.47862
0.471613
0.483769
0.473885
0.466383
0.464078
0.447792
0.447639
0.457072
0.457648
0.464359
0.471876
0.467181
0.458493
0.468971
0.459639
0.466536
0.468829
0.464629
0.466047
0.463215
0.466593
0.463033
0.458397
0.453241
0.452284
0.453255
0.449965
0.446839
0.453012
0.445675
0.448257
0.452223
0.463108
0.460406
0.451752
0.455223
0.446566
0.450577
0.446342
0.455641
0.451984
0.453611
0.465042
0.462064
0.472148
0.467522
0.468027
0.466643
0.46909
0.464075
0.469876
0.471217
0.464457
0.467961
0.464257
0.447417
0.461681
0.454876
0.456071
0.461654
0.468482
0.457553
0.46235
0.469594
0.459892
0.457607
0.458076
0.451394
0.463808
0.462357
0.458738
0.464757
0.462354
0.473337
0.476057
0.471528
0.473555
0.469024
0.46608
0.466339
0.45392
0.466305
0.458401
0.459976
0.46345
0.462816
0.476221
0.472341
0.466189
0.463743
0.466695
0.463821
0.460354
0.472697
0.467581
0.471444
0.4763
0.468177
0.481554
0.472376
0.468345
0.458263
0.463619
0.452833
0.451785
0.456054
0.461677
0.465471
0.465455
0.470456
0.460399
0.464141
0.45286
0.452963
0.447151
0.448751
0.451688
0.45872
0.465151
0.453918
0.469721
0.456541
0.454735
0.458804
0.458368
0.445046
0.460145
0.450015
0.464757
0.464207
0.471315
0.469146
0.480544
0.48007
0.468871
0.460358
0.453256
0.456181
0.460984
0.460494
0.459677
0.45502
0.464715
0.46459
0.460509
0.463527
0.455718
0.442298
0.44306
0.447593
0.454271
0.451199
0.438229
0.442433
0.441077
0.443279
0.44549
0.440903
0.45514
0.453996
0.454119
0.453934
0.446678
0.451066
0.446494
0.452444
0.452021
0.456303
0.461404
0.457766
0.45712
0.466069
0.467282
0.463306
0.461389
0.468741
0.461022
0.459965
0.450006
0.45651
0.453697
0.452386
0.463759
0.464209
0.462146
0.460564
0.45978
0.471342
0.464606
0.455054
0.454491
0.458162
0.467487
0.476954
0.469905
0.464494
0.463544
0.458121
0.465976
0.460249
0.456916
0.453419
0.453349
0.455203
0.454131
0.463915
0.465017
0.46345
0.456699
0.452484
0.454491
0.45548
0.458165
0.461069
0.448064
0.462559
0.470246
0.472581
0.459091
0.449447
0.447446
0.44891
0.445484
0.455538
0.457949
0.452625
0.446043
0.448279
0.460068
0.460414
0.452389
0.467092
0.458029
0.456594
0.450032
