1860.13
1847.22
1878.55
1872.98
1868.37
1872.6
1885.62
1884.69
1871
1908.03
1875.76
1866.92
1894.85
1890.3
1855.66
1885.6
1896.56
1875.42
1856.31
1844.76
1858.68
1888.1
1890.18
1873.38
1883.02
1862.71
1855.87
1861.92
1874.84
1859.79
1881.37
1869.07
1874.55
1877.79
1874.99
1858.73
1863.28
1873.44
1875.11
1873.23
1863.42
1883.11
1882.28
1879.34
1852.8
1857.45
1874.13
1868.26
1886.94
1867.06
1865.3
1880.77
1902.28
1870.94
1858.12
1844.42
1835.38
1845.64
1884.07
1880.81
1851.58
1855.64
1867.37
1851.46
1849.99
1868.22
1874.84
1868.01
1872.16
1851.24
1867.54
1871.43
1839.82
1851.73
1872.07
1878.97
1853.31
1864.88
1878.92
1878.44
1884.84
1883.54
1864.3
1870.98
1869.47
1855.27
1864.81
1866.38
1871.37
1865.92
1865.5
1867.37
1870.86
1848.19
1857.82
1858.59
1887.07
1850.56
1835.38
1864.79
1870.66
1856.69
1875.67
1870.75
1874.82
1888.27
1875.2
1849.68
1852.97
1876.32
1879.79
1868.83
1871.02
1850.79
1862.55
1885.07
1890.12
1871.13
1870.2
1894.59
1895.37
1876.56
1876.92
1895.78
1874.17
1863.51
1876.76
1891.1
1880.1
1871.56
1871.08
1887.32
1874.82
1854.42
1859.29
1882.1
1858.49
1864.79
1893.66
1870.23
1900.38
1883.97
1853.84
1860.9
1863.95
1833.16
1881.13
1884.92
1854.84
1859.14
1860.33
1856.91
1840.76
1871.55
1896.93
1885.51
1847.92
1866.88
1869.14
1878.21
1893.96
1880.37
1854.33
1864.08
1886
1852.03
1860.79
1895.27
1865.93
1863.13
1900.76
1873.14
1874.16
1899.01
1870.63
1875.52
1864.48
1866.17
1859.67
1879.23
1885.5
1867.05
1855.25
1867.48
1865.19
1872.08
1869.44
1870.27
1876.5
1852.09
1841.81
1856.33
1869.27
1877.59
1863.77
1867.76
1858.23
1850.69
1848.46
1863.24
1870.49
1859.67
1855.65
1850.39
1850.79
1862.8
1842.71
1843.33
1878.88
1890.79
1873.4
1863.97
1857.54
1835.24
1839.3
1877.19
1866.92
1872.42
1871.02
1866.66
1876.53
1872.98
1857.07
1879.63
1894.27
1874.09
1858.15
1867.8
1898.74
1884.85
1859.31
1885.52
1878.56
1874.31
1863.05
1872.72
1847.89
1847.76
1883.99
1881.42
1847.33
1852.94
1865.35
1859.94
1874.69
1890.5
1853.65
1856.36
1849.77
1856.98
1860.65
1889.66
1878.18
1891.09
1882.93
1867.6
1886.54
1882.09
1851.12
1879.39
1885.9
1866.37
1869.63
1908.61
1889.85
1860.09
1850.2
1865.12
1879.47
1875.97
1859.85
1876.94
1878.73
1873.32
1888.77
1883.25
1848.85
1843.01
1884.27
1879.54
1873.4
1892.32
1890.45
1852
1859.14
1887.72
1867.98
1852.28
1875.54
1876.64
1882.91
1867.79
1889.96
1890.4
1884.28
1873.96
1873.2
1839.14
1874.64
1890.17
1878.7
1897.78
1886.43
1849.6
1870.17
1904.33
1903.04
1877.35
1889.64
1904.12
1891.65
1887.65
1870.86
1880.37
1883.97
1877.84
1884.1
1882.68
1855.42
1890.42
1891.79
1866.86
1890.86
1872.69
1874.65
1893.64
1890.3
1892.48
1878.93
1899.09
1900.69
1901.2
1896.1
1878.93
1871.94
1887.38
1886.67
1859.01
1869.55
1880.55
1875.77
1878.5
1867.84
1842.58
1862.07
1891.48
1863.43
1856.24
1858.99
1846.83
1825.07
1815.27
1832.29
1848.53
1863.02
1876.69
1866.11
1847.31
1853.15
1856.46
1855.21
1854.58
1837.17
1845.48
1868.65
1829.97
1849.07
1874
1851.68
1837.65
1859.21
1875.39
1857.39
1877.32
1864.99
1851.19
1865.36
1871.81
1863.16
1856.73
1830.71
1844.39
1847.04
1828.77
1871.08
1901.46
1871.16
1833.91
1869.86
1854.53
1842.55
1864.32
1851.04
1846.65
1869.02
1858.61
1883.29
1889.13
1867.89
1868.02
1842.07
1822.4
1837.49
1863.74
1864.05
1854.73
1859.49
1873.81
1868.59
1853.25
1857.6
1861.63
1844.83
1835.86
1824.78
1827.46
1867.82
1864.69
1859.06
1870.25
1885.12
1866.09
1853.01
1865.78
1875.08
1851.15
1857.66
1875.5
1881.74
1868.52
1865.48
1850.35
1858.19
1861.66
1877.78
1894.25
1881.42
1861.05
1868.81
1861.26
1870.47
1890.49
1883.78
1864.19
1875.97
1861.87
1857.79
1865.29
1877.37
1865.36
1856.86
1868.6
1873.29
1866.84
1874.63
1859.85
1871.28
1886.15
1876.55
1855.8
1875.98
1879.52
1867.54
1865.91
1840.4
1866.82
1872.95
1871.81
1864.62
1839.14
1836.68
1846.12
1888.24
1870.53
1873.02
1878.97
1862
1866.45
1874.55
1853.41
1850.68
1877.46
1865.88
1856.27
1884.96
1881.04
1872.25
1866.88
1838.06
1868.61
1872.31
1856.57
1868.86
1872.23
1851.85
1853.64
1882.94
1884.38
1859.65
1858.51
1892.69
