0.459403
0.45229
0.471605
0.458903
0.455334
0.454708
0.459527
0.470706
0.463677
0.479725
0.471916
0.459191
0.464475
0.45888
0.437056
0.445765
0.440741
0.429466
0.428337
0.435182
0.433565
0.446781
0.455578
0.452743
0.457175
0.460115
0.454784
0.459117
0.462348
0.47208
0.462612
0.466295
0.467735
0.465569
0.461312
0.460232
0.470814
0.468717
0.462246
0.461176
0.462047
0.456573
0.45613
0.444479
0.435972
0.442661
0.436973
0.438603
0.436631
0.430268
0.428761
0.449902
0.466338
0.449663
0.458451
0.43821
0.440772
0.441461
0.440021
0.437611
0.435715
0.434192
0.431687
0.432367
0.432276
0.441603
0.45421
0.454501
0.457052
0.440099
0.444084
0.448649
0.441124
0.442163
0.450967
0.452667
0.448666
0.453534
0.463675
0.456374
0.459987
0.457151
0.447103
0.451655
0.442264
0.448024
0.453574
0.456505
0.464242
0.458292
0.460229
0.46431
0.459817
0.452976
0.455322
0.456439
0.450166
0.438646
0.435034
0.446909
0.448355
0.441281
0.455205
0.452628
0.450337
0.460531
0.453413
0.430895
0.434048
0.447141
0.441456
0.441106
0.448038
0.442633
0.443391
0.457888
0.456723
0.455367
0.453962
0.462096
0.458486
0.44032
0.447156
0.449694
0.445506
0.437182
0.435492
0.431362
0.429796
0.429572
0.428436
0.442431
0.447878
0.452612
0.45747
0.467582
0.463701
0.46772
0.481487
0.467513
0.476215
0.468133
0.455382
0.448434
0.442647
0.440305
0.458877
0.45563
0.438233
0.440234
0.448375
0.45566
0.451494
0.462108
0.47661
0.466176
0.452137
0.457406
0.463012
0.464842
0.460503
0.453218
0.440839
0.444969
0.444881
0.43386
0.435878
0.440451
0.443019
0.447124
0.465481
0.46144
0.456606
0.46711
0.464854
0.468686
0.448744
0.447601
0.441342
0.449484
0.437233
0.440916
0.445046
0.443685
0.453954
0.466277
0.468508
0.467144
0.473496
0.452491
0.454371
0.44626
0.449211
0.448165
0.445912
0.448037
0.448405
0.449338
0.451222
0.470568
0.46743
0.470641
0.465211
0.469059
0.46212
0.467412
0.4521
0.454962
0.45664
0.466351
0.459083
0.463242
0.463457
0.457482
0.460169
0.478618
0.479854
0.476615
0.477302
0.476666
0.470786
0.463459
0.453077
0.453744
0.458853
0.454488
0.449203
0.452707
0.459595
0.454063
0.451472
0.461645
0.458925
0.459681
0.458405
0.46761
0.458627
0.457357
0.463346
0.462398
0.447429
0.449002
0.449624
0.447671
0.448037
0.452704
0.45432
0.449079
0.452302
0.461042
0.455947
0.474561
0.471333
0.464179
0.462285
0.451688
0.456043
0.453277
0.440298
0.447653
0.450454
0.446014
0.446518
0.458045
0.451487
0.444965
0.438207
0.444902
0.445602
0.444518
0.448681
0.450945
0.44389
0.448639
0.456567
0.450393
0.434638
0.435882
0.459024
0.466132
0.453001
0.456996
0.453852
0.443975
0.443601
0.45769
0.441636
0.432882
0.445222
0.450745
0.449744
0.448354
0.460566
0.462168
0.464551
0.467209
0.452265
0.440047
0.450903
0.465183
0.460574
0.462313
0.453097
0.443091
0.451925
0.461174
0.463006
0.459788
0.456627
0.458436
0.460397
0.453011
0.448016
0.450853
0.457734
0.451711
0.449709
0.450632
0.442701
0.458427
0.471398
0.467143
0.472361
0.479036
0.469823
0.477429
0.475201
0.477513
0.472686
0.477514
0.476348
0.472759
0.471922
0.459993
0.431546
0.437826
0.437933
0.438279
0.458881
0.461104
0.469649
0.466383
0.457368
0.445423
0.449573
0.449283
0.440106
0.43267
0.435131
0.434602
0.426266
0.422897
0.441993
0.440782
0.443418
0.45628
0.457741
0.450148
0.457221
0.457152
0.457946
0.452367
0.433185
0.420602
0.427373
0.417952
0.420458
0.424908
0.414991
0.423422
0.434574
0.44295
0.451517
0.443627
0.447306
0.442936
0.442452
0.447293
0.443028
0.43869
0.435015
0.444796
0.447615
0.437778
0.444263
0.453087
0.439999
0.430532
0.441958
0.448775
0.450321
0.451729
0.441376
0.443401
0.448195
0.44518
0.448098
0.453772
0.442768
0.438895
0.425174
0.429345
0.436383
0.440888
0.451076
0.451955
0.447044
0.453999
0.446384
0.439392
0.441045
0.437314
0.427963
0.422671
0.42471
0.428174
0.443988
0.457895
0.45353
0.454343
0.451364
0.453263
0.449117
0.460431
0.452088
0.445961
0.44343
0.44833
0.453862
0.446244
0.445335
0.433868
0.443255
0.445764
0.454777
0.464209
0.467774
0.46348
0.456717
0.452256
0.449801
0.464886
0.457418
0.44566
0.441521
0.428436
0.438163
0.446723
0.458148
0.451092
0.45811
0.463212
0.472663
0.473517
0.47752
0.464859
0.467136
0.465662
0.455658
0.453099
0.455843
0.451059
0.447862
0.448946
0.44056
0.451324
0.45701
0.465213
0.447639
0.454893
0.450211
0.444537
0.452341
0.4552
0.458445
0.460593
0.463854
0.471432
0.46962
0.470601
0.46556
0.479606
0.468718
0.467079
0.466516
0.452487
0.45611
0.444609
0.435582
0.448107
0.447983
0.445666
0.445295
0.444398
0.447784
0.456366
0.460121
0.459057
0.452512
0.44746
0.461806
