0.682771
0.6854
0.676413
0.680608
0.682283
0.68029
0.674607
0.674873
0.676477
0.667049
0.673143
0.67873
0.673161
0.675557
0.687173
0.680479
0.680672
0.688452
0.689489
0.693962
0.690401
0.680424
0.676064
0.68177
0.678077
0.681713
0.683108
0.681017
0.675537
0.679263
0.674432
0.678398
0.676308
0.676592
0.675609
0.68154
0.678966
0.67418
0.672801
0.677254
0.678142
0.675321
0.675977
0.679448
0.688118
0.686003
0.682727
0.686269
0.680209
0.685619
0.686474
0.677925
0.670472
0.677545
0.68128
0.687646
0.690456
0.688623
0.679513
0.682494
0.690819
0.687101
0.68491
0.686916
0.685519
0.677833
0.676632
0.674733
0.673154
0.681665
0.677799
0.676847
0.686882
0.685267
0.677802
0.675257
0.683507
0.676906
0.672166
0.672694
0.673932
0.673008
0.679933
0.678984
0.679835
0.682255
0.678316
0.680532
0.675653
0.675697
0.676474
0.674118
0.674181
0.678476
0.679373
0.67771
0.673085
0.681643
0.687302
0.679482
0.677291
0.680595
0.674422
0.674579
0.67579
0.671689
0.675617
0.684622
0.684256
0.677639
0.678814
0.682375
0.681489
0.685293
0.682618
0.676293
0.675829
0.680037
0.679205
0.673021
0.67105
0.679052
0.678361
0.674532
0.680125
0.684689
0.682752
0.679245
0.680943
0.682851
0.685439
0.679578
0.6795
0.684177
0.678369
0.672253
0.679317
0.67348
0.667377
0.675916
0.665666
0.672174
0.682211
0.677915
0.681506
0.691944
0.677015
0.67745
0.686849
0.684485
0.682465
0.684721
0.68661
0.67661
0.66931
0.672136
0.680472
0.678464
0.678168
0.67765
0.673178
0.677378
0.685057
0.683193
0.676585
0.689931
0.686736
0.675065
0.683944
0.682138
0.670274
0.679034
0.678192
0.66865
0.675481
0.677782
0.68116
0.68439
0.686543
0.68078
0.680034
0.685694
0.685323
0.682917
0.679951
0.676279
0.676616
0.67645
0.674416
0.680677
0.68593
0.682711
0.683421
0.680552
0.683991
0.681492
0.683905
0.683969
0.684068
0.677904
0.674611
0.672841
0.675679
0.679374
0.678756
0.676063
0.684214
0.686505
0.678872
0.673312
0.678163
0.67927
0.678236
0.684179
0.683082
0.669288
0.673121
0.6721
0.670436
0.672728
0.676174
0.676795
0.681268
0.678062
0.674871
0.680619
0.686401
0.683297
0.673782
0.679788
0.684428
0.678009
0.680576
0.680183
0.682803
0.677202
0.682471
0.683638
0.673363
0.676906
0.684653
0.683739
0.679827
0.682048
0.676283
0.674466
0.683072
0.683621
0.682435
0.683235
0.680635
0.6722
0.675389
0.67359
0.673466
0.682625
0.676836
0.67729
0.686657
0.680587
0.674875
0.681592
0.678584
0.668057
0.674808
0.683199
0.682326
0.680299
0.676986
0.676388
0.67977
0.676358
0.676595
0.678347
0.671679
0.675706
0.68486
0.6852
0.672441
0.671483
0.674759
0.671778
0.674229
0.686976
0.6853
0.675129
0.68533
0.686869
0.680559
0.681095
0.678164
0.681009
0.674533
0.674358
0.674486
0.674216
0.678805
0.688563
0.677159
0.672136
0.678864
0.674868
0.676823
0.686841
0.68153
0.670752
0.671698
0.679299
0.676701
0.671123
0.676952
0.676215
0.682267
0.678714
0.677977
0.681115
0.676734
0.676827
0.684435
0.673317
0.671053
0.676453
0.666863
0.67288
0.670465
0.668162
0.670593
0.668742
0.672045
0.669439
0.66758
0.669122
0.668896
0.675372
0.685907
0.679113
0.677425
0.681453
0.675557
0.67013
0.670713
0.670407
0.674147
0.681749
0.678422
0.673666
0.682412
0.684895
0.682554
0.683384
0.692838
0.693628
0.687794
0.68439
0.681825
0.676485
0.677966
0.681999
0.679468
0.678112
0.676935
0.679389
0.687927
0.691072
0.684023
0.696253
0.692102
0.683285
0.690777
0.690406
0.68266
0.676525
0.679192
0.674741
0.677388
0.681814
0.678794
0.678899
0.680167
0.680815
0.689631
0.684208
0.682134
0.691371
0.680529
0.673896
0.682577
0.692941
0.680305
0.683342
0.684697
0.675921
0.681203
0.68185
0.676045
0.680623
0.67396
0.669939
0.68132
0.679737
0.687562
0.693304
0.688997
0.681956
0.678378
0.678534
0.678531
0.673276
0.6758
0.679728
0.68247
0.684481
0.689312
0.690057
0.693807
0.694421
0.680198
0.679923
0.679117
0.677168
0.674253
0.676576
0.679852
0.67473
0.674648
0.683916
0.684061
0.680302
0.680824
0.682736
0.687872
0.690686
0.685836
0.681975
0.675789
0.66852
0.672689
0.677484
0.673649
0.678082
0.676596
0.673284
0.677717
0.684379
0.683245
0.687774
0.686198
0.681258
0.678092
0.68057
0.678876
0.674278
0.673489
0.672274
0.670828
0.674756
0.675749
0.672162
0.677408
0.683442
0.679328
0.680621
0.682502
0.681596
0.687004
0.677267
0.676863
0.675677
0.680609
0.68441
0.687826
0.688357
0.678691
0.680287
0.67838
0.675217
0.68053
0.675247
0.671464
0.676439
0.678753
0.67069
0.673468
0.679399
0.67236
0.676999
0.680391
0.684497
0.693326
0.682873
0.681574
0.685864
0.681945
0.678821
0.686343
0.684392
0.675184
0.672392
0.682119
0.681625
0.672721
