73151.4
72870.8
73839
73383.9
73203.8
73418.2
74036.7
74007.5
73832.1
74875.6
74197.7
73586.9
74195.7
73932.5
72682.8
73397.8
73376.9
72547.8
72438.7
71971.7
72343
73403.8
73877.1
73258.8
73657.8
73264.9
73115.3
73339.8
73934.7
73529.2
74055.9
73623
73850.4
73819.5
73926.9
73283.5
73561.4
74083.5
74235.4
73747.3
73650.7
73958.4
73886.6
73509.2
72583
72806.8
73156.1
72778.5
73427
72847.6
72756.8
73674.3
74493.3
73715.6
73311.5
72632.8
72337.2
72529.7
73502.1
73181.1
72299.2
72690.5
72922.9
72710
72858.2
73684.3
73815.1
74022.9
74196.5
73270.1
73688
73791.7
72713.6
72885
73687.7
73965.4
73072.6
73785.2
74305.6
74247.2
74110.8
74212.5
73456.8
73559.4
73467.3
73206.8
73631.9
73392
73922.1
73917.3
73832.3
74090.3
74083.4
73614.4
73517.3
73697.7
74204.1
73272.5
72669.1
73505.4
73743.3
73385.3
74057
74039.8
73907
74358.4
73926
72953.7
72992.6
73705.4
73577.8
73193.8
73289
72882.2
73167.8
73852.1
73902.9
73445.5
73535.4
74211.2
74429.1
73552.1
73627
74044.9
73436
72946.5
73153.4
73531.2
73347.8
73142.9
72866.7
73495.1
73503.5
73001.1
73626.1
74295.9
73523.4
74160.6
74838.7
73893.3
75031.1
74304.7
73211.5
73675.4
73287.2
72181.7
73773.4
73726
72717.1
72968.3
73184.2
72943.1
72742.4
73817.5
74622.6
74308.9
73398.5
73615.7
73647.9
73704.2
74193.9
73733.8
72907.3
73106.2
73820.2
72392.3
72729
73986.4
73026
73219.3
74515.3
73553.9
73645.4
74696.2
73940.9
73689.9
73324.4
72978.4
72749.5
73365.3
73445.8
72839.6
72879
73135.8
73454.8
73853.6
73816.8
73834.9
74057.6
73376.4
72814.5
73157.8
73081.8
73389.9
73020.9
73288.7
73030.1
73023.3
73012.7
73676.6
74036.2
74231
73919.2
73517.2
73584.1
73877.3
72997.1
72753.6
73571.5
74179.1
73648.4
73528.4
73640.6
73000.8
73118.1
74625
74200.1
74312.8
74497.3
74243.4
73865.1
73797.3
73312.8
73659.4
74007.7
73382.7
72764.6
73095.1
74127.4
73472.4
72974.3
73665.1
73387.3
73429.8
73148
73753
73183.5
73058.6
74173.5
73785.2
72950.4
73047.8
73468.2
73229
73853.1
74052.1
73119.2
73060.5
73187.4
73101.7
73381
74301.8
73950.9
74148.5
74162.2
73167
73792.8
73743.4
72737.4
73386.2
74007.3
73277.9
73602.8
74762.5
74014.6
73105.5
73199.2
73417.2
73776.5
73841.8
73474.4
73845
73819.2
73628.4
74359.4
73916.3
72928.2
72892
74275.2
74381.1
74020
74348.4
74078.2
72703.6
72881.4
73979.4
72878.2
72714.9
73389.2
73331.4
73648.4
73340.7
74044.8
74064
74049.9
74079.6
73578.8
72536
73757.6
74308.8
73572.5
74008
73794.2
72717.9
73284.6
74462.2
74357.4
73525.3
73807.5
74421
73780.2
73860.6
73205.5
73588.7
73668.6
73329.3
73804
73793.8
72973.6
74178.5
74428.8
73834.7
74896.4
74226.7
74494
74750.8
74479.9
74686
74318.9
74608.2
74816
74643.6
74668.8
73952.8
72817
73545.4
73728.7
73292.9
73932.6
74531.2
74466.5
74500.5
74087.1
73261.1
73620.4
74140.1
73189.9
72924.5
73174.7
73085.8
72088.5
72006.4
72617.2
72978.3
73252.9
73831.1
73669.8
73234.3
73507
73654
73782
73515.6
72603.1
72272.7
73017.5
71735
72165.2
73096.4
72303.6
72342.5
73163.3
73826.8
73536.8
74022
73732.7
73254
73580
73568.6
73431.4
73361.5
72423.7
72997.7
73219.7
72241.5
73392.5
74114.8
73172.2
72077.8
73416.5
73090.3
72945.7
73892.7
73319.8
73250.2
73879.2
73382.2
74107.8
74552.5
73307.2
73477.9
72641.7
72040.1
72490.4
73238.8
73625.1
73608.2
73608.5
74183
73906
73478.9
73183.7
72968.6
72457.2
72379.1
71987.9
71924.2
73428.1
73457.8
73545
73756.7
74075.6
73821.2
73465.5
74023.1
74032.2
73029
73013.5
73416.8
73360.6
73155.2
72609
72313.1
72824.5
73236.8
73907.2
74710.7
74247.7
73722.3
74142
73657.3
73819.1
74182.2
73697
72979.5
73100.7
72619.3
72786
73313.9
73656.1
73388
73571.1
74072.8
74159.6
74293.6
74453.8
74020.3
73911.6
74306
73730.5
73079.6
73522.2
73382.5
73180.2
73277.5
72700.7
73745.9
73789.9
73919.5
73383.8
72976.2
72613.8
72557.8
73591.1
73418.5
73624.9
73969.8
73392.3
73966.5
74383.2
73836.1
73584.5
74469.1
74161.9
73514.4
74284.1
73775
73407.3
72966.9
72037.8
73140.5
73279.9
72821.5
73240
73577
72770.7
72978.2
73973.4
74280.5
73221.3
73274.4
74244.2
