2146.95
2138.51
2144.6
2137.14
2161.15
2211.88
2230.75
2198.1
2145.34
2155.65
2214.31
2286.55
2268.84
2254.98
2223.99
2178.59
2159.06
2182.63
2207.8
2223.73
2194.98
2182.25
2180.46
2195.98
2171.78
2146
2087.49
2070.66
2154.46
2130.26
2086.46
2071.41
2087.59
2101.95
2116.65
2145.8
2164.83
2187.37
2178.77
2199.79
2242.13
2183.7
2152.3
2246.34
2333.24
2297.61
2277.93
2300.41
2309.94
2261.91
2243.89
2236.68
2256.38
2213.03
2160.66
2133.67
2216.84
2280.08
2265.38
2167.77
2176.36
2181.39
2154.78
2148.36
2181.16
2206.87
2161.4
2096.84
2103.52
2134.91
2167.91
2181.3
2184.04
2238.52
2252.02
2215.23
2201.11
2222.76
2290.66
2237.11
2226.3
2245.82
2215.67
2204.67
2231.74
2238.54
2262.33
2233.81
2243.9
2282.95
2307.19
2231.32
2227.19
2271.15
2311.23
2290.89
2218.79
2207.4
2260.75
2263.46
2198.84
2211.32
2280.04
2258.12
2212.49
2241.03
2262.43
2236.2
2180.28
2134.99
2185.66
2225.85
2154.81
2147.38
2188.67
2204.34
2184.43
2198.24
2265.09
2268.82
2234.6
2264.74
2273.33
2256.64
2209.6
2213.09
2229.43
2252.22
2231.31
2223.48
2245.98
2291.5
2264.36
2212.16
2177.04
2142.06
2189.58
2218.72
2201.07
2159.19
2164.25
2155.78
2167.91
2194.18
2217.71
2195.7
2201.34
2243.45
2195.39
2134.95
2174.79
2274.77
2310.04
2249.41
2177.77
2201.01
2190.77
2163.49
2156.61
2167.5
2194.59
2215.44
2229.88
2201.28
2205.39
2165.72
2169.52
2171.63
2129.36
2136.76
2207.21
2225.46
2175.01
2149.13
2187.77
2186.07
2108.78
2061.29
2073.93
2111.87
2145.11
2150.41
2192.88
2188.79
2151.62
2108.13
2166.44
2196.34
2132.85
2130.45
2168.16
2199.09
2200.34
2179.6
2155.79
2162.61
2199.17
2179.95
2142.85
2129.62
2144.27
2141.82
2148.57
2169.51
2201.42
2199.1
2173.27
2141.94
2159.91
2174.22
2190.75
2188.98
2177.97
2148.92
2161.07
2222.65
2188.06
2202.2
2192.17
2207.33
2207.01
2180.13
2176.57
2179.81
2166.72
2158.75
2165.57
2170.49
2165.92
2139.19
2117.99
2126.21
2129.26
2153.76
2112.68
2121.78
2158.42
2194.22
2127.94
2132.98
2165.85
2190.89
2169.59
2174.77
2208.36
2236.59
2221.17
2143.58
2133.09
2191.99
2186.41
2143.92
2141.52
2180.65
2193.49
2158.03
2122.4
2127.55
2161.28
2169.27
2129.84
2140.46
2187.07
2177.82
2122.52
2124.75
2187.55
2180.48
2116.96
2104.57
2153.96
2223.25
2216.01
2149.85
2171.68
2173.44
2160.95
2157.32
2159.49
2172.69
2199.41
2180.43
2143.82
2124.78
2093.62
2087.78
2109.1
2124.32
2146.53
2168.57
2164.46
2175.94
2153.81
2149.11
2173.85
2195.84
2199
2199.53
2143.63
2163.64
2185.37
2262.69
2215.74
2167.55
2140.86
2179.88
2224.56
2199.08
2159.36
2126.98
2132.06
2170.53
2141.83
2130.38
2168.4
2187.72
2198.42
2213.17
2226.84
2231.19
2200.94
2129.24
2102.79
2147.17
2167.26
2190.04
2175.86
2170.99
2179.62
2215.37
2224.68
2160.72
2084.56
2101.26
2139.15
2155.52
2183.58
2219.66
2205.14
2197.55
2185.73
2201.72
2195.93
2218.98
2228.93
2212.51
2189.2
2196.26
2191.68
2217.06
2195.44
2183.32
2196.56
2235.73
2252.6
2238.83
2232.35
2258.47
2231.27
2186.07
2187.36
2232.57
2232.99
2199.5
2168.37
2177.15
2208.11
2206.33
2187.65
2182.18
2164.02
2210.06
2239.25
2208.63
2201.83
2224.21
2224.28
2216.1
2255.64
2221.55
2185.19
2181.73
2224.93
2205.84
2210.4
2202.7
2168.4
2154.26
2189.41
2209.98
2180.07
2176.59
2238.05
2271.83
2283.14
2239.88
2201.81
2218.32
2193.79
2187.45
2177.96
2231.02
2271.92
2219.25
2213.38
2194.86
2166.33
2140.85
2140.89
2173.19
2172.22
2160.69
2205.19
2225.56
2192.74
2221.22
2249.3
2223.81
2236.48
2228.68
2214.89
2206.83
2249.76
2304.09
2311.06
2276.25
2267.59
2217.17
2186.46
2185.73
2211.31
2188.71
2153.31
2172.83
2188.54
2211.73
2165.75
2189.53
2209.58
2203.68
2149.26
2133.76
2162.14
2175.09
2215.92
2234.06
2232.87
2245.81
2249.76
2204.35
2194.06
2236.82
2213.64
2186.52
2197.42
2222.76
2282.46
2289.51
2220.86
2135.61
2164.11
2241.06
2221.85
2181.25
2169.65
2228.13
2246.38
2191.05
2147.8
2169.96
2194.81
2205.66
2184.02
2224.84
2267.43
2200.39
2174.12
2208.77
2221.19
2171.13
2151.32
2181.87
2226.03
2179.14
2202.12
2169.13
2152.63
2168.29
2212.59
2249.57
2250.7
2214.12
2186.53
2184.9
2189.98
2185.42
2169.12
2107.36
2109.83
2115.84
2118.26
