0.40855
0.39917
0.407864
0.406687
0.408921
0.434402
0.437463
0.422416
0.420113
0.422767
0.43819
0.438337
0.43963
0.434846
0.428274
0.420699
0.411253
0.413487
0.434592
0.42794
0.423958
0.422739
0.421518
0.414775
0.412406
0.404226
0.394823
0.377648
0.393075
0.37942
0.367563
0.363688
0.360535
0.360662
0.374999
0.372383
0.387568
0.387281
0.396236
0.414075
0.423286
0.412155
0.409791
0.42718
0.455924
0.461532
0.454644
0.460495
0.456104
0.44115
0.43127
0.428771
0.432672
0.429107
0.418897
0.417672
0.426868
0.442038
0.430924
0.409619
0.400038
0.400275
0.392697
0.396663
0.390559
0.386948
0.382167
0.37186
0.363971
0.370419
0.39145
0.393589
0.396145
0.405116
0.40369
0.404226
0.402549
0.410528
0.432944
0.423277
0.416507
0.426305
0.423084
0.410781
0.433606
0.431134
0.438774
0.445048
0.44499
0.45715
0.452731
0.434647
0.436435
0.461699
0.46124
0.451558
0.43489
0.430094
0.439332
0.438841
0.431437
0.437534
0.442681
0.433304
0.421
0.426685
0.42399
0.412128
0.41053
0.399792
0.403472
0.41316
0.404383
0.393806
0.400555
0.412888
0.407219
0.412854
0.441785
0.44183
0.437064
0.441609
0.452547
0.443991
0.441274
0.436644
0.435389
0.441914
0.434716
0.429318
0.433554
0.434377
0.429665
0.417515
0.402885
0.408751
0.418801
0.422144
0.414693
0.419494
0.410299
0.4153
0.411387
0.422373
0.416037
0.414555
0.414835
0.420658
0.405922
0.407301
0.419787
0.439286
0.445228
0.427667
0.418453
0.420429
0.416741
0.40889
0.40411
0.401609
0.406574
0.412087
0.413131
0.425388
0.41011
0.398034
0.408515
0.402576
0.394747
0.389404
0.409771
0.415856
0.405664
0.393864
0.405718
0.399648
0.387061
0.388468
0.391164
0.403503
0.402545
0.401074
0.415478
0.411249
0.400243
0.388688
0.404032
0.399911
0.387211
0.386387
0.396266
0.405564
0.404746
0.394083
0.396074
0.390515
0.387531
0.395378
0.388308
0.388375
0.393349
0.397168
0.39541
0.398705
0.395441
0.391008
0.390002
0.396379
0.398742
0.413301
0.412385
0.406926
0.395855
0.390263
0.391943
0.403384
0.412329
0.410379
0.403141
0.419559
0.400967
0.3956
0.38879
0.393963
0.392199
0.392704
0.394252
0.38624
0.389473
0.394147
0.392166
0.391096
0.389721
0.390122
0.387999
0.384909
0.397716
0.390133
0.390204
0.37942
0.39804
0.407911
0.399578
0.413992
0.415704
0.42551
0.411365
0.395515
0.397073
0.410265
0.413442
0.407969
0.399577
0.410111
0.419845
0.409377
0.407284
0.405111
0.403447
0.397319
0.397268
0.396247
0.409497
0.407313
0.397575
0.393681
0.395227
0.401961
0.388425
0.384306
0.398321
0.419024
0.415678
0.412897
0.415256
0.413595
0.403729
0.407678
0.400836
0.402525
0.409332
0.398326
0.396143
0.397152
0.385792
0.382956
0.386004
0.3903
0.38521
0.383652
0.391349
0.393258
0.3853
0.390492
0.39363
0.408184
0.410619
0.412675
0.405535
0.397086
0.415075
0.423921
0.421024
0.408259
0.395629
0.402153
0.402935
0.396648
0.383447
0.380078
0.385978
0.38682
0.379424
0.373235
0.397326
0.397554
0.396515
0.405815
0.404888
0.418878
0.402595
0.393723
0.398159
0.400006
0.41192
0.407466
0.407767
0.400454
0.402583
0.408502
0.402604
0.398202
0.375716
0.370084
0.417626
0.411089
0.422382
0.425203
0.438681
0.431873
0.41849
0.429001
0.439865
0.444897
0.432076
0.427901
0.424707
0.427055
0.419746
0.430873
0.418741
0.408013
0.410233
0.413896
0.425099
0.421703
0.426329
0.426516
0.413025
0.411151
0.413682
0.41385
0.409196
0.402777
0.395518
0.39088
0.406864
0.397416
0.395642
0.396027
0.400031
0.412814
0.424699
0.423586
0.407697
0.429022
0.432167
0.425813
0.431756
0.420841
0.407769
0.415701
0.428926
0.412129
0.397324
0.391777
0.383777
0.396137
0.393151
0.402387
0.408216
0.412965
0.422194
0.430581
0.430359
0.428243
0.413893
0.419665
0.406709
0.40304
0.39103
0.406767
0.411303
0.402989
0.404379
0.400201
0.401958
0.394724
0.39569
0.408415
0.404434
0.405275
0.424777
0.420681
0.432065
0.429388
0.437404
0.44245
0.439201
0.436966
0.429128
0.428486
0.434279
0.446809
0.447101
0.429273
0.427569
0.421181
0.413134
0.408692
0.420123
0.401351
0.399938
0.394068
0.401543
0.395294
0.400465
0.397138
0.4042
0.403338
0.395193
0.394783
0.397629
0.412372
0.418995
0.421023
0.420392
0.414092
0.41549
0.400672
0.40135
0.41024
0.40852
0.400779
0.402445
0.409738
0.426657
0.427399
0.417919
0.396772
0.398112
0.399785
0.392879
0.383377
0.386088
0.405457
0.41265
0.395979
0.389169
0.399253
0.408061
0.411865
0.40952
0.417904
0.425693
0.418452
0.414722
0.411813
0.415281
0.409448
0.401634
0.410121
0.425178
0.422757
0.427764
0.422217
0.420802
0.426323
0.434066
0.435128
0.438123
0.426274
0.42303
0.432573
0.428365
0.427439
0.41626
0.408015
0.401426
0.400684
0.400958
