0.628237
0.6263
0.625209
0.625379
0.626038
0.62001
0.615671
0.620242
0.626816
0.625246
0.617693
0.609121
0.610361
0.614011
0.614871
0.622773
0.627352
0.622349
0.617437
0.61613
0.618771
0.622922
0.623935
0.62122
0.624789
0.629186
0.639949
0.644339
0.630075
0.636937
0.6466
0.646159
0.642563
0.642337
0.639112
0.637337
0.632147
0.627452
0.626731
0.621466
0.613454
0.625978
0.631216
0.614886
0.598784
0.603064
0.607068
0.602975
0.604394
0.612037
0.616783
0.617268
0.612473
0.617561
0.624657
0.630479
0.620801
0.60779
0.611863
0.627412
0.62744
0.627901
0.632379
0.632778
0.630719
0.627992
0.634975
0.6463
0.64474
0.638016
0.630987
0.630946
0.631924
0.624513
0.620939
0.626712
0.626838
0.622775
0.612088
0.620554
0.623439
0.615365
0.622414
0.622392
0.618072
0.618524
0.614591
0.616413
0.615744
0.608115
0.606688
0.618893
0.620939
0.608622
0.603446
0.610479
0.619314
0.620794
0.612294
0.61146
0.618861
0.618619
0.60992
0.613119
0.621535
0.619504
0.616366
0.617123
0.62602
0.631162
0.622926
0.616387
0.628942
0.63229
0.625799
0.622445
0.627017
0.62411
0.611157
0.612604
0.616995
0.61593
0.607672
0.611124
0.619419
0.621407
0.616306
0.613242
0.614961
0.616482
0.616609
0.609301
0.613657
0.623531
0.628798
0.632006
0.625595
0.619062
0.622951
0.624562
0.625561
0.626856
0.626336
0.622673
0.620138
0.626375
0.622737
0.614117
0.623272
0.635076
0.626508
0.608564
0.602688
0.614964
0.627709
0.621587
0.622288
0.626085
0.630192
0.629135
0.625553
0.620419
0.621271
0.623745
0.625849
0.629761
0.625028
0.624313
0.634161
0.633446
0.620672
0.618002
0.62449
0.631351
0.623586
0.620547
0.633837
0.642695
0.639119
0.631965
0.630986
0.627482
0.622577
0.623304
0.629617
0.637186
0.627839
0.624305
0.636173
0.63753
0.628366
0.623001
0.622612
0.625925
0.630353
0.629084
0.626186
0.627247
0.633517
0.634266
0.63133
0.630296
0.631412
0.627866
0.623776
0.623175
0.626493
0.632392
0.626972
0.625049
0.624013
0.625011
0.626492
0.631198
0.628493
0.620584
0.623288
0.623002
0.620957
0.61811
0.620998
0.628582
0.629302
0.62527
0.631482
0.631519
0.63073
0.631732
0.630767
0.634281
0.636634
0.634115
0.632932
0.632281
0.6366
0.636514
0.629427
0.627137
0.633003
0.636937
0.627241
0.623502
0.62566
0.6232
0.618228
0.611815
0.619887
0.63293
0.630446
0.620737
0.619998
0.630767
0.628999
0.621784
0.618482
0.620455
0.627736
0.627812
0.623791
0.625022
0.629298
0.628396
0.620273
0.621963
0.633004
0.635032
0.624113
0.623609
0.635044
0.63838
0.627634
0.615716
0.616663
0.627275
0.622909
0.622187
0.625832
0.627128
0.628687
0.62522
0.622152
0.62679
0.628561
0.631161
0.635057
0.637149
0.635573
0.635409
0.635152
0.632518
0.629447
0.627238
0.633272
0.633389
0.632574
0.625535
0.620202
0.619535
0.630443
0.632105
0.626393
0.617253
0.619918
0.626236
0.634433
0.629114
0.622102
0.62692
0.634594
0.639343
0.636479
0.627338
0.634294
0.638562
0.631724
0.62633
0.62629
0.624258
0.618278
0.617522
0.624284
0.63581
0.637936
0.635824
0.629572
0.627456
0.626174
0.629286
0.630098
0.624233
0.62013
0.629496
0.643216
0.643096
0.632144
0.627601
0.623448
0.619311
0.616241
0.619009
0.625264
0.622377
0.622161
0.615873
0.614089
0.62086
0.623175
0.622871
0.628951
0.621219
0.622501
0.628249
0.626473
0.623345
0.619463
0.622871
0.619241
0.616624
0.620624
0.63075
0.629308
0.621803
0.623173
0.628138
0.635453
0.63276
0.627564
0.629902
0.634412
0.634636
0.635784
0.626594
0.621617
0.622463
0.623012
0.618461
0.620902
0.621556
0.617632
0.621771
0.629442
0.626251
0.617045
0.623591
0.626693
0.631312
0.634918
0.635302
0.629952
0.625434
0.631201
0.6304
0.618989
0.613899
0.614216
0.619586
0.624961
0.621924
0.625345
0.62773
0.630812
0.622797
0.615119
0.623673
0.622353
0.626352
0.631078
0.635887
0.636863
0.630894
0.62639
0.629202
0.623072
0.617254
0.621821
0.615604
0.612706
0.614006
0.615512
0.614082
0.616755
0.62079
0.614812
0.603539
0.604636
0.614217
0.614325
0.62206
0.626915
0.623942
0.618866
0.624557
0.634264
0.63018
0.627579
0.625694
0.630101
0.629504
0.621805
0.621481
0.630071
0.632415
0.627051
0.625649
0.618941
0.618336
0.615299
0.615001
0.61614
0.625616
0.62539
0.616712
0.620125
0.625449
0.624515
0.621535
0.613296
0.609111
0.620535
0.635126
0.630475
0.619499
0.622753
0.630362
0.632843
0.619055
0.615533
0.626295
0.630404
0.628674
0.622456
0.621563
0.625935
0.616569
0.612334
0.621338
0.624514
0.619213
0.618056
0.622789
0.629097
0.624206
0.616996
0.616588
0.614825
0.622902
0.624998
0.620812
0.615881
0.609783
0.608658
0.615411
0.619342
0.616466
0.618632
0.618412
0.622208
0.629061
0.630253
0.628925
0.630157
