68590.9
68803.2
68923.2
68904.5
68831.9
69501.1
69990.9
69475.2
68746.5
68919.1
69761.9
70743.6
70599.8
70180.2
70081.9
69192.7
68687.8
69239.9
69790.7
69938.7
69640.2
69176.3
69063.9
69365.7
68969.4
68487.5
67335.6
66876.9
68390.9
67654.1
66643
66688.5
67061.7
67085.3
67423.8
67611.6
68166.7
68676.8
68755.8
69338.3
70243.9
68838.5
68267.3
70080.3
71964.8
71454.1
70982.7
71464.6
71296.8
70406.5
69864.8
69809.8
70356.3
69776.7
68984.1
68347.1
69412.5
70898.4
70426.5
68681.2
68678.1
68627.6
68141.7
68098.7
68321
68617.8
67863.1
66673.9
66835.3
67539.7
68292
68296.4
68190.8
69000
69397.1
68757.9
68744
69192.6
70400.6
69440.1
69118.8
70025.7
69232.7
69235.2
69719
69668.1
70113.9
69906.7
69982.6
70860.6
71027.2
69626.6
69397.1
70801.6
71408.8
70586.2
69579.2
69413.3
70377
70473
69630.1
69657.4
70650.8
70282.3
69330.5
69557.9
69912
69826.3
68833.9
68273.1
69175.8
69909.6
68514.1
68151.3
68858.2
69229.2
68724.4
69044.5
70507.8
70341.4
69840.7
69961.5
70912.3
70511.7
69567.4
69344.9
69918.8
70268.1
70071.8
69898.9
69884.5
70722.6
70220.6
69108.7
68529.8
68181.9
68880.6
69607.6
69173
68994.6
68884.4
68742.1
68799.2
69203.9
69486.8
68794.9
69196.8
70168
69137.3
67852.4
68780.2
70808.3
71498.7
70071.4
68648.7
69324.8
69246.6
68826.8
68378.2
68493
68885.3
69455.3
69360
69085
68852.7
68424.9
68943.1
69022.1
67950.2
68026.9
69427
69726.9
69002.5
68252.7
69102.6
69441
67985
67047.9
67423.1
68186.3
68292.2
68673.5
69214.6
69133.8
68440.6
67627.6
68634.5
69023
67735.3
67591.1
68576.9
69167.4
69210.6
68844.3
68360.7
68498.6
68815.6
68699.2
68019.3
67939
68254.9
68366.9
68246.1
68631.5
69081.5
69148.1
68781.9
68140.3
68729.3
68940.9
69055.3
68945
68782
68269.2
68563
69436.8
69135.6
69167.3
69395.1
69714.8
69390.5
68553.3
68474.8
68916.4
68238.5
68234.5
68319.9
68211.5
68315.8
67937.4
67686.2
67955.1
68082.2
68152.3
67689.9
67699.1
68461.3
68711.3
68074.5
67654
68699.9
69111.9
68873.4
69145.4
69701.5
70432
69514.9
68082.4
68350.6
69419.7
69502.4
68315.9
68507.9
69302.9
69672.8
69451.2
68645.7
68637.4
69079.8
68943.8
68475.3
68573.6
69471.6
69282.9
68074.4
67857
69044.1
69100
67855.8
67501.1
68656.8
69985.8
69878.3
68696.2
69177.6
69258
68854.6
68712.2
68541.9
68921.9
69261.8
68749.3
68555.6
68273.2
67854.4
67631.5
67799.3
67816.7
67844.2
68126.7
68459.1
68700.2
68045.6
68033
68120.7
68887.3
69479.6
69554.3
68350.9
68171.3
68792.9
69811.5
69511.4
68810.1
67921.1
68495.4
69267.4
68735
67903.8
67399.5
67702.7
68689.3
67935.9
67481.9
68212.4
68799.8
68804.2
69028.2
69695.8
69781.1
69025.3
67774
67548.1
67772.5
68445.5
68676.4
68816.9
68476.6
68388.4
69031
69487.7
68453.8
66993.6
67006.1
68167
68660.5
69117.9
69579.5
69926.1
69613.5
68917.2
69236.8
69260.9
69968
70171.3
69406
69148.2
69181.9
68513.1
69365.8
69222.9
68589.7
68784.1
69129.2
69562.4
69181.8
69587.5
69882.8
69432.3
68317.7
68474.3
69300.7
69148.3
68601.7
67812.1
68100.7
68664.5
68409.6
67923.3
67899.3
67776.8
68770.9
69321.4
69227.2
69166.2
69675.1
69401.3
69328.2
69768.7
69304.3
68459.7
68808.5
69835
69102
68759.9
68256.9
67869.2
67828.2
68404.2
68898.3
68268.8
68355.6
69615.8
70192.9
70156.8
69548.7
68950.5
69287.2
68908.2
68646.4
68310.9
69190.1
70053.7
69092.9
69239.4
68797.4
68282.2
67765.8
67662
68302.1
68793.2
68485.8
69159.5
69811.4
69298.7
69998.5
70329.6
70180.8
70009.1
70172
69867.9
69413.8
70088.7
71397.8
71268.4
70156.6
70144.2
69272.1
68735.6
69063.1
69629.5
68995.1
67939.1
68379.5
68662.9
68869.7
68388.1
68452.9
69300.5
69336.6
68391.3
68137.8
68720.7
68874.7
69621.1
69689.3
70033.2
70067.2
69937.7
68878.4
68903.3
69872.8
69488.2
68896.7
68999.7
69330.6
70262
70744.7
69442.3
67847
68347.5
69558.4
69195
68359.7
68091.8
69608.4
70006.6
68803.6
68355.2
68543.3
69227.9
69327.5
68843.2
69889
70372.3
69352.6
68999.8
69590.5
69720.8
69190.9
68497.2
69033.9
69840.6
69886.9
70087.3
69178.5
68946.5
69411.3
69967
70666.8
70797.4
70020.5
69576.1
69900.7
69655.9
69680.7
69255.6
68501.1
68371.5
68516
68381.9
