2131.61
2106.8
2091.71
2096.57
2076.42
2089.32
2070.54
2068.91
2108.45
2095.28
2087.47
2098.52
2084.21
2056.02
2056.83
2126.11
2097.73
2098.25
2113.68
2118.99
2108.92
2113.3
2139.91
2119.23
2129.37
2155.24
2123.24
2118.78
2082.04
2138.54
2133.12
2087.44
2124.42
2130.29
2116.3
2157.82
2116.48
2091.76
2112.61
2072.21
2083.99
2093.94
2065.72
2073.63
2068.24
2061.44
2095.68
2095.33
2077.82
2099.58
2105.01
2103.5
2114.55
2101.7
2108.52
2110.12
2135.21
2140.23
2127.91
2137.72
2107.38
2126.93
2127.32
2125.46
2122.2
2131.36
2127.14
2130.8
2114.12
2126.16
2149.04
2132.37
2127.77
2127.13
2133.75
2119.81
2085.67
2094.93
2099.25
2084.15
2089.29
2113.97
2104.03
2103.53
2130.92
2106.13
2130.81
2126.54
2102.32
2157.34
2133.66
2107.85
2126.59
2107.69
2119.89
2114.27
2151.43
2123.23
2119.76
2157.75
2157.78
2115.98
2121.37
2112.13
2120.72
2101.79
2054.25
2066.74
2101.96
2085.49
2109.72
2113.46
2074.32
2056.84
2080.95
2080.93
2066.26
2090.34
2102.78
2084.46
2082.53
2080.9
2098.73
2092.5
2084.95
2092.23
2114.33
2088.94
2122.77
2143.6
2122.56
2125.16
2147.6
2120.69
2125.37
2113.97
2110.05
2127.04
2085.82
2099.22
2149.07
2099.11
2118.37
2076.57
2109.08
2101.47
2082.73
2085.57
2082.7
2086.77
2068.67
2072.22
2061.9
2059.7
2065.31
2035.57
2074.72
2066.18
2030.76
2050.28
2073.33
2035.43
2042.89
2093.15
2101.07
2083.99
2097.44
2108.33
2099.52
2121.85
2128.14
2109.37
2134.73
2106.13
2110.65
2138.71
2113.92
2108.97
2112.53
2127.35
2103.93
2098.62
2114.63
2095.26
2099.62
2086.56
2067.61
2088.75
2060.26
2078.62
2104.1
2086.37
2065.25
2086.08
2075.13
2079.92
2083.38
2084.94
2078.8
2096.31
2082.9
2089.31
2094.3
2106.17
2083.71
2097.06
2117.06
2100.18
2121.47
2112.97
2145.12
2142.32
2123.13
2114.57
2114.91
2099.51
2137.08
2091.14
2095.87
2105.85
2103.83
2094.91
2092.47
2097.82
2099.53
2098.35
2136.67
2106.4
2061.83
2115.79
2103.36
2092.96
2145.68
2071.46
2090.82
2123.21
2120.1
2115.45
2105.03
2096.77
2129.14
2086.33
2096.66
2096.24
2081.77
2118.04
2094.23
2068.34
2081.9
2084.27
2048.45
2064.41
2071.52
2062.28
2062.9
2085.32
2061.41
2084.53
2067.98
2083.22
2117.65
2082.09
2094.97
2133.39
2106.61
2109.83
2127.62
2111.21
2101.19
2113.65
2119.93
2160.98
2155.42
2144.59
2128.04
2110.83
2134.2
2149.91
2101.93
2131.09
2124.65
2120.19
2091.23
2120.58
2101.01
2105.83
2089.44
2090.85
2081.03
2124.82
2116.03
2127.7
2133
2089.11
2091.07
2121.04
2102.08
2094.08
2115.52
2101.66
2088.23
2081.11
2099.26
2111.8
2068.7
2117.44
2122.72
2106.96
2094.55
2086.61
2102.38
2055.57
2123.43
2102
2081.63
2121.2
2104.88
2102.43
2126.28
2136.34
2117.41
2110.41
2093.66
2104.4
2107.12
2088.56
2064.63
2095.64
2091.89
2063.51
2075.84
2105.76
2092.7
2094.69
2104.26
2106.82
2122.22
2103.33
2115.93
2115.46
2120.66
2124.02
2102.88
2111.55
2102.47
2101.68
2135.31
2104.73
2108.98
2130.47
2137.29
2127.47
2142.44
2120.91
2099.74
2105.81
2142.2
2131.27
2103.71
2093.36
2096.36
2111.61
2150.04
2113.39
2125.21
2115.34
2079.91
2107.8
2092.24
2075.25
2127.48
2102.12
2102.64
2083.93
2089.54
2084.89
2067.3
2090.67
2116.2
2109.44
2115.06
2113.55
2122.72
2109.26
2144.9
2151.13
2137.34
2155.06
2155.16
2136.81
2128.87
2134.52
2143.56
2105.2
2108.77
2142.83
2121.55
2131.63
2129.96
2103.8
2110.16
2129.44
2126.08
2132.01
2094.14
2123.11
2126.35
2152.48
2133.74
2076.33
2120.89
2143.8
2120.79
2112.2
2156.6
2132.9
2112.62
2095.5
2091.55
2103.92
2111.9
2066.47
2102.26
2114.29
2100.25
2124
2115.22
2135.61
2102.93
2116.4
2124.22
2123.52
2093.9
2102.67
2099.85
2085.21
2090.41
2116.22
2090.28
2086.6
2067.12
2041.39
2093.92
2094.29
2086.88
2091.08
2054.86
2071.37
2057.59
2046.83
2096.88
2106.47
2105.47
2097.78
2069.77
2111.77
2105
2112.51
2126.65
2107.8
2118.46
2101.91
2109.85
2116.1
2114.43
2098.86
2112.98
2102
2076.46
2087.49
2037.25
2028.28
2063.48
2073.59
2044.38
2069.18
2068.88
2058.7
2064.33
2082.24
2067.13
2071.81
2097.74
2074.52
2084.49
2099.69
2080.07
2108.39
2165.54
2131.58
2131.61
2133.35
2137.35
2151.87
2158.54
2119.01
2106
2108.21
2129.73
2097.97
2115.2
