0.443726
0.431354
0.43339
0.426837
0.419794
0.411463
0.409083
0.398985
0.412029
0.411684
0.414936
0.414387
0.415943
0.405851
0.408647
0.43249
0.42351
0.420355
0.431851
0.431376
0.430015
0.437237
0.442406
0.441565
0.447515
0.451343
0.445292
0.442917
0.433935
0.452643
0.452637
0.444121
0.452333
0.448517
0.456318
0.466246
0.456158
0.437538
0.439427
0.423178
0.425526
0.432318
0.420013
0.420309
0.421114
0.427121
0.425447
0.42828
0.418255
0.430446
0.429781
0.432072
0.435732
0.430656
0.42997
0.42798
0.432537
0.441162
0.441627
0.441794
0.425144
0.44121
0.438178
0.435926
0.438615
0.437784
0.440199
0.447828
0.438986
0.441717
0.453789
0.444754
0.447608
0.450798
0.444527
0.437411
0.431095
0.426353
0.430846
0.424816
0.419174
0.424611
0.43405
0.444533
0.442346
0.447899
0.448319
0.447746
0.444649
0.450217
0.440922
0.445051
0.448594
0.440872
0.440235
0.437527
0.457628
0.451863
0.445149
0.458331
0.456059
0.438626
0.440205
0.431367
0.442726
0.429184
0.416369
0.418088
0.434482
0.427605
0.427521
0.418349
0.408075
0.409074
0.420085
0.425001
0.424325
0.420868
0.430531
0.421937
0.429156
0.422993
0.426477
0.428556
0.425531
0.433473
0.439132
0.433392
0.440409
0.457848
0.448862
0.454801
0.449249
0.448122
0.444305
0.436599
0.441137
0.442334
0.435208
0.436077
0.444336
0.440946
0.445418
0.436815
0.446811
0.4339
0.434147
0.433792
0.428041
0.420725
0.42284
0.417186
0.411279
0.416317
0.406722
0.405021
0.402568
0.406453
0.407282
0.409536
0.410529
0.399928
0.413654
0.434414
0.437141
0.434376
0.440571
0.443208
0.448552
0.448015
0.449689
0.446932
0.441323
0.436342
0.442136
0.450942
0.442198
0.442358
0.439506
0.441164
0.434512
0.435839
0.438564
0.431444
0.435257
0.420442
0.414586
0.415691
0.413131
0.419685
0.4344
0.429052
0.415199
0.41794
0.420913
0.426758
0.421269
0.416781
0.417713
0.418991
0.410458
0.421848
0.424711
0.428224
0.42793
0.430092
0.437358
0.432387
0.441
0.443876
0.451591
0.453148
0.451063
0.449478
0.447403
0.449777
0.456977
0.439719
0.443137
0.45417
0.451596
0.45269
0.44759
0.448637
0.439568
0.438044
0.448779
0.449607
0.442934
0.450736
0.44578
0.446143
0.454055
0.428802
0.437567
0.436581
0.433327
0.435936
0.422639
0.424451
0.421853
0.414037
0.418564
0.407402
0.407402
0.412717
0.41441
0.408402
0.417297
0.402429
0.386397
0.392396
0.398843
0.398426
0.414296
0.416922
0.414166
0.41759
0.42056
0.427377
0.437735
0.433442
0.432424
0.442876
0.43987
0.430072
0.43997
0.429323
0.429399
0.433092
0.44367
0.456468
0.457096
0.45889
0.452365
0.443725
0.459177
0.462164
0.459877
0.460574
0.454644
0.448834
0.447766
0.44781
0.438109
0.442617
0.436191
0.432725
0.430893
0.444413
0.450228
0.450069
0.457043
0.438592
0.440958
0.443667
0.434843
0.435275
0.448765
0.441237
0.431156
0.439247
0.445033
0.448737
0.428326
0.446269
0.447237
0.432295
0.419884
0.413309
0.428452
0.40732
0.423415
0.42106
0.421377
0.438202
0.428927
0.420032
0.434989
0.426584
0.424866
0.427199
0.417525
0.426792
0.425765
0.418146
0.410426
0.422791
0.425315
0.42423
0.42628
0.427519
0.422696
0.421132
0.436164
0.440382
0.441772
0.449298
0.44973
0.446995
0.452496
0.449446
0.450227
0.451271
0.443926
0.442346
0.452246
0.448563
0.445471
0.450168
0.449332
0.454495
0.454478
0.445533
0.436136
0.436246
0.442424
0.435115
0.430183
0.423868
0.425522
0.429321
0.435498
0.428305
0.42854
0.430526
0.422809
0.423797
0.415559
0.413127
0.432324
0.426667
0.428936
0.417781
0.415438
0.425204
0.426054
0.432525
0.440757
0.444749
0.450926
0.452743
0.457997
0.458272
0.463267
0.4698
0.464172
0.464555
0.464334
0.464016
0.459984
0.456747
0.465166
0.453895
0.452763
0.461195
0.462074
0.458653
0.467725
0.459664
0.470674
0.472192
0.454335
0.465812
0.457661
0.460072
0.459118
0.464687
0.461756
0.446725
0.462644
0.465107
0.446374
0.462511
0.468671
0.45845
0.45695
0.445214
0.429984
0.439628
0.445357
0.432369
0.441344
0.451383
0.441951
0.452672
0.444137
0.455721
0.442191
0.45327
0.454899
0.451967
0.447496
0.444417
0.436703
0.437985
0.438316
0.446347
0.429603
0.428397
0.414925
0.413739
0.432194
0.436762
0.440467
0.427198
0.408787
0.414092
0.416605
0.416393
0.426371
0.429862
0.435686
0.437546
0.428408
0.431686
0.438834
0.438635
0.444328
0.428833
0.434849
0.431785
0.425612
0.426028
0.422842
0.415507
0.425864
0.433351
0.416183
0.420879
0.399443
0.398822
0.403465
0.410283
0.40424
0.410027
0.405815
0.409198
0.407681
0.409921
0.417163
0.422555
0.427886
0.422403
0.427267
0.43003
0.432157
0.447266
0.46328
0.447426
0.458598
0.455482
0.456726
0.452231
0.455165
0.434627
0.430235
0.43589
0.441145
0.432119
0.438015
