1825.26
1820.6
1830.88
1854.06
1833.77
1819.66
1831.53
1794.58
1836.55
1853.13
1830.99
1853.17
1830.06
1801.84
1826.87
1814.69
1823.04
1851.93
1833.29
1837.86
1844.14
1826.62
1827.1
1848.8
1825.42
1828.58
1827.56
1820.58
1847.53
1828.35
1826.43
1831.05
1818.49
1830.89
1839
1834.13
1858.8
1841.18
1835.75
1830.2
1819.79
1827.38
1847.38
1833.87
1837.47
1838.48
1826.31
1813.83
1820.59
1816.89
1818.53
1828.37
1827.63
1831.51
1830.01
1804.53
1846.26
1825.58
1825.69
1830.88
1813.1
1814.21
1837.82
1836.54
1835.46
1857.47
1829.36
1811.43
1844.89
1827.86
1836.31
1841.96
1826.35
1844.51
1803.41
1816.81
1853.3
1837.87
1838.76
1836
1835.71
1840.2
1843.64
1834.87
1829.28
1829.93
1815.3
1837.05
1836.47
1826.02
1851.47
1848.44
1847.96
1834.54
1807.25
1817.44
1834.55
1847.08
1825.93
1841.2
1862.63
1831.31
1855.04
1849.52
1832.5
1837.76
1826.65
1837.09
1854.01
1846.85
1836.55
1839.57
1838.57
1842.98
1827.81
1851.24
1848.44
1853.98
1851.18
1825.77
1832.28
1836.22
1834.85
1853.77
1850.57
1831.44
1843.73
1851.68
1840.69
1815.16
1828.34
1829.78
1820.32
1828.03
1837.42
1866.99
1841.81
1838.7
1839.76
1841.84
1854.94
1831.87
1853.38
1845.88
1821.54
1847.05
1835.83
1837.96
1864.68
1824.89
1845.37
1834.62
1835.75
1838.78
1824.98
1846.06
1849.27
1839.56
1850
1842.65
1850.55
1855.24
1839.6
1837.88
1852.79
1836.47
1857.75
1837.47
1834.56
1853.42
1834.84
1830.76
1851.34
1834.7
1823.58
1833.05
1844.2
1829.26
1845.52
1846.99
1826.16
1831.44
1844.46
1845.7
1840.17
1828.72
1844.57
1845.87
1840.52
1838.92
1839.37
1850.67
1850.37
1858.04
1856.92
1835
1837.3
1827.73
1855.47
1867.93
1835.58
1833.04
1832.68
1823.35
1850.31
1865.64
1869.88
1835.05
1845.5
1860.7
1828.07
1839.54
1849.54
1846.29
1827.04
1839.65
1828.85
1852.74
1855.55
1826.28
1835.35
1853.81
1826.16
1833.53
1813.47
1840.63
1873.56
1832.35
1843.8
1854.41
1842.34
1845.72
1819.52
1813.01
1835.98
1832.23
1846.9
1860.49
1819.05
1839.93
1826.33
1825.22
1846.61
1857.14
1840.5
1817.94
1826.36
1836.51
1834.59
1831.19
1826.5
1852.61
1811.87
1830.08
1854.41
1849.32
1854.72
1833.23
1833.54
1828.35
1824.34
1826.08
1851.63
1866.92
1832.93
1820.27
1814.12
1811.36
1824.01
1857.31
1838.88
1819.57
1850.11
1826.04
1834.71
1847.78
1824.39
1845.2
1831.58
1794.76
1822.86
1819.55
1828.53
1862.98
1844.52
1838.05
1835.67
1843.96
1853.82
1848.93
1828.9
1832.58
1829.46
1837.26
1860.85
1858.52
1849.05
1841.12
1848.36
1830.79
1859.09
1837.42
1821.23
1834.04
1810.6
1823.02
1828.51
1836.05
1859.44
1839.21
1850.83
1846.87
1844.21
1828.57
1825.48
1819.39
1840.18
1831.53
1842.18
1856.3
1826.7
1829.56
1829.72
1824.19
1828.32
1840.9
1844.21
1838.42
1835.89
1831.76
1831.9
1861.27
1840.88
1829.13
1844.83
1825.41
1819.2
1851.94
1839.11
1811.65
1824.6
1840.37
1816.45
1833.25
1846.49
1824.52
1843.28
1829.29
1824.28
1827.15
1806.44
1808.28
1831.84
1825.42
1847.42
1831.75
1848.36
1857.58
1828.28
1815.47
1854.64
1829.35
1848.46
1833.05
1825.56
1851.52
1861.48
1856.44
1851
1843.39
1824.9
1822.54
1833.32
1830.84
1860.03
1824.94
1822.38
1829.74
1826.63
1844.67
1847.99
1837.27
1843.83
1823.03
1829.24
1821
1814.9
1821.99
1851.14
1837.51
1856.04
1823.71
1833.77
1816.66
1820.75
1841.83
1832.84
1816.37
1834.85
1812.87
1816.23
1841.87
1845.54
1826.52
1821.46
1820.56
1836.02
1840.86
1822.5
1815.79
1835.19
1840.02
1827.49
1823.16
1841.8
1845.93
1841.64
1828.4
1837.2
1819.37
1819.3
1828.26
1843.3
1835.46
1838.77
1841.56
1845.82
1843.18
1828.68
1816.28
1846.74
1837.5
1836.99
1836.83
1840.32
1837.61
1845.95
1816.52
1804.15
1827.18
1823.32
1855.15
1836.67
1845.72
1845.18
1821.24
1826.58
1814.88
1831.32
1831.24
1832.16
1851.27
1831.97
1811.48
1825.93
1836.43
1828.71
1846.36
1834.06
1833.09
1833.42
1814.38
1839.43
1831.94
1824.95
1827.48
1828.23
1807.77
1818.72
1813.38
1816.36
1841.34
1817.39
1839.27
1832.35
1810.93
1849.33
1810.52
1811.35
1831.65
1816.31
1846.11
1829.84
1798.57
1847.15
1827.56
1820.86
1851.75
1811.32
1821.28
1842.38
1821.7
1855.7
1846.68
1804.68
1822.75
1841.99
1820.3
1844.01
1822.72
1827.91
