0.432228
0.422578
0.424437
0.43644
0.436783
0.427247
0.432856
0.426124
0.442052
0.445305
0.441877
0.441223
0.434536
0.421202
0.429697
0.430003
0.436473
0.441903
0.435815
0.43183
0.436433
0.427937
0.431275
0.437726
0.432945
0.430027
0.429692
0.428009
0.440502
0.431232
0.436142
0.433503
0.429256
0.432765
0.428579
0.422535
0.430334
0.43124
0.426758
0.421383
0.428345
0.432593
0.432994
0.430678
0.432461
0.437288
0.425145
0.425647
0.434635
0.434042
0.438916
0.446219
0.441082
0.444434
0.440515
0.433799
0.442173
0.43812
0.443322
0.436246
0.433202
0.439454
0.442762
0.43993
0.452888
0.453415
0.44208
0.436263
0.440943
0.433651
0.432816
0.441724
0.433119
0.437952
0.42507
0.428355
0.441876
0.441301
0.439791
0.433791
0.43555
0.437307
0.430171
0.433875
0.430912
0.425529
0.430279
0.440058
0.435215
0.437745
0.449761
0.44472
0.439087
0.436548
0.430747
0.428264
0.43331
0.434557
0.43242
0.443793
0.451902
0.444574
0.447269
0.450495
0.446217
0.43386
0.424677
0.425801
0.435525
0.425166
0.429258
0.431807
0.434674
0.441227
0.431949
0.441422
0.435874
0.422913
0.429361
0.417254
0.425548
0.42703
0.433541
0.44551
0.445646
0.441007
0.441721
0.439278
0.435478
0.4341
0.431421
0.426199
0.416428
0.419288
0.434558
0.443764
0.43417
0.436026
0.430955
0.441991
0.440181
0.428089
0.436721
0.441087
0.419276
0.433435
0.431629
0.44218
0.447293
0.436665
0.438017
0.435995
0.428151
0.431364
0.428902
0.422399
0.423668
0.419013
0.434109
0.427868
0.433893
0.441506
0.441615
0.448779
0.445734
0.446848
0.446131
0.434107
0.427305
0.432265
0.434431
0.439218
0.442134
0.438556
0.436608
0.438083
0.441525
0.442279
0.446227
0.437768
0.442883
0.432086
0.433203
0.439806
0.435187
0.43497
0.431571
0.448659
0.443758
0.434517
0.437961
0.44016
0.451753
0.451453
0.455068
0.455244
0.436426
0.426668
0.44299
0.441614
0.427452
0.422929
0.422026
0.425118
0.432603
0.434858
0.442783
0.436135
0.4341
0.441944
0.441194
0.43252
0.43656
0.437098
0.427066
0.435904
0.43395
0.44277
0.44311
0.43632
0.441532
0.44425
0.439654
0.432055
0.42916
0.43069
0.444909
0.432858
0.438778
0.449248
0.444164
0.44031
0.430408
0.422572
0.432581
0.436059
0.444948
0.450981
0.44685
0.455002
0.442149
0.446335
0.454729
0.448987
0.435671
0.422189
0.428025
0.430703
0.443848
0.443172
0.447223
0.455402
0.445337
0.444679
0.45663
0.453998
0.4491
0.442641
0.443251
0.445202
0.440413
0.451602
0.460221
0.46007
0.453282
0.435814
0.43484
0.435805
0.428133
0.439395
0.440177
0.432282
0.445998
0.441046
0.44592
0.456898
0.445658
0.451886
0.445331
0.431039
0.431909
0.430796
0.435137
0.437146
0.440139
0.437805
0.436748
0.434956
0.436355
0.436495
0.430139
0.428268
0.435483
0.43675
0.441065
0.447315
0.449887
0.449859
0.454935
0.450127
0.45033
0.444069
0.445808
0.43761
0.439428
0.437121
0.437183
0.440134
0.44712
0.445244
0.449586
0.459494
0.459658
0.450871
0.447388
0.440946
0.450776
0.441405
0.443505
0.449905
0.442346
0.447729
0.452553
0.452925
0.45776
0.466145
0.464648
0.45471
0.446479
0.450068
0.454837
0.449908
0.441225
0.438225
0.448785
0.446773
0.439651
0.443671
0.442417
0.439255
0.440372
0.438454
0.440165
0.441011
0.449986
0.436861
0.438595
0.431428
0.428219
0.43397
0.419417
0.418282
0.433246
0.431528
0.441807
0.438732
0.440366
0.446189
0.429341
0.428328
0.444518
0.441419
0.444438
0.442251
0.435644
0.45169
0.456326
0.447255
0.446802
0.44133
0.436354
0.433375
0.438528
0.429478
0.44052
0.432458
0.43696
0.437523
0.438356
0.440079
0.450036
0.43647
0.44153
0.431368
0.434242
0.434041
0.433207
0.431161
0.442567
0.442089
0.447352
0.435111
0.438101
0.437356
0.43785
0.446873
0.443143
0.432974
0.431
0.433579
0.433562
0.442037
0.444314
0.446269
0.442185
0.437722
0.441166
0.444838
0.437887
0.43562
0.439175
0.44187
0.432488
0.428951
0.43405
0.444615
0.437527
0.42961
0.429925
0.427461
0.424078
0.423447
0.427393
0.433257
0.433744
0.435707
0.450544
0.446316
0.441056
0.433106
0.444492
0.443031
0.433422
0.437462
0.44008
0.438569
0.438441
0.432127
0.424387
0.428234
0.430501
0.438087
0.431241
0.4287
0.435371
0.429406
0.427305
0.425698
0.427115
0.428175
0.429133
0.434888
0.434487
0.420528
0.4259
0.423387
0.426472
0.437849
0.429813
0.434274
0.42811
0.422532
0.433411
0.42948
0.432489
0.431403
0.430985
0.431918
0.439505
0.439285
0.447735
0.453837
0.443622
0.447996
0.443869
0.435152
0.445152
0.428163
0.425101
0.430872
0.426827
0.430185
0.432295
0.42716
0.441547
0.429462
0.43834
0.442191
0.423629
0.434157
0.436395
0.424727
0.434763
0.435911
0.421776
0.426634
0.436965
0.425102
0.431251
0.42759
0.42751
