0.691765
0.694153
0.691112
0.683561
0.689129
0.694368
0.689991
0.702456
0.688456
0.68193
0.688728
0.682195
0.689624
0.698002
0.688082
0.693018
0.689619
0.684916
0.688365
0.687771
0.688154
0.693249
0.693294
0.68536
0.693698
0.690654
0.692744
0.694689
0.686339
0.691044
0.6932
0.689729
0.695001
0.692446
0.689876
0.691857
0.68474
0.692576
0.69204
0.693747
0.698036
0.693492
0.687461
0.691932
0.690621
0.690621
0.695449
0.697761
0.693302
0.691946
0.691856
0.688002
0.688458
0.688516
0.687831
0.696175
0.684498
0.69083
0.6925
0.688449
0.695596
0.694802
0.689611
0.687988
0.685232
0.680024
0.689166
0.693007
0.683383
0.691801
0.688514
0.685949
0.69265
0.687291
0.697925
0.694906
0.683449
0.688872
0.68669
0.689271
0.691846
0.690591
0.689648
0.69298
0.695425
0.692472
0.695672
0.687787
0.686251
0.687615
0.683326
0.683577
0.685513
0.687974
0.697238
0.695053
0.690806
0.684989
0.692229
0.686506
0.678613
0.68905
0.684152
0.682952
0.68726
0.688394
0.693861
0.691246
0.686528
0.688359
0.688785
0.688579
0.689406
0.688988
0.691439
0.685663
0.688272
0.688084
0.690174
0.696617
0.694007
0.690817
0.688901
0.683861
0.6844
0.688576
0.685199
0.683697
0.685071
0.691853
0.690741
0.692165
0.693197
0.691649
0.688823
0.67904
0.687902
0.688797
0.688393
0.687043
0.685324
0.689109
0.68541
0.686939
0.694848
0.685993
0.689636
0.688257
0.680389
0.690843
0.684905
0.689611
0.689788
0.688514
0.695575
0.688922
0.688433
0.692103
0.687231
0.689464
0.686805
0.683268
0.687628
0.687792
0.683516
0.689273
0.682909
0.689538
0.689593
0.686307
0.690558
0.690622
0.684559
0.688624
0.69017
0.688606
0.684749
0.688856
0.683509
0.685295
0.690176
0.693535
0.689438
0.688182
0.688593
0.689703
0.687411
0.684261
0.685808
0.687353
0.687276
0.685356
0.681788
0.678549
0.679752
0.683882
0.686637
0.689842
0.683235
0.680836
0.690136
0.692788
0.691901
0.691573
0.68423
0.682215
0.679791
0.689388
0.686478
0.683344
0.689796
0.687444
0.684899
0.68787
0.689978
0.685931
0.689788
0.682823
0.682299
0.690624
0.687002
0.6858
0.694486
0.690499
0.697486
0.69114
0.681788
0.692298
0.688275
0.686332
0.691186
0.687395
0.695464
0.699684
0.691971
0.691038
0.688471
0.679999
0.690015
0.684246
0.689058
0.687824
0.683191
0.683761
0.689358
0.69795
0.695441
0.691893
0.689426
0.687468
0.688695
0.678522
0.690862
0.686638
0.681806
0.684291
0.684331
0.691305
0.690354
0.688826
0.690262
0.684969
0.67866
0.675984
0.684637
0.690662
0.693741
0.69603
0.695267
0.686551
0.687601
0.694762
0.683112
0.68927
0.686222
0.679217
0.689617
0.682326
0.686382
0.698312
0.692275
0.693291
0.693269
0.680169
0.686147
0.689044
0.687658
0.687426
0.684459
0.685766
0.690475
0.691934
0.694248
0.692234
0.681684
0.681847
0.682393
0.684659
0.682149
0.687214
0.680242
0.686831
0.691627
0.687065
0.695602
0.690121
0.690787
0.689184
0.681398
0.685766
0.680626
0.679733
0.682391
0.686819
0.68993
0.693207
0.687703
0.69173
0.690709
0.683847
0.691013
0.688661
0.687949
0.688855
0.688134
0.684337
0.685106
0.688351
0.687603
0.689525
0.690357
0.683102
0.690502
0.693708
0.684812
0.69088
0.693732
0.684442
0.688642
0.695875
0.691839
0.687263
0.693679
0.688569
0.685947
0.692821
0.688563
0.69382
0.696684
0.696668
0.701767
0.699688
0.692447
0.696749
0.68582
0.691386
0.68882
0.683568
0.694087
0.697284
0.683886
0.690954
0.68701
0.689654
0.693992
0.684098
0.680069
0.683428
0.684121
0.68656
0.692862
0.692241
0.689428
0.692313
0.683284
0.692939
0.692665
0.69025
0.691219
0.686998
0.685131
0.688096
0.687005
0.696235
0.693162
0.695018
0.697126
0.693477
0.684642
0.687644
0.68328
0.693309
0.687817
0.68975
0.690495
0.684758
0.688265
0.692113
0.688322
0.693453
0.691942
0.685463
0.684951
0.688673
0.688249
0.691459
0.687571
0.687142
0.689676
0.695561
0.690689
0.687986
0.691348
0.693941
0.691164
0.688986
0.68872
0.692877
0.692369
0.694801
0.696412
0.693515
0.691791
0.690122
0.690884
0.687006
0.684357
0.684866
0.688499
0.69267
0.683176
0.687687
0.687552
0.68806
0.686239
0.687083
0.685003
0.692698
0.699047
0.69199
0.69299
0.685556
0.689483
0.688127
0.68677
0.694758
0.689594
0.695329
0.69146
0.690527
0.691316
0.685234
0.690469
0.697536
0.692651
0.693613
0.693285
0.68669
0.689447
0.690041
0.688297
0.695805
0.688339
0.691534
0.693659
0.693087
0.690665
0.695349
0.692445
0.693552
0.690885
0.680862
0.689777
0.681554
0.684887
0.693244
0.682163
0.695997
0.696305
0.690847
0.696614
0.686526
0.689345
0.699192
0.68396
0.690787
0.692005
0.681455
0.697937
0.693297
0.685924
0.695349
0.686964
0.688213
0.700214
0.693803
0.688843
0.693951
0.688694
0.693031
0.693161
