72200.3
71952
72268.5
73066.9
72476.5
71929.7
72385.9
71101.4
72547.3
73241.6
72518.7
73213.1
72424.5
71555.2
72586.8
72069.8
72425
72922.3
72556.9
72619.6
72579.2
72045.8
72041.1
72875.1
71999.1
72316.5
72098.3
71896.4
72771.2
72275.7
72050.9
72413.4
71864.2
72129.3
72398
72190.8
72941
72115.8
72171.7
71994.1
71551.7
72020.5
72652.3
72182.9
72319.9
72319.9
71817.8
71579.9
72040.2
72181.4
72190.8
72595.2
72547.1
72541
72613.3
71743
72966.8
72298
72123.7
72548.1
71802.7
71884.7
72425.9
72596.7
72888.7
73446.9
72472.6
72070.9
73085.9
72196.6
72541.3
72812.5
72108.1
72670.4
71563.1
71874
73078.8
72503.5
72733.9
72461.5
72191.9
72323.1
72422
72073.8
71820.4
72126.6
71794.8
72617.9
72780.4
72636.1
73091.9
73065.2
72858.8
72598.2
71633.6
71858.7
72300.6
72914.6
72152
72753.4
73599.6
72484.8
73003.7
73132
72673.6
72553.8
71982.2
72254.5
72751
72557.6
72512.7
72534.4
72447.4
72491.3
72234.4
72842.9
72566.7
72586.5
72366.8
71697.4
71967.1
72299.4
72500.4
73034.8
72977.3
72534.7
72892.2
73052.3
72905.9
72191.1
72307.4
72158.6
72051.2
72212.4
72508.7
73553.4
72605.8
72511.4
72554
72696.5
72878.9
72478.6
72869.7
72707.6
71879.9
72807.8
72423.3
72568.3
73407.5
72296.7
72923.4
72425.9
72407.3
72541.3
71804.8
72498.3
72549.8
72165
72676.7
72441.2
72721.8
73098.2
72634.7
72617.4
73071.6
72461.4
73136.6
72433.5
72427.8
72774.5
72326.5
72319.9
72960.3
72529.6
72367.2
72531.6
72940.1
72505.3
73072.5
72882
72366.6
72016.1
72444.1
72576.3
72532.9
72416.2
72657.7
72992.1
72827.4
72663.8
72671.9
72875.5
73256.9
73606.5
73476.3
73032.5
72739.5
72401.6
73101.7
73359.3
72370.8
72093.7
72186.1
72220.4
72995.4
73211
73472.1
72449.2
72756.4
73090
72406.5
72654.1
72924.1
72609.2
72387.3
72814.4
72407.3
73145.9
73202
72319.6
72700.8
72828.3
71917.5
72332.7
71608.1
72265.6
73256.9
72144.7
72566.5
72771.9
72260.8
72659.4
71816.3
71383.2
72178.9
72276.2
72545.8
73449.6
72383.5
72993.7
72484
72614
73106.4
73045.5
72452.4
71560.5
71818.6
72187
72445.3
72651.6
72522.2
73609.5
72294.7
72739.5
73254.9
72988.9
72984.7
72248.3
72347.9
72508.4
72357.6
72916.6
73594.5
73885.8
72952.1
72315.6
71994.7
71757.9
71836.7
72748.7
72637.5
71888.9
73114.9
72461.7
72783.5
73534.1
72425.2
73199.1
72766.6
71523.4
72147.1
72041.4
72043.7
73431.3
72791.5
72485.5
72631.5
72656.1
72971
72832
72335.3
72182.7
71942.1
72151.4
73268.1
73250.6
73191.9
72949.7
73218.1
72678.5
73423.4
72719
72214.7
72694.3
71802.1
72372.3
72302.5
72470.7
73298.8
72831.9
73381.9
73478.4
73192.1
72720.2
72392.4
72050.1
72626.8
72204
72310.7
73036.3
72278.9
72525.8
72600.8
72505.3
72581.3
72984
72902.1
72558.4
72637.4
72434.9
72347.6
73115.9
72332.4
71998.1
72933.4
72292.8
71995.6
72972.8
72527.7
71773.9
72192.6
72673.2
72001.1
72535.4
72812.7
72090.3
72536.1
71986.5
71690.6
71692.2
71171.2
71382.7
72129.3
71683.8
72826.2
72239.9
72509
73066.2
71958.8
71628.8
73032.1
72285.1
72700
72421.3
71968.7
73009.5
73442
73081.1
73007.1
72747.6
72086
72150.6
72445.1
72143.2
73096.5
72078
72106.6
72358.8
72257.4
72701.3
72899.5
72585.3
72700.6
71736.8
72054.8
71862.4
71645.1
72022.1
72951.5
72633
73096.9
72039.5
72614.8
72411.2
72333.1
72939.1
72567.4
72164
72561.5
72024.6
72181.9
72864.1
72918.6
72524.5
72569.2
72232.3
72640.7
72686.1
72419
71806.3
72312.8
72596.9
72243.9
71974
72263.1
72491.6
72519.5
72084.5
72137.3
71884.9
71718.5
72018.1
72197.6
72372.2
72292.4
72700.4
72981.8
72927.7
72542.8
72106
73108
72628.4
72642.8
72589.1
72781.8
72692.3
72913
72103.1
71448.2
72176.9
72072.6
72854.2
72439.3
72582.1
72725.4
71889.3
72427.6
71830.2
72232.1
72329.8
72247.2
72888.5
72335.9
71603
72107.9
72008
72042
72734
72443.1
72380.7
72564.1
71781.1
72559.7
72224.4
72003.2
72062.6
72315.3
71828.2
72129.4
72014.3
72292.3
73356.5
72408.5
73282
72925.4
72046.3
73216.6
71761.3
71729.5
72296.2
71697.8
72751.3
72453.8
71433.4
73024.3
72302.5
72175.3
73292.7
71561.8
72040.8
72815.2
71828.2
72704.9
72572.9
71329.1
71988.3
72506.6
71972.8
72522.2
72068.4
72054.9
