2223.88
2186.41
2195.35
2228.36
2235.8
2187.84
2210.87
2266.7
2276.19
2258.59
2243.53
2226.36
2239.94
2263.03
2279.94
2226.65
2180.95
2227.45
2226.56
2188.61
2191.42
2191.68
2250.31
2248.1
2187.14
2196.71
2155.27
2134.61
2134.1
2134.67
2149.7
2183.3
2221.17
2222.02
2218.77
2208.46
2222.95
2232.54
2199.98
2217.55
2275.42
2252.87
2210.76
2221.17
2246.97
2237.64
2247.27
2262.81
2244.3
2220.41
2177.98
2164.34
2142.78
2150.04
2194.57
2225.8
2198.87
2189.12
2209.16
2221.69
2197.42
2215.58
2264.6
2281.46
2266.79
2240.27
2240.05
2225.52
2227.86
2304.78
2286.35
2233.85
2218.17
2279.41
2265.27
2232.15
2248.78
2262.41
2262.85
2235.09
2189.5
2192.89
2221.49
2230.76
2212.88
2221.53
2202.69
2227.36
2183.38
2139.05
2196.69
2237.21
2208.96
2201.7
2212.42
2230.04
2234.99
2237.3
2248.44
2251.66
2244.6
2219.04
2215.71
2260.1
2300.76
2241.58
2186.02
2218.3
2292.94
2274.99
2219.62
2182.43
2223.2
2273.98
2262.78
2239.8
2245.94
2253.47
2262.02
2245.02
2229.37
2250.01
2285.76
2274.21
2214.93
2203.01
2231.64
2236.81
2233.25
2238.26
2213.41
2221.21
2211.2
2163.1
2157.26
2204.59
2212.68
2216.68
2196.43
2221.87
2222.29
2231.3
2241.53
2237.72
2240.25
2253.83
2216.84
2188.74
2210.19
2295.75
2255.85
2202.89
2213.14
2251.89
2250.91
2210.04
2212.62
2241.86
2253.71
2224.71
2244
2262.64
2263.16
2216.97
2217.85
2186.25
2200.55
2212.82
2237.51
2263.77
2260.47
2243.71
2240.9
2256.13
2202.24
2157.7
2192.9
2223.69
2214.16
2215.62
2216.07
2217.76
2212
2252.9
2243.85
2202.46
2204.9
2259.17
2269.92
2266.64
2281.36
2266.98
2223.16
2210.43
2216.61
2247.24
2253.82
2234.52
2233.82
2233.33
2214.8
2222.41
2212.82
2220.7
2242.2
2260.77
2241.34
2203.01
2216.44
2237.54
2199.07
2182.04
2217.61
2244.64
2252.36
2244.36
2211.52
2209.49
2214.83
2258.67
2244.77
2225.48
2222.42
2206.34
2257.65
2290.23
2242.93
2201.27
2236.89
2274.61
2251.12
2238.57
2241.86
2261.88
2209.08
2187.27
2224.73
2226.12
2190.4
2192.56
2214.71
2244.5
2223.34
2225.36
2276.44
2285
2236.82
2216.13
2239.15
2209.96
2185.43
2213.64
2239.01
2216.63
2208.38
2231.06
2249.27
2244.9
2224.51
2208.09
2233.57
2257.51
2239.11
2206.94
2263.33
2266.27
2210.39
2211.81
2257.01
2265.03
2240.62
2205.98
2204.42
2229.95
2245.68
2258.38
2244.43
2233.04
2232.35
2254.38
2260.49
2209.31
2228.73
2276.39
2238.23
2209.76
2229.72
2268.18
2284.37
2242.41
2205.55
2213.24
2229.82
2206.27
2172.03
2193.67
2206.09
2207.41
2211.45
2202.86
2194.34
2195.81
2198.57
2194.16
2173.41
2211.59
2259.55
2234.87
2205.61
2221.74
2231.99
2237.23
2213.56
2237.84
2266.55
2239.7
2227.4
2201.24
2187.17
2187.33
2212.34
2240.32
2224.99
2204.06
2222.13
2194.09
2166.64
2215.25
2278.38
2220.8
2207.14
2245.56
2231.41
2192.08
2204.83
2206.71
2224.04
2235.58
2218.8
2235.08
2232.81
2255.39
2256.51
2230.29
2227.28
2241.24
2220.41
2197.25
2212.97
2216.79
2206.1
2219.98
2267.57
2281.28
2235.35
2207.33
2260.22
2266.55
2235.39
2234.5
2240.53
2237.22
2229.28
2237.1
2202.01
2198.3
2217.73
2194.96
2185.75
2200.47
2210.52
2227.55
2179.68
2152.87
2189.73
2246.43
2244.77
2207.67
2218.53
2207.71
2197.64
2204.98
2228.12
2257.77
2267.85
2258.21
2236.01
2201.89
2248.17
2256.24
2220.84
2189.48
2220.36
2238.79
2228.79
2229.57
2210.32
2210.88
2227.15
2239.84
2243.98
2243.97
2246.67
2276.49
2259.71
2212.74
2246.19
2274.06
2246.47
2232.74
2209.81
2230.28
2227.58
2243
2236.44
2204.67
2189.23
2227.12
2235.57
2219.03
2226.53
2218.28
2208.45
2191.81
2182.91
2209.48
2250.44
2232.24
2207.95
2203.98
2236.29
2245.32
2232.95
2208.44
2211.88
2223.69
2248.63
2230.21
2215.09
2242.23
2234.5
2220.16
2235.54
2239.09
2235.69
2223.64
2186.33
2206.3
2220.29
2200.69
2199.48
2246.48
2241.76
2193.04
2168.27
2210.92
2226.28
2183.5
2187.5
2214.2
2207.96
2218.52
2222.17
2230.11
2239.22
2251.42
2260.07
2267.41
2260.18
2225.7
2188.08
2214.11
2235.02
2248.34
2236.16
2225.52
2214.69
2244.88
2228.16
2196.56
2200.39
2237.31
2235.67
2205.74
2229.5
2261.65
2233.18
2217.17
2209.96
2243.69
2224.75
2185.97
2230.14
2265.12
2225.95
2191.8
2217.29
2231.72
2190.47
2216.05
2243.33
