0.464131
0.467113
0.478124
0.479795
0.4791
0.465915
0.47729
0.481066
0.486515
0.481952
0.479817
0.46828
0.470023
0.488489
0.479143
0.471669
0.457152
0.4706
0.4717
0.448451
0.446284
0.450081
0.457645
0.466261
0.454355
0.444176
0.437607
0.428071
0.425155
0.425185
0.434768
0.44063
0.443903
0.45133
0.451647
0.46075
0.471756
0.469576
0.467366
0.475796
0.497177
0.489701
0.487554
0.486746
0.493824
0.493554
0.489861
0.481821
0.485298
0.477128
0.465584
0.460014
0.44387
0.443874
0.454775
0.458922
0.451785
0.447053
0.459847
0.473383
0.475504
0.477165
0.491118
0.506455
0.494686
0.496267
0.495441
0.500077
0.503562
0.51687
0.51481
0.499426
0.498794
0.510994
0.512505
0.505292
0.501588
0.500253
0.499778
0.489869
0.477144
0.478298
0.482314
0.4663
0.461005
0.460491
0.459763
0.470404
0.456002
0.437603
0.466886
0.478085
0.4703
0.475263
0.473149
0.484042
0.483861
0.48142
0.491357
0.493085
0.490209
0.480721
0.483124
0.491573
0.514548
0.501736
0.48162
0.486335
0.50808
0.513417
0.48743
0.48444
0.490632
0.507683
0.501808
0.502282
0.494423
0.499453
0.494809
0.489881
0.500487
0.490986
0.494579
0.504867
0.483327
0.478897
0.484328
0.486647
0.479004
0.478353
0.465152
0.477549
0.478816
0.461769
0.463478
0.483687
0.481007
0.486177
0.481822
0.484605
0.485643
0.486794
0.498604
0.497384
0.495617
0.49603
0.484263
0.468926
0.479457
0.49673
0.493675
0.487065
0.488797
0.492176
0.49894
0.488841
0.482122
0.498206
0.504159
0.506702
0.510954
0.514083
0.520123
0.509426
0.508537
0.498107
0.498178
0.500704
0.49437
0.505124
0.493871
0.484733
0.476253
0.476339
0.475646
0.460864
0.478589
0.475974
0.476354
0.468799
0.484642
0.468157
0.470672
0.483451
0.480087
0.458468
0.462035
0.476967
0.477011
0.474431
0.483757
0.477378
0.461361
0.444854
0.455154
0.460022
0.462881
0.457605
0.456012
0.453466
0.448762
0.454829
0.452582
0.459608
0.462994
0.469632
0.47797
0.460025
0.478389
0.483325
0.478718
0.47455
0.491383
0.492813
0.490602
0.48664
0.492221
0.494918
0.493896
0.513625
0.501646
0.49735
0.490694
0.490889
0.503445
0.509798
0.495656
0.489348
0.491088
0.499593
0.492497
0.483038
0.485462
0.490046
0.476468
0.462362
0.471361
0.470659
0.469263
0.464788
0.474903
0.482026
0.477372
0.478023
0.501258
0.494747
0.489143
0.482066
0.495804
0.487979
0.474262
0.475799
0.483741
0.482181
0.47461
0.478172
0.493357
0.49046
0.478204
0.462293
0.48137
0.492869
0.49002
0.481543
0.507858
0.506051
0.493523
0.491902
0.498205
0.50418
0.495426
0.482413
0.485237
0.490626
0.49795
0.503423
0.495752
0.488833
0.485638
0.489158
0.483192
0.483185
0.485964
0.496898
0.49173
0.484402
0.479667
0.490256
0.497387
0.487432
0.481267
0.477328
0.483614
0.469164
0.4683
0.479033
0.475449
0.47135
0.475843
0.47261
0.467851
0.463542
0.474995
0.470756
0.463995
0.483276
0.495693
0.487565
0.486691
0.484712
0.488989
0.492244
0.489045
0.497561
0.505981
0.493547
0.488371
0.482514
0.465944
0.456011
0.465183
0.471627
0.473352
0.472486
0.480993
0.4681
0.454204
0.465589
0.477363
0.470579
0.467122
0.483727
0.479333
0.471222
0.465204
0.474391
0.474726
0.477757
0.479804
0.485912
0.48215
0.478079
0.47914
0.473083
0.467492
0.474954
0.469013
0.471243
0.48293
0.477563
0.471243
0.479963
0.500315
0.509061
0.49614
0.4879
0.497501
0.509033
0.490902
0.49649
0.496368
0.478754
0.48338
0.481256
0.469375
0.476388
0.483661
0.468651
0.469524
0.464572
0.471122
0.474721
0.458444
0.4516
0.472835
0.482214
0.477071
0.47968
0.47753
0.475098
0.458017
0.463081
0.47668
0.501832
0.492331
0.487488
0.488219
0.486723
0.484412
0.486568
0.490704
0.476444
0.48359
0.48441
0.479142
0.490206
0.48131
0.47667
0.482983
0.494081
0.489447
0.506206
0.498245
0.504931
0.485324
0.482361
0.489042
0.497756
0.497943
0.479822
0.485745
0.485245
0.48061
0.483795
0.472885
0.467167
0.473651
0.473123
0.485093
0.484378
0.486758
0.480549
0.480202
0.471537
0.468375
0.477678
0.483087
0.481315
0.4709
0.46432
0.469321
0.475606
0.475543
0.468174
0.465631
0.472923
0.483285
0.474809
0.471174
0.47295
0.47818
0.48008
0.474577
0.46943
0.471227
0.467732
0.461771
0.464864
0.468193
0.459746
0.466389
0.474002
0.477603
0.464024
0.458662
0.469105
0.470741
0.461508
0.462548
0.468349
0.465781
0.474845
0.471774
0.471529
0.468706
0.479538
0.48334
0.484848
0.481559
0.46633
0.45205
0.461378
0.471415
0.475136
0.475339
0.464247
0.472155
0.471886
0.462317
0.454625
0.461275
0.469162
0.47168
0.45739
0.453408
0.472991
0.459539
0.452136
0.447351
0.468757
0.458146
0.44865
0.466566
0.494139
0.485215
0.474575
0.476041
0.48259
0.474807
0.474039
0.476877
