0.611178
0.616553
0.616298
0.608593
0.608084
0.619569
0.615279
0.606985
0.604982
0.610711
0.614817
0.61644
0.613445
0.610727
0.607334
0.619785
0.625612
0.614818
0.617624
0.623628
0.625162
0.622852
0.6111
0.612676
0.620661
0.620625
0.628418
0.63463
0.634278
0.63345
0.629454
0.62562
0.617251
0.616696
0.619215
0.619281
0.612605
0.61048
0.619072
0.617212
0.604077
0.606493
0.613948
0.613599
0.607504
0.610537
0.611058
0.608801
0.609934
0.614091
0.619294
0.624618
0.630816
0.632312
0.623019
0.615936
0.621239
0.624833
0.619047
0.61402
0.61759
0.613345
0.604743
0.602225
0.605771
0.609886
0.608213
0.610573
0.610981
0.595249
0.598278
0.610701
0.610138
0.600138
0.60162
0.612188
0.608733
0.609025
0.606937
0.611728
0.616865
0.618164
0.615091
0.616913
0.61966
0.616009
0.618435
0.61224
0.622073
0.632994
0.621137
0.613559
0.618753
0.617202
0.618551
0.613583
0.615191
0.614155
0.609876
0.611118
0.611984
0.617128
0.617509
0.610286
0.599879
0.609882
0.621514
0.614802
0.602923
0.602499
0.615473
0.623401
0.616891
0.605365
0.607138
0.611874
0.612161
0.609333
0.609663
0.612394
0.612737
0.612373
0.605228
0.60676
0.617939
0.61948
0.61322
0.610984
0.615166
0.615306
0.618436
0.615643
0.615407
0.626576
0.625704
0.618168
0.616069
0.614316
0.619869
0.614933
0.612247
0.611484
0.61104
0.610527
0.607996
0.60749
0.613304
0.621988
0.617366
0.60395
0.607012
0.620725
0.615798
0.608861
0.607956
0.617106
0.617409
0.608852
0.608935
0.613773
0.608014
0.604312
0.604985
0.611145
0.610903
0.614995
0.6129
0.609809
0.608856
0.603812
0.608796
0.612708
0.61452
0.611609
0.618807
0.627083
0.619181
0.61488
0.616489
0.618603
0.616263
0.620163
0.620389
0.617092
0.615166
0.62309
0.621886
0.610105
0.611447
0.612664
0.610499
0.614467
0.622073
0.626422
0.623233
0.620985
0.62003
0.622808
0.624983
0.626287
0.628395
0.62441
0.62751
0.625895
0.619878
0.613956
0.617194
0.623155
0.618047
0.612424
0.618318
0.623046
0.615948
0.611456
0.611494
0.614417
0.617608
0.617611
0.615514
0.608096
0.608663
0.61325
0.614096
0.619284
0.605826
0.597622
0.607948
0.617148
0.610889
0.603825
0.607111
0.613478
0.611788
0.604705
0.615641
0.625051
0.614532
0.615449
0.622253
0.622506
0.616968
0.612
0.615174
0.615033
0.602484
0.605023
0.611274
0.613333
0.609112
0.611365
0.620613
0.614406
0.60983
0.614569
0.615242
0.610658
0.606052
0.606913
0.614104
0.617935
0.611449
0.6053
0.609498
0.613306
0.602531
0.601388
0.613278
0.611233
0.6035
0.60296
0.606885
0.614964
0.617568
0.614182
0.608494
0.606515
0.610521
0.613024
0.611567
0.606484
0.605004
0.616051
0.612528
0.603745
0.610091
0.617943
0.61362
0.607166
0.603822
0.60658
0.613657
0.615231
0.613437
0.61741
0.62282
0.618608
0.615559
0.617375
0.61575
0.619256
0.620568
0.621303
0.61755
0.623111
0.625725
0.617314
0.609921
0.613935
0.616408
0.614111
0.61283
0.610809
0.616849
0.61165
0.606742
0.610546
0.614288
0.61898
0.623823
0.624253
0.619111
0.616306
0.616877
0.624357
0.620245
0.62451
0.631874
0.623582
0.612392
0.619804
0.621536
0.610537
0.614047
0.620372
0.616933
0.616931
0.613687
0.609096
0.611361
0.610536
0.614609
0.610777
0.610122
0.61441
0.616054
0.611287
0.614766
0.617516
0.613615
0.614229
0.618931
0.61463
0.604952
0.601107
0.608699
0.613513
0.606364
0.603759
0.613837
0.610956
0.609762
0.612701
0.613044
0.611594
0.621394
0.620643
0.611309
0.617375
0.620487
0.621361
0.61909
0.614396
0.625304
0.630351
0.620371
0.611761
0.612767
0.618468
0.617064
0.621626
0.623704
0.622642
0.616066
0.609765
0.608669
0.610613
0.615843
0.619106
0.612426
0.611083
0.6168
0.621969
0.615535
0.611053
0.613597
0.611307
0.616374
0.618178
0.615618
0.613934
0.610894
0.609106
0.607465
0.604043
0.608529
0.617104
0.612081
0.605383
0.609842
0.614811
0.617608
0.61481
0.617965
0.613207
0.613962
0.620763
0.62071
0.615062
0.612941
0.616598
0.614953
0.614574
0.616408
0.619958
0.622009
0.616175
0.611346
0.614982
0.622213
0.621697
0.614363
0.613253
0.614034
0.618004
0.616368
0.616027
0.611785
0.614985
0.619021
0.611763
0.614134
0.616564
0.61388
0.614221
0.614
0.615737
0.622964
0.619536
0.616555
0.620632
0.61751
0.610405
0.609293
0.616348
0.6221
0.613935
0.612509
0.621875
0.622638
0.617772
0.621179
0.615639
0.616114
0.614314
0.613746
0.6117
0.609647
0.609813
0.61121
0.618303
0.624562
0.621327
0.617291
0.614561
0.612194
0.616051
0.617029
0.614555
0.617902
0.623957
0.620743
0.61244
0.611996
0.618727
0.617546
0.611006
0.615109
0.620757
0.621436
0.612257
0.619162
0.625581
0.614418
0.604419
0.611413
0.619502
0.614093
0.610595
0.619199
0.613873
0.606026
