72983.2
72346.9
72376.8
73293.2
73354.5
71994.7
72496.7
73487.3
73730.6
73039
72551.1
72360.2
72713.5
73037.1
73445.1
71969.7
71299.3
72551.1
72221.5
71526.1
71350.6
71615.3
72992.5
72804.7
71868.1
71872.2
70980.9
70286.2
70325.2
70417.1
70864.1
71298.4
72265.1
72330.1
72035.9
72028.3
72813.1
73066.6
72052.5
72269.7
73841
73547
72653.8
72695.2
73424.6
73059.7
72997.5
73268.1
73132
72637
72026.7
71412.7
70711.1
70543.8
71596.1
72419.4
71801.2
71388.2
72055.4
72645.4
72225.4
72725.3
73759.8
74068.2
73634.5
73137.7
73339
73055.5
73006.7
74936.1
74556.8
73040.1
73107.6
74325.8
74142.6
72862.8
73276.3
73241.2
73493.2
72917.6
72310.3
72158.4
72518.9
72304.7
71984.1
72410.8
72126.7
72856.6
71704.9
70467.8
71813
72699.9
72089.6
72270.9
72113.2
72697.1
72507.1
72629.4
73139
72990.3
72887.1
72279.5
72234.9
73089.9
74357.8
73138.2
71769.4
72552.9
73982.4
74034.5
72473.8
71552.2
72307.3
73684
73468.7
72900.1
72865.9
73204.1
73164.5
72838.3
72797.5
72840.8
73700.7
73514.5
72184.6
72005.1
72740.1
73006.3
72510.1
72493.6
72126.6
72453.8
72481.6
71189.6
71288.8
72157.9
72403.8
72610.3
71959.9
72537.4
72855.7
72946.7
72999.7
73061
73365.1
73426.3
72730.2
71714.7
72251.7
73856.6
73484.1
71860.6
72435.6
73260.9
73370
72282
72246.5
73262
73252
72674.6
73363
73812.4
73730.2
72987
73016
72530.2
72778.1
73147.1
73261.5
73873.5
73268.7
72800.9
72586.3
72931.7
72083.3
71132
72039.8
72543.8
72354.5
72107.2
72381
71925.8
71899.5
72283.8
72510
71587.9
71726.5
73111.5
72951.1
72806.1
73064.3
72592.5
71704.9
71207.1
71571.5
71830.6
71941.2
71620.3
71371
71222.4
70983.5
71436.6
71083.6
71267
71958.8
72652.9
72271.8
71580.4
72172
72834.6
72140.3
71593
72418
72950
72945.5
72598.4
72223.3
72223
72469.1
73353
73284.7
72736.6
72636.3
72027.8
73627.9
74638.7
73370.9
72277.2
73017.7
73871.9
73472.1
72709.5
72910.4
73764.4
72454.1
71363.3
72584.8
72476.7
71684.2
71655
72298.3
72885.1
72509.1
72525.7
74036.3
73725.6
72971.7
72726.8
73230.7
72960.8
71873.6
72599.7
73144.4
72580.5
72501.1
73045.3
73600.5
73496
72635.5
72185.1
72950.8
73691.9
73184.3
72729.9
74030.5
74171.2
72733.2
72976.6
73911.7
73977.9
73499.4
72533.9
72228
72626.2
73305
73544.3
73061.7
72763.3
72936.7
73548
73727.9
72405.8
72822.3
73881.6
73113.1
72184.1
72692.7
73465.4
73872.3
73536.4
72688.3
72502.4
72714.3
72246.5
71619
72106.6
72463.8
72250.5
72441.3
72031.1
71878.8
71793.8
72230.1
71585.5
71286.4
72257.7
73133.6
72655.4
72364
72634.6
72786.5
73027.3
72312.2
72926.8
73516.7
73058.6
72613.7
72063.3
71503.7
71454.5
72048
72375.9
72308.9
71442.6
71916.3
71425.1
70592.7
71531.4
72838.5
71967.4
71766.9
73059.7
72642.1
71901.5
72302.3
72302.6
72684.8
73232.6
72961.3
73059.9
72575.8
73031
73109.5
72599.2
72405.5
72970.1
72557.2
72234.1
72693.3
72620.6
72069
72573.2
73734.3
74206
73280.4
72705.3
73562.5
73879.9
72667.1
73009.7
73152.6
72801.7
72761
72933.6
71783.3
71870.2
72967.5
72250.5
71888.2
71787.1
72050.5
72600.9
71334.4
70763.3
71901.6
72913.6
72793.9
72122.9
72287
71756.5
71517.4
71639.4
72404.1
73152.2
73284
73050.7
72430.3
72048.6
72834.4
72994.5
72317.9
71717
72466.6
72998.1
72695.4
72967.7
72367.9
72156.8
72456.7
72655.5
73017.1
73231.4
73429.2
73845.2
73300.9
72282.3
72875.5
73681.7
73143
72551.9
72223.3
72552
72181.6
72741.6
72652.2
71856.3
71862.4
72522.3
72773.3
72341.7
72535.1
72579.8
72363.9
71949.5
71712.3
72391.3
72963.1
72531.7
71688.8
71748.3
72604.8
72736.2
72643.6
72177
72368.6
72408.7
72910.7
72531.4
72058.5
72913.4
72631.8
72345.6
72661.9
72621.6
72647.8
72442.8
71602.4
71998.6
72346.6
71871.4
72234.8
73075.5
73208.9
72371
71701.9
72655.4
72824.6
71727.8
71639.9
72204.1
71808.2
72454.3
72398.5
72610.6
72677.7
72920.9
73166.5
73146.6
72979.4
72142.1
71419.2
71791
72260.4
72581.4
72862
72405.9
72291.1
72582.1
72188.9
71488.4
71858.5
72832.8
72885.6
72092.6
72230.6
73003.7
72516.8
71856.9
71778.4
72854.5
72042.1
71302.9
72598.3
73799.3
72955.1
72002.5
72636.7
73052.9
72037.8
72662.7
73603.6
