1988.73
1992.34
1982.81
1996.56
2000.1
1996.52
2003.11
1998.56
2006.2
1997.51
2000.53
1988.65
1999.82
1989.47
2005.29
2007.66
2003.47
1991.27
1990.25
1995.22
2006.22
2018.34
1985.25
1992.25
1994.87
1991.29
1989.96
1992.31
1997.82
1997.72
1984.27
1983.09
1980.61
1990.95
1978.75
1984.9
2010.05
1985.04
1986.2
1986.74
1979.76
1983.46
1990.92
1984.85
1988.7
1987.29
1992.26
1982.56
1984.82
1991.39
1986.24
1987.49
1985.77
1997.85
1995.34
1990.66
1983.51
1997.82
1995.82
2003.95
2009.21
2002.99
1996.9
1986.51
1990.01
1987.42
2000.98
1984.31
1991.54
2000.6
2001.17
1992.94
1980.84
2000.74
2005.28
1993.13
1998.89
2000.67
2009.16
1999.57
1992.44
1982.03
1990.13
1995.58
2007.51
1992.22
1994.73
1996.46
1991.03
1979.95
1986.48
1995.79
1979.8
1981.97
1984.33
1989.62
2001.21
1984.58
1987.22
1974.7
1993.91
1997.53
1998.12
1992.16
1986.49
1988.42
1995.79
1999.57
1993.21
1991.32
1983.14
1996.51
1993.68
2001.27
1991.16
1994.26
1988.76
1994.9
1996.37
2001.02
1998.48
1988.76
1979.57
1984.28
1997.24
1993.1
1981.4
1995.95
1996.07
1988.13
1986.21
1982.27
1994.87
2001.78
1996.48
1998.14
1980.58
1985.15
1999.7
1995.71
1999.68
1995.13
1989.51
1983.53
1980.77
1986.18
1998.32
1999.59
1994.81
1988.48
1992.26
1993.91
1991.63
1998.67
1995.44
1990.68
1991.89
1997.43
2002.13
1988.18
1994.56
1989.62
1993.71
1993.14
2006.18
2001.62
1985.97
1987.96
1976.26
1993.02
1982.76
1999.12
2005.24
1988.73
1985.23
1998.48
1997.32
1982.56
1986.76
1998.69
1991.25
1992.67
1983.15
1989.4
1983.83
1994.38
1989.6
2006.06
2004.15
1995.09
1994.55
1992.74
1983.94
1988.72
1995.78
2009.73
1992.75
1997.71
2002.57
1989.39
1991.79
1993.23
1994.97
2001.38
2006.03
1999.5
1991.89
1996.69
1991.48
1990.12
1991.98
1991.51
2010.54
2000.68
1988.87
1979.45
1990.89
2010.88
2007.47
1998.98
2003.64
1989.55
1999.21
1992.48
1992.24
2002.46
1998.67
1995.04
1997.26
1990.82
1992.77
1997.09
2003.8
2004.24
1999.5
1987.99
1980.92
1997.22
1988.95
1983.75
1985.78
1981.72
1963.66
1994.29
1996.95
1994.51
1983.61
1984.24
1992.39
1991.41
1989.73
1989.89
1998.23
1999.59
1983.74
1998.78
1997.92
2006.25
1999.28
1994.98
2001.6
2005.27
2000.07
1994.7
1996.95
2003.61
1996.94
2005.42
2010.55
2004.91
1998.71
1999.94
2007.21
1999.15
1999.27
1998
1985.1
1984.28
1975.56
1988.12
1973.42
1974.53
1980.77
1991.74
1984.74
1982.64
1981.23
1988.14
1998.11
1992.64
1987.99
1990.43
1993.36
2000.29
2002.98
2004.32
2014.27
1999.2
1986.49
1999.14
1990.94
2003.61
1999.98
2006.99
2000.59
1992.41
1989.98
1991.45
1997.53
2009.28
1997.63
1984.56
1985.65
1989.27
2001.33
1997.91
1988.86
1994.08
1978.68
1984.09
1985.99
2007.15
2014.37
2001.4
1991.5
1990.68
1996.71
1992.21
1994.62
1996.04
1996.41
1994.55
1995.76
1996.41
1990.1
2002.36
1991.73
1996.16
2002.07
1991.71
1992.01
1995.59
2005.05
1993.21
1996.92
1992.91
1998.22
2005.05
2005.21
2006.4
1995.2
1990.39
1999.85
1993.59
1995.27
2005.83
1999.19
1995.79
2001.25
1992.6
1989.73
1988.66
1993.63
2010.21
2006.43
1985.29
1990.9
1996.82
2011.01
2001.74
2001.11
1984.56
1986.8
2002.85
2003.8
2006.13
1994.25
1997.18
1988.35
1976.82
1992.31
2001.78
2003.1
1982.96
1985.71
1977.79
1967.96
1985.03
1995.45
1988.84
1978.25
1979.37
1991.02
2001.45
1993.47
1997.79
1978.69
1995.41
2003.08
1997.08
1990.33
1998.42
1990.73
2001.7
1989.56
1996.44
1999.8
2004.84
2001.35
1997.14
2001.25
1994.52
2007
1997.53
1998.19
1996.04
1991.67
2008.53
1984.36
1979.68
1981.29
1982.08
1987.01
1989.64
1984.11
1986.94
1987.88
1967.37
1973.95
1991.25
2004.13
1994.57
1984.58
1974.28
2005.19
1994.13
1996.37
2007.53
1998.35
1997.92
1999.05
2007.7
2002.59
1998.99
2006.46
2011.72
2003.76
2000.42
1996.44
1999.86
2002.3
1992.37
1995.39
1986.25
1984.73
1989.03
1985.87
1990.57
1982.55
1997
1991.19
1985.54
1981.18
1996.19
1985.27
1977.2
1989.08
1993.93
1994.34
1996.39
1990.43
2004.25
1990.49
1989.05
1995.17
2016.65
2008.08
2002.29
2000.63
2002.34
2001.07
2012.72
2007.41
1997.95
2003.57
2019.22
2007.77
1998.62
1999.22
1984.17
1978.3
1977.1
1992.89
1982.57
1986.08
1984.67
1974.89
1968.75
1984.93
1996.48
1994.45
