0.412796
0.412972
0.413465
0.418358
0.417571
0.421387
0.418142
0.420032
0.417674
0.419788
0.421499
0.418432
0.415326
0.416667
0.41896
0.421601
0.421612
0.415149
0.417798
0.416916
0.42161
0.417434
0.41551
0.41479
0.412868
0.414004
0.413342
0.412756
0.413887
0.413081
0.415798
0.416565
0.409869
0.411227
0.408836
0.410508
0.419818
0.421638
0.415242
0.413999
0.40995
0.416835
0.419996
0.423665
0.419624
0.42214
0.419825
0.422882
0.416517
0.414643
0.413538
0.41602
0.421953
0.420611
0.424857
0.419486
0.415484
0.423109
0.425964
0.426208
0.428663
0.424788
0.424332
0.415838
0.418597
0.423157
0.425752
0.423324
0.420227
0.427047
0.43059
0.426191
0.424558
0.426913
0.425121
0.421335
0.422856
0.420911
0.424553
0.418662
0.420755
0.412506
0.415011
0.417191
0.417416
0.41481
0.41206
0.411101
0.408417
0.404542
0.410133
0.410131
0.40684
0.39994
0.407097
0.410677
0.417377
0.408348
0.406374
0.407759
0.408702
0.410302
0.410128
0.408157
0.407245
0.410378
0.41659
0.424557
0.426522
0.414171
0.420348
0.420794
0.422599
0.42586
0.422472
0.419263
0.418265
0.42238
0.423787
0.417902
0.417069
0.420522
0.411219
0.415195
0.414474
0.413278
0.415837
0.419138
0.417434
0.417754
0.412663
0.416331
0.418767
0.41503
0.416335
0.415884
0.416
0.414429
0.418629
0.41344
0.41551
0.414461
0.412363
0.411679
0.415551
0.420831
0.41815
0.422167
0.420998
0.419573
0.418518
0.416925
0.421266
0.425888
0.420309
0.416349
0.418542
0.423092
0.424117
0.416265
0.420539
0.418025
0.413542
0.416493
0.422028
0.42342
0.406408
0.405957
0.404247
0.407704
0.406954
0.412295
0.41579
0.408478
0.414523
0.419511
0.412587
0.411386
0.414581
0.416923
0.41335
0.415269
0.413516
0.414835
0.41528
0.412616
0.417648
0.416287
0.42365
0.423568
0.421735
0.418026
0.418206
0.420084
0.423681
0.427004
0.422901
0.423079
0.430193
0.426754
0.427872
0.421646
0.431011
0.432576
0.426716
0.429551
0.424038
0.424584
0.415035
0.418585
0.420019
0.420554
0.422551
0.424891
0.419672
0.417873
0.424914
0.426469
0.424578
0.425078
0.421251
0.422103
0.421755
0.417138
0.418569
0.416096
0.413673
0.412278
0.415584
0.411584
0.411826
0.411485
0.408775
0.412093
0.411798
0.407521
0.404734
0.404809
0.407632
0.409175
0.402689
0.403543
0.403468
0.415396
0.413606
0.411984
0.408069
0.412041
0.407749
0.414267
0.416347
0.417265
0.414638
0.420239
0.421485
0.419947
0.425468
0.423527
0.421817
0.422581
0.427222
0.427111
0.428321
0.431985
0.43214
0.435977
0.434746
0.433336
0.434687
0.429745
0.429795
0.426754
0.425277
0.421265
0.424499
0.425393
0.422666
0.423741
0.420326
0.415433
0.411135
0.405696
0.403881
0.408294
0.409667
0.41359
0.410258
0.414323
0.415053
0.414588
0.417728
0.417338
0.4112
0.412191
0.417949
0.422368
0.424463
0.421636
0.412702
0.419175
0.420334
0.425844
0.428621
0.43071
0.425178
0.423819
0.421477
0.41838
0.421637
0.413636
0.419262
0.419666
0.415644
0.414099
0.416907
0.417565
0.415901
0.410489
0.405582
0.403985
0.408718
0.41087
0.408287
0.412982
0.412634
0.410615
0.414371
0.412311
0.415115
0.415697
0.411453
0.41151
0.413912
0.415642
0.418757
0.424021
0.420715
0.423463
0.425222
0.428663
0.426777
0.429584
0.428853
0.42496
0.42206
0.427365
0.426425
0.426271
0.424861
0.428417
0.423082
0.420224
0.422748
0.414839
0.417515
0.417954
0.414936
0.413672
0.413888
0.409901
0.41576
0.414255
0.416738
0.419272
0.420865
0.41175
0.410034
0.414282
0.422323
0.420064
0.418398
0.410491
0.412441
0.415716
0.421959
0.41708
0.415429
0.410227
0.410484
0.405556
0.413678
0.414834
0.413074
0.414406
0.413323
0.409889
0.408765
0.419543
0.424472
0.421278
0.414875
0.412423
0.414472
0.41329
0.420966
0.425616
0.419582
0.41976
0.421009
0.424442
0.4246
0.423912
0.420067
0.420135
0.424033
0.430723
0.427042
0.431203
0.429561
0.425212
0.429275
0.420402
0.419742
0.421539
0.428855
0.420259
0.415413
0.427058
0.422968
0.413963
0.416171
0.411573
0.409594
0.409047
0.406549
0.406852
0.412124
0.40475
0.406579
0.41189
0.418782
0.417491
0.414076
0.41667
0.420111
0.421487
0.424863
0.424785
0.424233
0.42465
0.428352
0.426129
0.42757
0.425033
0.423011
0.42796
0.42791
0.425139
0.42205
0.420523
0.417586
0.413697
0.420199
0.412075
0.419928
0.422251
0.419114
0.417398
0.412688
0.417888
0.415325
0.414624
0.413058
0.419734
0.409842
0.411988
0.416927
0.414684
0.413018
0.41387
0.410536
0.418761
0.416462
0.415273
0.416563
0.424694
0.42275
0.423804
0.418223
0.42456
0.427336
0.423879
0.422492
0.42283
0.425734
0.427414
0.424537
0.414922
0.417892
0.40827
0.401919
0.408888
0.409315
0.411031
0.408246
0.410509
0.408171
0.41136
0.413603
0.421793
0.417967
