0.667804
0.667519
0.668336
0.666096
0.664957
0.666054
0.664048
0.664235
0.663994
0.664621
0.665086
0.666775
0.664538
0.666399
0.663548
0.664135
0.665699
0.668034
0.66699
0.666801
0.664912
0.662779
0.669859
0.668611
0.667688
0.669076
0.66934
0.669483
0.667654
0.668149
0.670197
0.670563
0.670946
0.669541
0.671827
0.66909
0.663779
0.667239
0.667082
0.668278
0.670001
0.668529
0.666673
0.66798
0.667264
0.667235
0.666944
0.668429
0.66664
0.666437
0.668217
0.667436
0.666741
0.664113
0.664538
0.667484
0.6691
0.664919
0.66594
0.663213
0.661748
0.66386
0.66536
0.669332
0.668105
0.667207
0.663924
0.667731
0.666307
0.663471
0.662657
0.665586
0.668145
0.66368
0.662556
0.665345
0.665317
0.664432
0.661872
0.664816
0.666262
0.66989
0.669058
0.666362
0.663606
0.666972
0.667379
0.667314
0.66925
0.671541
0.670514
0.66808
0.671025
0.669267
0.668965
0.668002
0.664467
0.670181
0.670154
0.671966
0.668785
0.666176
0.667272
0.668044
0.66954
0.669302
0.666523
0.665007
0.666633
0.668001
0.668493
0.6662
0.665721
0.664537
0.665921
0.666248
0.668636
0.666066
0.665429
0.66443
0.665756
0.667425
0.669554
0.668762
0.665904
0.667024
0.670135
0.666447
0.667571
0.668655
0.668827
0.669339
0.667038
0.665011
0.666131
0.66525
0.66907
0.66839
0.666461
0.666763
0.665848
0.66673
0.668505
0.669615
0.668991
0.667726
0.66563
0.664824
0.665086
0.66655
0.666637
0.666786
0.667037
0.665276
0.665383
0.666108
0.666599
0.666522
0.664124
0.667844
0.665813
0.667424
0.666599
0.667479
0.664254
0.665218
0.670099
0.670843
0.672031
0.668786
0.670838
0.667806
0.666201
0.669967
0.67065
0.668239
0.668142
0.671713
0.672164
0.669987
0.670941
0.670249
0.671478
0.671754
0.671033
0.668903
0.668825
0.666206
0.66643
0.667347
0.667875
0.669815
0.671121
0.669707
0.667169
0.664319
0.666822
0.666542
0.664043
0.667832
0.666088
0.665645
0.665103
0.662697
0.661643
0.662707
0.665035
0.664965
0.667414
0.666531
0.666636
0.665789
0.662642
0.665269
0.668776
0.669263
0.666801
0.663589
0.662619
0.664191
0.663895
0.668083
0.665473
0.666447
0.66815
0.664911
0.667193
0.668643
0.667334
0.66977
0.668568
0.668311
0.666217
0.667325
0.667803
0.670722
0.672047
0.669452
0.671357
0.672084
0.672148
0.672377
0.674982
0.668439
0.668108
0.66912
0.67309
0.672263
0.670347
0.669456
0.670114
0.669438
0.668052
0.665494
0.66669
0.664369
0.664366
0.664262
0.665376
0.666539
0.663199
0.661811
0.663053
0.663603
0.663366
0.662114
0.662456
0.661535
0.659478
0.661632
0.662331
0.664707
0.66153
0.664665
0.662743
0.664483
0.666405
0.667075
0.669322
0.66838
0.671312
0.671274
0.67099
0.669452
0.671276
0.671357
0.671935
0.67017
0.666581
0.668134
0.669494
0.67012
0.668774
0.667166
0.665154
0.665297
0.664368
0.668032
0.669571
0.667184
0.666931
0.66378
0.664145
0.662471
0.66482
0.666951
0.667494
0.666857
0.66566
0.664029
0.665455
0.668785
0.668039
0.666508
0.664417
0.664966
0.668429
0.668308
0.672284
0.672467
0.671205
0.666067
0.665382
0.667503
0.668873
0.669727
0.667678
0.66859
0.667285
0.66635
0.666742
0.66827
0.667614
0.66724
0.665461
0.662703
0.665533
0.664363
0.663183
0.664858
0.663891
0.664208
0.663008
0.66516
0.664203
0.664537
0.662094
0.661551
0.662178
0.662906
0.664961
0.666312
0.66391
0.665318
0.666644
0.664347
0.666769
0.667196
0.666042
0.668454
0.667853
0.667866
0.667886
0.66385
0.663712
0.67031
0.668237
0.667018
0.664579
0.664978
0.66683
0.670742
0.670802
0.667122
0.666731
0.66574
0.668385
0.668735
0.670753
0.671506
0.667992
0.665326
0.664934
0.670035
0.670177
0.671726
0.673574
0.668982
0.666711
0.667018
0.669278
0.670024
0.667516
0.666199
0.666721
0.664918
0.668919
0.666254
0.663485
0.664402
0.66337
0.662087
0.66418
0.662486
0.664257
0.663227
0.662698
0.660941
0.662692
0.663982
0.663911
0.66603
0.663106
0.664232
0.66456
0.665463
0.668411
0.664234
0.66987
0.670753
0.670398
0.671408
0.670583
0.66985
0.671506
0.670186
0.67051
0.673668
0.672276
0.669273
0.666218
0.667479
0.668959
0.670395
0.66649
0.667478
0.666097
0.663081
0.665515
0.664861
0.66534
0.664119
0.664999
0.664262
0.662709
0.662834
0.665249
0.66488
0.666587
0.66663
0.66653
0.669571
0.668732
0.67059
0.669162
0.66706
0.668871
0.667628
0.669594
0.667644
0.668552
0.669684
0.669801
0.66709
0.669363
0.670731
0.668383
0.667175
0.666638
0.666876
0.668233
0.664659
0.666727
0.667833
0.667365
0.662438
0.664696
0.664616
0.665514
0.665787
0.665362
0.663711
0.664313
0.666146
0.664735
0.661341
0.664254
0.668398
0.667636
0.671125
0.672607
0.670926
0.668597
0.670671
0.670347
0.670712
0.67292
0.673376
0.669725
0.667784
0.667517
