67988.1
68017.1
67934
68162.4
68279.1
68166.7
68372.6
68353.4
68378.1
68313.7
68265.9
68093
68322.2
68131.4
68424.1
68363.7
68203.1
67964.7
68071.1
68090.4
68283.8
68503.6
67779.5
67906
67999.9
67858.8
67832
67817.5
68003.4
67953
67745.4
67708.3
67669.6
67811.7
67581
67857.4
68400.3
68045.6
68061.7
67939.8
67765.2
67914.3
68103.4
67970.1
68043.1
68046
68075.7
67924.5
68106.8
68127.5
67946.1
68025.6
68096.5
68366
68322.2
68020.7
67856.4
68283.1
68178.4
68458.7
68610.3
68392
68237.8
67832.9
67957.5
68048.9
68385.4
67995.5
68140.8
68432.1
68516.2
68214.6
67953.3
68410.6
68526.6
68239.3
68242.2
68333.1
68597.4
68293.6
68145.4
67776.4
67860.7
68135.2
68418.1
68072.9
68031.4
68037.9
67841.2
67609.7
67713.3
67960
67661.7
67839.5
67870.1
67967.9
68329.5
67747
67749.7
67566.9
67888.4
68154.2
68042.3
67963.7
67811.8
67835.9
68118.7
68274.1
68107.5
67968
67918
68151.7
68200.8
68322.3
68180.3
68146.9
67903.5
68165.5
68230.7
68333.3
68197.2
68026.7
67810.4
67890.7
68182
68067.6
67751.6
68126.5
68011.8
67901.5
67884.1
67832.1
68066.1
68273.6
68158.9
68249.1
67859.4
67928.5
68125.1
68094.2
68187.8
68097.6
67916.8
67804.2
67867.4
67996
68210.2
68292.8
68265.9
68116
68107.1
68091.8
68066.3
68246.4
68235.5
68161.2
68111
68118.8
68364.8
67984
68191.4
68026.8
68111
68021.2
68351.5
68252.4
67755.2
67680.1
67560.5
67888.2
67680.6
67987.9
68151.6
67768.6
67699.6
67943.8
67953.7
67592.4
67547.1
67766.5
67670.2
67740.1
67616.1
67588.3
67660.9
67876.3
67884.3
68151.1
68128.2
68034.7
67980.8
67784
67652
67794.8
68052.8
68344.7
68088.2
68116.8
68373.1
67985.2
68163.3
68208.6
68264.2
68512.1
68621.2
68511
68271.1
68278.3
68027.8
68117.9
68107.2
68193.9
68517.7
68247.2
67889.2
67839.9
68090.3
68419.9
68520.1
68357.9
68388.4
67959.7
68226.3
68126.5
67952.8
68283.9
68050.3
67902.8
68036
67788.5
67910.4
67936.5
68150
68036.8
67988.2
67692.3
67558.8
67820.7
67628.2
67555.1
67548.7
67525.6
67265.1
67923.5
67957.1
67854.4
67454.2
67537.1
67730.2
67820.3
67753.7
67822.1
67962.8
68224.1
68101.7
68339.6
68339.9
68350.6
68236.2
68117.1
68460.2
68603.7
68475.2
68418.5
68443
68572.3
68537
68632.4
68846.5
68622.3
68549.9
68304.8
68632.9
68309.2
68507.3
68327.9
68130.8
68062.4
67833.9
67929.5
67632.8
67636.6
67665.3
67820.7
67636.4
67628.3
67570.1
67748.1
68112.8
67954.5
67816.4
67753.1
67889.4
68053
68259
68244.3
68339.7
67964.8
67808.7
68051.3
68077.1
68400.3
68362.7
68535.3
68293.2
68075
68019.7
68084.6
68207.1
68374.5
68228
67888.3
67964.2
68120.3
68334.6
68278.2
67924.6
67936.8
67535
67516.6
67643.6
68165.4
68235.6
68018.7
67879.4
67792.8
68000.9
67908.2
68040.9
68136.4
68096.3
67940.6
68007.4
68045.5
68227.5
68511.4
68220.1
68340.2
68461.8
68289.3
68388.8
68356.1
68479.9
68258.3
68356.6
68322.3
68574.4
68630.7
68565.8
68490.4
68278.7
68140.3
68386.8
68242.1
68106.4
68341.8
68093.6
68050.1
68167.9
67921.9
67983.1
67981.7
67979.7
68393
68407.3
67733.9
67944
68068.2
68318
68277
68087.4
67690.2
67684.2
68057.6
68097.5
68198.9
67929
67893.4
67689.1
67613.3
67968.9
68241.3
68281.5
67761.7
67747.3
67591.1
67405.7
67868.4
68099.5
68068.2
67838.3
67762.8
68017.4
68151.9
68098.5
68283.2
67874.7
68146.2
68430.7
68336.2
68442.5
68575.1
68359
68533.9
68351.1
68457.3
68511.9
68694.1
68512.5
68379.4
68386.8
68169.2
68469.8
68353.7
68319.9
68227.2
67926.3
68353.5
67778.4
67689.2
67725
67623.2
67706.3
67780.4
67613.3
67746.4
67713.6
67396.3
67535.9
67838.9
68150
68021.2
67870.7
67725.3
68122.1
68021.3
68162.3
68472.4
68221.9
68289
68239.9
68365.3
68274.9
68350.6
68510.8
68497.8
68249.2
68287
68112.2
68107.8
68118
67808.6
67893.8
67705.7
67850.1
68064
67879.6
68005.9
67806.3
68004.4
67912
67797.2
67785.4
68060.9
67829.7
67691.4
67929.2
68052.2
68107
68082.7
67944.5
68309.8
68097.9
67985.1
68032.8
68538.8
68306
68314.2
68222
68194
68237.6
68407.3
68345.4
68157.2
68302
68652.5
68351.5
67927.6
68005.2
67651.6
67502.6
67671.7
67907.4
67697.5
67730.2
67693.3
67471.1
67425.5
67793.1
67990.2
68017.3
