1719.63
1718.65
1721.84
1725.57
1719.11
1715.47
1716.14
1721.94
1718.89
1720.93
1724.71
1721.72
1720.89
1720.39
1726.57
1723.54
1723.82
1723.2
1719.21
1713.96
1717.76
1721.37
1716.13
1716.22
1715.1
1715.08
1727.06
1726.04
1723.52
1721.29
1717.94
1721.27
1720.91
1724.22
1725.11
1718.39
1722.71
1725.16
1724.82
1721.33
1721.75
1719.98
1717.53
1728.5
1726.44
1722.27
1719.89
1721.09
1726.08
1728.77
1723.04
1720.49
1716.93
1711.4
1718.36
1733.37
1732.85
1724.09
1717.94
1720.23
1727.29
1727.71
1723.16
1714.8
1712.72
1720.39
1728.47
1725.77
1728.87
1724.65
1718.66
1715.67
1725.43
1726.23
1721.58
1720.77
1718.69
1716.57
1721.44
1720.24
1718.11
1713.84
1719.68
1716.96
1722.68
1723.54
1724.37
1714.73
1715.17
1717.6
1719
1725.69
1724.18
1719.89
1716.67
1727.43
1726.35
1719.26
1717.68
1714.32
1713.96
1722.87
1727.73
1722.63
1713.61
1714.84
1719.71
1726.09
1725.04
1719.85
1710.71
1709.69
1713.55
1720.64
1721.47
1717.41
1715.09
1717.28
1718.01
1721.57
1722.22
1720.47
1716.84
1719.8
1724.21
1728.81
1729.44
1721.22
1718.31
1713.52
1721.88
1734.03
1726.47
1718.89
1716.87
1719.79
1724.97
1730.39
1725.28
1711.85
1709.44
1718.23
1726.99
1724.6
1724.95
1719.38
1718.77
1723.09
1726.5
1723.75
1721.06
1723.17
1716.12
1721.6
1728.1
1727.58
1723.72
1721.3
1718.51
1718.01
1722.53
1729.92
1723.16
1715.72
1715.6
1719.18
1721.98
1730.38
1725.42
1718.58
1720.82
1722.69
1723.14
1725.17
1722.6
1724.92
1718.77
1718.67
1718.79
1719.98
1715.29
1713.44
1716.16
1721.12
1729.43
1729.48
1725.02
1725.37
1722.01
1723.73
1723.64
1727.21
1720.1
1718.52
1715.57
1721.45
1725.75
1720.11
1719.22
1722.62
1725.56
1727.6
1729.19
1727.67
1722.02
1719.54
1723.26
1722.59
1722.97
1723.33
1723.25
1722.61
1716.85
1720.22
1721.99
1721.01
1722.67
1719.07
1720.41
1723.69
1726.68
1723.37
1723.27
1722.79
1724.81
1722.39
1722.25
1722.66
1716.05
1719.6
1726.04
1722.45
1719.27
1719.6
1724.44
1728.42
1727.33
1722.08
1719.47
1713.21
1719.19
1717.72
1718.97
1718.69
1721.41
1717.41
1720.39
1722.75
1723.32
1720.46
1722.41
1720.55
1720.76
1716.95
1716.86
1715.4
1715.01
1713.52
1721.52
1723.3
1725.41
1730.52
1725.02
1720.38
1727.44
1728.22
1720.56
1723.09
1728.07
1727.52
1722.67
1726.84
1723.75
1723.59
1720.68
1725.06
1720.25
1720.54
1724.93
1733.33
1723.92
1729.73
1725.5
1721.25
1716.17
1718.95
1717.34
1716.98
1724.12
1727.81
1723.38
1725.14
1729.22
1728.69
1723.21
1715.68
1717.32
1722.36
1723.72
1721.98
1720.66
1716.54
1718.15
1722.83
1727.49
1728.22
1722.98
1718.76
1719.11
1727.91
1725.84
1721
1716.21
1724.54
1724.96
1725.95
1721.98
1724.23
1718.41
1721.22
1719.86
1722.68
1719.81
1723.33
1726.33
1727.85
1724.22
1722.67
1722.8
1720.51
1721.17
1716.51
1720.68
1720.14
1714.46
1714.62
1721.29
1725.06
1723.57
1719.91
1722.42
1720.31
1717.87
1717.58
1721.43
1720.1
1719.42
1717.14
1716.61
1711.47
1720.37
1725.7
1717.86
1719.15
1727.81
1724.6
1722.98
1717.7
1721.92
1722.73
1727.73
1722.77
1722.52
1722.95
1726.25
1727.83
1724.3
1715.6
1712.07
1716.09
1725.45
1725.5
1723.02
1720.66
1722.47
1725.02
1733.12
1727.84
1716.08
1720.88
1727.56
1716.71
1716.52
1721.45
1723.63
1719.35
1718.28
1717.61
1719.49
1716.66
1721.4
1718.07
1716.19
1724.58
1732.19
1727.15
1722.25
1718.58
1714.56
1712.68
1716.31
1719.85
1718.67
1718.27
1717.58
1717.87
1725.59
1730.93
1721.88
1715.43
1719.78
1724.87
1722.53
1719.92
1718.32
1711.75
1713.06
1710.43
1718.41
1722.85
1718.71
1722.27
1723.52
1725.06
1728.15
1726.5
1720.36
1716.66
1718.35
1716.74
1716.34
1715.87
1718.91
1721.72
1726.6
1723.68
1724.23
1722.4
1729.97
1730.18
1721.55
1717.71
1719.34
1722.54
1720.52
1714.26
1709.88
1719.42
1725.71
1729.46
1727.64
1720.17
1723.5
1722.05
1725.56
1721.64
1716.13
1712.63
1717.96
1719.57
1718.91
1715.69
1716.62
1718.14
1723.93
1723.02
1718.48
1712.84
1717.92
1717.32
1719.95
1716.32
1721.59
1721.85
1716.16
1714.1
1718.96
1720.24
1720.72
1724.93
1725.65
1724.44
1727.14
1721.37
1724.53
1721.19
1723.27
1731.7
1727.06
1717.68
1714.01
1721.27
1725.21
1730.6
1728.61
1725.66
1723.77
1732.61
1736.29
1728.57
1721.94
