0.397349
0.397983
0.402642
0.403584
0.398558
0.397219
0.400048
0.401723
0.399801
0.406384
0.405472
0.404036
0.411295
0.40611
0.4111
0.403773
0.40207
0.404973
0.399669
0.396639
0.397622
0.401555
0.397376
0.395408
0.394992
0.393666
0.393547
0.40139
0.396726
0.389784
0.399388
0.398381
0.399462
0.396102
0.398574
0.4013
0.403019
0.403913
0.406763
0.404737
0.40245
0.401473
0.400043
0.40219
0.404432
0.406463
0.400425
0.400177
0.399786
0.402577
0.402074
0.397708
0.391505
0.391999
0.397301
0.399925
0.400528
0.396171
0.395835
0.403549
0.400332
0.404417
0.405417
0.397181
0.400052
0.407053
0.406517
0.406774
0.407488
0.405949
0.401622
0.401584
0.405347
0.408663
0.39996
0.39804
0.3967
0.395426
0.400486
0.399058
0.390497
0.393063
0.397483
0.396852
0.396842
0.396947
0.397321
0.396598
0.396317
0.397632
0.40194
0.404048
0.404383
0.405439
0.402868
0.401824
0.403115
0.406112
0.400214
0.401706
0.402705
0.404527
0.403688
0.397163
0.397931
0.391235
0.393178
0.399203
0.400669
0.394854
0.388862
0.386748
0.394292
0.398957
0.398525
0.401421
0.400312
0.396905
0.398298
0.405104
0.405521
0.40162
0.403407
0.402366
0.405058
0.40572
0.403491
0.403998
0.399307
0.393803
0.396633
0.400885
0.3979
0.390451
0.390459
0.398007
0.401084
0.401792
0.400027
0.399366
0.397191
0.399116
0.398301
0.403743
0.404881
0.402686
0.404443
0.399858
0.408518
0.407776
0.407308
0.402468
0.401978
0.39683
0.403237
0.405488
0.403322
0.396922
0.396235
0.396109
0.399193
0.402138
0.398357
0.395501
0.394985
0.395347
0.400374
0.401815
0.399746
0.400338
0.396775
0.399207
0.4045
0.404633
0.401421
0.399693
0.399866
0.402988
0.402593
0.402832
0.400667
0.402644
0.399926
0.392344
0.397204
0.399902
0.398672
0.394168
0.394452
0.396736
0.400951
0.399108
0.395787
0.395055
0.40189
0.405199
0.407075
0.401338
0.400233
0.404486
0.404957
0.40606
0.400413
0.404551
0.402729
0.402861
0.405704
0.403789
0.407896
0.404998
0.399431
0.403193
0.401572
0.402489
0.400549
0.40091
0.400228
0.399189
0.404208
0.408434
0.403363
0.405943
0.404213
0.401806
0.403247
0.407329
0.400162
0.401478
0.396497
0.400457
0.397456
0.396059
0.396822
0.39618
0.399713
0.40385
0.402013
0.397735
0.396231
0.400572
0.398413
0.401008
0.405778
0.399051
0.394865
0.398916
0.402586
0.403161
0.406141
0.400072
0.396317
0.398103
0.404623
0.405829
0.402355
0.398749
0.396316
0.395224
0.394686
0.40279
0.400822
0.401196
0.399917
0.399184
0.408912
0.408063
0.40092
0.402051
0.405037
0.400909
0.400031
0.404897
0.401443
0.406058
0.402895
0.406242
0.404297
0.404308
0.409113
0.408348
0.404213
0.403397
0.405311
0.400184
0.400231
0.39703
0.39564
0.390699
0.396498
0.393613
0.394773
0.39919
0.398458
0.398246
0.402108
0.399346
0.396331
0.399147
0.403303
0.403325
0.403956
0.401533
0.404024
0.409211
0.407816
0.401986
0.400742
0.398847
0.399751
0.397688
0.398299
0.394197
0.396792
0.399011
0.3976
0.398815
0.400295
0.398105
0.395928
0.395753
0.404552
0.404242
0.404483
0.403987
0.405611
0.413945
0.409202
0.402489
0.404037
0.401801
0.399955
0.401998
0.402334
0.404141
0.40313
0.400561
0.402601
0.402611
0.405495
0.404379
0.400334
0.400912
0.401998
0.400006
0.401951
0.398984
0.397004
0.399423
0.394412
0.396089
0.396769
0.395644
0.400521
0.403042
0.399278
0.400843
0.400812
0.401727
0.400004
0.403478
0.403825
0.407946
0.406844
0.40217
0.405024
0.407308
0.403927
0.397702
0.393266
0.397413
0.398559
0.3958
0.395285
0.391029
0.400656
0.403006
0.404063
0.401813
0.400511
0.399604
0.400361
0.399802
0.400347
0.401327
0.406952
0.409457
0.407291
0.404573
0.410365
0.409655
0.404093
0.405749
0.397093
0.397761
0.402268
0.398993
0.398092
0.402242
0.393465
0.393346
0.399138
0.398807
0.398622
0.397849
0.395967
0.397175
0.400285
0.401548
0.406043
0.400517
0.398221
0.406597
0.408032
0.405096
0.406502
0.404036
0.402137
0.399599
0.405207
0.403096
0.395447
0.398768
0.402443
0.396884
0.401206
0.40098
0.396037
0.394132
0.393013
0.393718
0.39861
0.397885
0.398048
0.400767
0.403144
0.403
0.405596
0.40673
0.410528
0.410044
0.406556
0.408769
0.407553
0.404848
0.398193
0.398617
0.395781
0.39757
0.400617
0.405136
0.399759
0.402273
0.399896
0.402285
0.403564
0.397216
0.395137
0.404266
0.400474
0.40005
0.403531
0.405076
0.400891
0.400407
0.399094
0.403746
0.402055
0.400316
0.400717
0.400873
0.39926
0.397529
0.396724
0.397212
0.394156
0.39559
0.399508
0.398106
0.395636
0.401752
0.397263
0.401115
0.397193
0.399885
0.402359
0.397366
0.403899
0.410472
0.407566
0.405641
0.40136
0.406885
0.405896
0.404979
0.405469
0.399539
0.396836
0.401559
0.402533
0.399328
0.396823
