0.731514
0.732025
0.72935
0.728472
0.730969
0.731755
0.731578
0.728529
0.728695
0.727556
0.726724
0.727657
0.726162
0.727225
0.725696
0.725656
0.72707
0.72762
0.728936
0.730302
0.730174
0.729664
0.731465
0.731733
0.732504
0.731585
0.729265
0.729132
0.729303
0.731174
0.731119
0.72962
0.728479
0.728769
0.728431
0.729297
0.72784
0.727053
0.726057
0.727222
0.727213
0.727322
0.728254
0.726025
0.725297
0.726594
0.728394
0.728844
0.727055
0.726983
0.727893
0.730015
0.732217
0.732996
0.730764
0.727637
0.726541
0.728642
0.730944
0.730189
0.727729
0.726972
0.727646
0.730985
0.731571
0.728816
0.725676
0.725218
0.725584
0.727514
0.728712
0.72878
0.726127
0.726761
0.728406
0.730244
0.731031
0.730858
0.729947
0.730052
0.731546
0.732707
0.731269
0.73075
0.729089
0.728896
0.729049
0.731219
0.731738
0.730155
0.729793
0.72681
0.727033
0.728428
0.72894
0.725856
0.726012
0.727221
0.72961
0.731049
0.730891
0.728422
0.727459
0.72934
0.732121
0.732722
0.730798
0.728952
0.728781
0.731072
0.732908
0.734329
0.73296
0.729402
0.728519
0.729907
0.731097
0.729813
0.728935
0.727384
0.727459
0.728716
0.72962
0.729022
0.727468
0.72628
0.726163
0.728552
0.731267
0.733023
0.729474
0.725895
0.727988
0.729926
0.731618
0.730305
0.728859
0.726744
0.72745
0.73116
0.732645
0.729947
0.727255
0.725709
0.726139
0.729269
0.728575
0.727758
0.725386
0.725889
0.728359
0.728008
0.729724
0.729112
0.727446
0.727519
0.72812
0.730622
0.731889
0.73128
0.729806
0.727777
0.729663
0.732405
0.732517
0.731004
0.728486
0.725043
0.726295
0.727719
0.727532
0.72644
0.726
0.72576
0.727416
0.728058
0.729412
0.728723
0.72861
0.729005
0.731281
0.732658
0.730969
0.729801
0.728426
0.727678
0.728251
0.729806
0.730126
0.729284
0.728269
0.72662
0.729348
0.729856
0.729885
0.727214
0.726319
0.728397
0.728742
0.727673
0.726004
0.724852
0.725916
0.726731
0.728364
0.728954
0.727952
0.728103
0.729762
0.729222
0.72937
0.72918
0.730464
0.729627
0.729832
0.729174
0.728751
0.728977
0.728173
0.726351
0.726394
0.726703
0.727339
0.727549
0.726602
0.726686
0.728038
0.728974
0.730565
0.728334
0.727124
0.729689
0.729966
0.731148
0.728855
0.727994
0.728002
0.729968
0.731056
0.732286
0.731235
0.730658
0.730284
0.730065
0.729362
0.728642
0.727794
0.726757
0.727169
0.728202
0.727531
0.727617
0.727426
0.72855
0.729041
0.730618
0.731739
0.732074
0.729694
0.728253
0.727671
0.727824
0.729318
0.730656
0.728763
0.728645
0.729987
0.728763
0.726683
0.727514
0.72661
0.726111
0.727377
0.726498
0.728064
0.726989
0.727189
0.727168
0.72596
0.724872
0.726514
0.726332
0.727013
0.727998
0.731244
0.731263
0.732147
0.732021
0.728881
0.729142
0.729533
0.728976
0.727806
0.728193
0.72866
0.731196
0.73087
0.729054
0.727327
0.727288
0.728627
0.729703
0.72768
0.726601
0.725818
0.725565
0.727816
0.728767
0.728787
0.727538
0.727259
0.729754
0.730862
0.729303
0.729377
0.727989
0.729463
0.730126
0.729931
0.730254
0.729202
0.728936
0.729327
0.727747
0.727298
0.725539
0.725803
0.726314
0.726831
0.728387
0.728415
0.729688
0.729079
0.728293
0.729293
0.729809
0.727767
0.726922
0.726684
0.727865
0.727725
0.729171
0.730518
0.72999
0.728945
0.730188
0.730471
0.731055
0.731891
0.732158
0.730904
0.728769
0.729883
0.727798
0.72631
0.727633
0.728521
0.729352
0.728326
0.727838
0.727213
0.728038
0.727552
0.728547
0.726707
0.725904
0.727855
0.730866
0.732329
0.731397
0.729293
0.729324
0.729432
0.73055
0.729637
0.727863
0.726784
0.728365
0.7299
0.72989
0.727677
0.729527
0.728535
0.726756
0.72654
0.72698
0.727572
0.727516
0.726996
0.727442
0.72838
0.728694
0.729469
0.728243
0.725885
0.727666
0.729312
0.731731
0.733652
0.733875
0.732411
0.731348
0.731688
0.731433
0.7307
0.729317
0.726982
0.725525
0.726524
0.727393
0.727401
0.727173
0.725433
0.726577
0.728163
0.730958
0.731922
0.730733
0.728846
0.727701
0.729976
0.729748
0.728882
0.729012
0.728637
0.729048
0.731413
0.731565
0.731952
0.732335
0.731709
0.731366
0.729393
0.728603
0.726787
0.727046
0.727324
0.726937
0.725083
0.724313
0.726427
0.728203
0.728739
0.727846
0.72829
0.73086
0.732728
0.731109
0.728043
0.727327
0.728772
0.730018
0.729356
0.729167
0.728509
0.729242
0.731392
0.731367
0.729968
0.729076
0.729394
0.729905
0.730041
0.728425
0.726645
0.726529
0.727927
0.730257
0.729526
0.729241
0.729682
0.730346
0.730147
0.730929
0.731521
0.733082
0.731733
0.730961
0.730469
0.729305
0.728317
0.72797
0.727607
0.728542
0.728205
0.728128
0.72708
0.72437
0.726263
0.728066
0.730019
0.727478
0.725145
0.724317
0.725087
0.727505
0.72826
0.725505
0.724579
0.727054
0.729124
