69366.6
69318.2
69572.5
69656.3
69418.4
69343.8
69360.6
69650.9
69635
69744
69823.8
69734.3
69877.9
69775.8
69922.8
69926.6
69790.6
69737.8
69612
69481.7
69493.9
69542.6
69371.3
69345.9
69272.9
69359.9
69580.6
69593.2
69576.9
69398.9
69404.1
69546.7
69655.6
69627.9
69660.3
69577.5
69716.8
69792.2
69888
69776
69776.9
69766.5
69677.1
69891
69961.2
69836.3
69663.8
69620.7
69792
69799
69711.7
69509
69300
69226.4
69437.9
69736.3
69841.4
69640
69420.7
69492.5
69727.4
69800.1
69735.3
69416.9
69361.2
69623.4
69924.7
69968.8
69933.6
69748.1
69633.3
69626.8
69881.3
69820.3
69662.6
69487.2
69412.5
69428.9
69515.6
69505.5
69363.6
69253.7
69389.9
69439.2
69597.4
69615.8
69601.2
69394.6
69345.4
69495.7
69530.2
69815.5
69794.1
69660.5
69611.5
69907.3
69892.3
69776.1
69547.7
69410.8
69425.8
69661.1
69753.3
69573.4
69309.1
69252.2
69434.6
69610.4
69626.8
69408.6
69234.7
69100.7
69229.8
69567.5
69651.8
69519.3
69406.2
69528.3
69612.1
69760.5
69753.3
69633
69546.7
69603.8
69752.5
69866.5
69877.8
69648.7
69390
69223.9
69560.6
69903.6
69702.6
69517.6
69356.8
69481.5
69619.3
69821.9
69754.1
69400.3
69259.5
69515.5
69772.9
69921.5
69880.1
69580.2
69646.5
69724.6
69952.7
69904.2
69667.1
69700.7
69536.8
69595.2
69754.5
69747.6
69690
69451.3
69331.1
69388.9
69529
69722.8
69542.6
69282.3
69271.6
69415.1
69654.9
69985.8
69865
69728.4
69746.3
69851.1
69893.5
69916.6
69757.4
69695.9
69566.6
69632.3
69643.1
69605.4
69388.7
69258.3
69418.3
69529.5
69660.7
69732.3
69677.4
69528.9
69498.5
69578.7
69675.7
69833.8
69572.7
69524.2
69521.4
69776.8
69862.8
69663.4
69630.5
69732.8
69893.1
70004.2
69901.5
69823.2
69666.6
69610.3
69706
69691.6
69533.2
69584.7
69570.5
69588.7
69466.4
69546
69526.5
69589.3
69629.6
69608
69684.9
69859.7
69855.6
69825.9
69764.8
69744.7
69835.6
69827.5
69697.8
69608.3
69456.8
69669.5
69785.4
69540.1
69513.8
69401.3
69619.7
69702.1
69701.2
69513.6
69410.1
69293.5
69393.1
69447.9
69483.4
69504.3
69571.3
69640.1
69721.2
69820.7
69781.1
69682.2
69746.4
69738.2
69756.5
69648.8
69601.9
69451.7
69345.3
69313.6
69539.6
69677.2
69733
69718.3
69575.5
69448
69628.5
69639.7
69511.7
69628.5
69827.8
69748.1
69834.8
69882.8
69761.2
69845.6
69695.4
69798.3
69779.2
69781.2
69897.3
70002.3
69844
69861.5
69796.1
69701.7
69392.2
69390.4
69306.6
69318.6
69617.2
69592.3
69555
69608.1
69720
69683
69638.3
69396.8
69427.7
69600.7
69766
69769.7
69641.5
69538.8
69732.1
69835.7
69911
69935.4
69719.1
69628.1
69626.2
69745.7
69772.5
69534
69428.6
69576.9
69569.9
69702.5
69561.7
69498.5
69517.1
69486.3
69586.5
69611.9
69574.7
69725.7
69768.7
69937.9
69912.4
69863.3
69813.6
69664.4
69661.8
69540.2
69598.3
69673.4
69577.9
69528.7
69723.7
69804.8
69827.7
69714.4
69727.8
69589.5
69461.2
69511.5
69611.1
69492.6
69465.7
69410.2
69330.9
69305.6
69424.5
69627.9
69521.7
69720.8
69863.6
69736.6
69651.6
69572.3
69670.3
69717
69776.9
69697.8
69744.4
69649.1
69825.5
69902.7
69715.4
69428.1
69289.4
69377.7
69577.9
69574.9
69564.6
69458.1
69545.1
69714.6
69818.1
69666.5
69520
69521
69732.4
69555.5
69650.3
69820.8
69841.5
69799.3
69742.5
69747.9
69797.7
69754.9
69665.1
69635.1
69561.1
69678.2
69904.5
69733.5
69576.1
69346.1
69164.5
69143.5
69281.7
69382.4
69350.2
69374.3
69443.9
69575.6
69799.1
69939.2
69843.1
69759.7
69758.8
69780.7
69948.1
69838
69685.8
69419.4
69327.9
69440.8
69620.6
69730.1
69512.8
69534.5
69617.1
69604.7
69640.6
69601.3
69376.2
69361.8
69325.1
69288.9
69348.2
69380.6
69568.3
69643.7
69817.8
69792.9
69766.2
69803.4
69981.9
70056.3
69852.4
69682.1
69630.8
69716.2
69673.7
69428.7
69251.7
69405.1
69697.3
69766
69627.6
69508.8
69571.9
69589.9
69652.8
69582.7
69378.2
69380.6
69513.5
69598.6
69568.2
69519.6
69506.6
69660.8
69831.4
69842.6
69708.5
69486.1
69555.7
69582.9
69540.8
69477.6
69496.5
69422.2
69366
69218.3
69345.9
69419.1
69465.9
69576.7
69671.1
69704.3
69739.2
69649.6
69681.8
69689.2
69789.6
70050.8
69868.1
69695.1
69508.7
69751.5
69975.9
70055.9
69981.5
69748.9
69676.6
69941.2
70030.6
69792.2
69594
