1773
1800.98
1800.03
1784.24
1799.63
1803.09
1768.55
1779.01
1783.26
1767.21
1783.91
1806.53
1802.63
1799.3
1796.89
1795.28
1790.55
1795.15
1790.77
1786.8
1793.38
1766.94
1783.65
1824.12
1798.48
1775.77
1799.27
1789.21
1789.38
1802.2
1804.96
1779.9
1801.06
1813.09
1783.23
1776.83
1792.71
1771.26
1782.57
1781.83
1785.11
1786.5
1793.07
1775.44
1766.66
1779.06
1787.04
1752.41
1792.38
1766.65
1747.28
1789.24
1779.94
1751.12
1785.19
1779.79
1778.79
1776.65
1784.3
1768.87
1776.78
1785.55
1784.54
1789.66
1778.6
1775.33
1784.34
1772.31
1759.21
1780.49
1793.34
1785.91
1760.61
1773.15
1796.09
1765.52
1773.72
1790.77
1777.13
1769.17
1815.5
1805.82
1770.73
1785.28
1795.76
1775.43
1754.8
1760.35
1774.86
1783.5
1791.16
1785.81
1788.28
1806.54
1790.36
1782.3
1787.95
1763.68
1764.36
1794.78
1785.89
1778.88
1792.54
1779.96
1772.41
1781.84
1783.26
1807.71
1803.03
1763.6
1776.82
1816.41
1780.23
1773.05
1780.86
1773.53
1768.22
1789.79
1794.48
1785.07
1793.9
1789.82
1786.75
1770.58
1783.43
1792.35
1788.84
1786.07
1783.27
1772.36
1772.68
1761.84
1770.41
1774.56
1770.84
1781.2
1777.01
1768.15
1790.08
1804.11
1792.51
1791.14
1787.43
1769.08
1771.34
1795.78
1786.13
1771.91
1761.43
1773.76
1771.19
1788.71
1810.13
1803.35
1776.15
1783.11
1794.57
1804.91
1801.83
1784.89
1775.58
1757.18
1761.19
1774.28
1750.08
1768.97
1790.33
1800.87
1805.75
1809.68
1797
1790.45
1766.61
1772.51
1761.08
1760.7
1798.69
1805.73
1787.16
1800.47
1801.29
1804.92
1786.03
1771.71
1764.13
1766.71
1784.7
1767.88
1780.28
1798.2
1786.57
1794.29
1807.51
1798.57
1769.01
1798.39
1803.22
1789.16
1785.57
1772.27
1767.96
1768.97
1786.19
1775.48
1748.27
1775.53
1798.66
1784.86
1791.47
1801.42
1786.72
1794.06
1804.27
1773.5
1776.18
1778.86
1786.15
1793.28
1818.31
1805.22
1780.61
1807.38
1805.4
1779.13
1800.2
1794.65
1765.16
1772.9
1793.61
1768.27
1766.22
1775.88
1763.17
1790.92
1811.38
1814.73
1798.77
1802.42
1790.61
1782.68
1766.28
1771.06
1776.44
1769.82
1794.71
1805.13
1812.36
1804.49
1805.31
1807.03
1795.72
1782.79
1770.64
1788.33
1766.22
1765.64
1752.36
1782.35
1823.7
1831.43
1819.02
1808.48
1806.88
1810.33
1804.2
1801.3
1779.65
1777.56
1788.79
1782.54
1780.34
1797.51
1798.61
1800.78
1795.7
1808.57
1818.7
1824.43
1810.14
1785.67
1764.74
1771.91
1760.28
1767.93
1773.81
1772.62
1808.32
1833.06
1816.82
1803.28
1791.9
1778.64
1777.16
1769.86
1786.49
1794.24
1784.96
1802.64
1815.05
1795.68
1804.28
1807.29
1768.89
1779.9
1805.23
1792.93
1785.59
1789.73
1783.45
1783.74
1786.14
1774.99
1774.75
1776.09
1795.26
1804.18
1795.69
1792
1781.25
1771.05
1768.69
1762.17
1768.43
1768.34
1765.28
1790.45
1801.37
1785.87
1809.9
1802.07
1755.97
1786.21
1777.57
1733.65
1807.53
1822.67
1807.03
1754.63
1778.53
1807.57
1777.84
1789.27
1776.41
1777.31
1804.19
1803.03
1791.51
1762.36
1759.23
1762.4
1793.77
1811.64
1795.01
1797.52
1790.03
1800.18
1792.04
1786.87
1770.62
1759.84
1780.24
1780.18
1784.19
1786.65
1797.29
1796.03
1785.23
1795.44
1792.38
1785.07
1777.88
1796.98
1808.13
1816
1806.75
1803.49
1781.14
1787.79
1782.62
1783.84
1785.54
1774.54
1783.57
1799.4
1800.26
1805.81
1787.99
1773.67
1781.25
1793.11
1771.28
1781.13
1789.78
1776.9
1813.65
1828.44
1795.97
1802.56
1787.1
1790.76
1816.18
1810.44
1791.97
1781.24
1768.96
1779.83
1778.49
1777.64
1784.23
1790.15
1779.01
1783.12
1812.02
1797.97
1791.43
1781.59
1756.45
1770.13
1770.56
1787.14
1783.65
1774.49
1780.59
1809.5
1807.21
1795.32
1773.13
1799.6
1796.98
1759.71
1763.61
1805.92
1795.06
1786.98
1818.99
1794.17
1817.27
1855.26
1823.08
1791.02
1811.29
1800.32
1795.69
1796.93
1785.91
1786.68
1777.82
1799.38
1785.69
1783.03
1790.23
1794.64
1767.22
1793.91
1798.16
1774.61
1766.4
1798.45
1806.63
1773.61
1783.53
1815.62
1781.82
1782.94
1801.67
1764.22
1784.3
1797.77
1772.89
1785.59
1787.62
1782.6
1795.48
1796.12
1808.19
1772.17
1793.35
1789.81
1771.1
1801.68
1761.9
1762.43
1793.17
1761.18
1779.58
1796.36
1779.5
1796.26
1796.62
1764.6
1789.2
1809.28
1783.19
1809.1
1793.95
1760.55
1769.55
1772.72
1768.38
1768.98
1791.34
