0.417676
0.423655
0.427089
0.418088
0.421658
0.417966
0.407703
0.411738
0.411275
0.412162
0.418896
0.428939
0.429602
0.429487
0.431879
0.422043
0.424115
0.426681
0.419897
0.412391
0.407995
0.405208
0.408883
0.424024
0.420736
0.412442
0.418069
0.422654
0.424405
0.420161
0.428573
0.418501
0.420256
0.423469
0.411392
0.412272
0.423814
0.420886
0.420128
0.418034
0.412806
0.419648
0.420807
0.408748
0.398672
0.406144
0.40621
0.404274
0.405126
0.396528
0.399511
0.414618
0.414578
0.414159
0.417346
0.41928
0.417502
0.416399
0.416657
0.409377
0.407808
0.411517
0.413317
0.418962
0.424106
0.424633
0.433641
0.427193
0.420938
0.413058
0.416025
0.405437
0.405784
0.413916
0.421851
0.420279
0.413014
0.429318
0.427804
0.420435
0.428381
0.425243
0.408704
0.419893
0.41925
0.422028
0.417665
0.41867
0.432079
0.427264
0.426729
0.419788
0.420215
0.426366
0.429084
0.420538
0.425146
0.412515
0.412406
0.422816
0.41402
0.422526
0.425029
0.421862
0.422649
0.425553
0.415981
0.419579
0.417891
0.395841
0.4028
0.418011
0.405773
0.4122
0.414946
0.420123
0.40868
0.425601
0.430114
0.424595
0.424573
0.423378
0.412431
0.414702
0.416332
0.412493
0.412011
0.412272
0.419404
0.415337
0.419401
0.413124
0.4252
0.42197
0.414014
0.416826
0.417501
0.404392
0.41921
0.42611
0.43178
0.426521
0.421138
0.416055
0.419564
0.40934
0.409491
0.403065
0.403691
0.405724
0.404552
0.412735
0.441376
0.430918
0.423807
0.427434
0.423393
0.422542
0.419882
0.413082
0.40673
0.401593
0.404165
0.410027
0.410818
0.416184
0.415705
0.431732
0.427865
0.427038
0.421968
0.417147
0.417753
0.406537
0.401578
0.402884
0.404146
0.404765
0.411306
0.420808
0.427704
0.444519
0.442632
0.435373
0.429048
0.413745
0.414035
0.405667
0.403789
0.405471
0.410161
0.415814
0.417897
0.42399
0.427137
0.435606
0.439963
0.432198
0.419082
0.415815
0.406211
0.410175
0.418507
0.402051
0.396748
0.408752
0.421675
0.413318
0.419585
0.421181
0.419036
0.427138
0.422586
0.419189
0.412318
0.409836
0.408629
0.415217
0.423495
0.421227
0.423257
0.428164
0.423081
0.423534
0.427807
0.424258
0.406536
0.407656
0.411285
0.402751
0.401223
0.407956
0.422693
0.431568
0.439141
0.431321
0.427441
0.42636
0.424457
0.424907
0.415148
0.418046
0.410477
0.415301
0.421305
0.42197
0.425501
0.431947
0.429974
0.436951
0.435191
0.428496
0.418249
0.417006
0.399008
0.399959
0.387215
0.401735
0.415765
0.42792
0.425903
0.427948
0.43845
0.437774
0.428771
0.41714
0.405277
0.401019
0.393857
0.391844
0.394615
0.404392
0.416068
0.425652
0.421376
0.424434
0.43565
0.432027
0.421291
0.413242
0.406481
0.410591
0.409427
0.408396
0.408271
0.408502
0.421879
0.433446
0.428776
0.426113
0.426676
0.424664
0.419552
0.411127
0.413742
0.409192
0.411248
0.414286
0.424932
0.417256
0.425676
0.428204
0.424788
0.419083
0.420349
0.417432
0.404971
0.411963
0.409062
0.404699
0.416566
0.413098
0.429528
0.432846
0.438014
0.431622
0.421295
0.417321
0.414595
0.400292
0.4045
0.418467
0.422201
0.412485
0.414403
0.426432
0.425596
0.41997
0.425449
0.436028
0.421665
0.432922
0.42906
0.416384
0.428918
0.437152
0.431067
0.421759
0.430523
0.440347
0.424921
0.422127
0.409728
0.410953
0.42167
0.422646
0.427609
0.426736
0.427021
0.435254
0.437112
0.436473
0.421521
0.412703
0.415853
0.417252
0.423517
0.431249
0.433153
0.429419
0.421579
0.421767
0.418196
0.415926
0.411756
0.410718
0.416577
0.427822
0.429217
0.419653
0.417189
0.417919
0.427209
0.435342
0.42183
0.415013
0.401662
0.408214
0.411169
0.405492
0.406558
0.413322
0.41092
0.413562
0.421373
0.427862
0.424422
0.41983
0.415696
0.418565
0.403684
0.398936
0.397182
0.394412
0.408962
0.423013
0.419404
0.428003
0.434706
0.44429
0.446695
0.432503
0.4094
0.403483
0.399927
0.402832
0.403756
0.418341
0.424979
0.425758
0.427194
0.426284
0.441479
0.432502
0.42667
0.417345
0.412057
0.411039
0.413138
0.413
0.406168
0.406918
0.413208
0.41984
0.417064
0.420039
0.426406
0.424886
0.422022
0.414018
0.422693
0.43828
0.430703
0.42155
0.42266
0.422926
0.434002
0.443649
0.437195
0.426632
0.437303
0.431653
0.428158
0.423766
0.419822
0.417403
0.416155
0.425312
0.427335
0.427264
0.425052
0.42713
0.418823
0.418286
0.415837
0.408208
0.407461
0.417703
0.41983
0.417806
0.426674
0.437736
0.422076
0.430249
0.433371
0.419682
0.411711
0.414956
0.404488
0.406993
0.410557
0.41589
0.420847
0.428898
0.430679
0.418112
0.420087
0.422498
0.418601
0.417908
0.399981
0.39192
0.404432
0.392009
0.402358
0.415345
0.420577
0.432307
0.434433
0.425069
0.427362
0.426662
0.418509
0.418087
0.404761
0.399183
0.39985
0.404186
0.406469
0.424063
0.423323
