0.705491
0.697894
0.699308
0.703999
0.701201
0.705002
0.715391
0.709998
0.709178
0.710886
0.702641
0.695514
0.696768
0.695404
0.696954
0.70056
0.701853
0.700757
0.704141
0.704833
0.702623
0.710747
0.708435
0.694928
0.702737
0.710403
0.701639
0.703491
0.702944
0.698145
0.69922
0.709676
0.704333
0.698201
0.709786
0.709079
0.703138
0.707238
0.703753
0.703292
0.705738
0.70456
0.701034
0.707037
0.712364
0.709108
0.70571
0.716511
0.705131
0.712014
0.719212
0.702654
0.703526
0.713092
0.699659
0.704382
0.705784
0.706854
0.705616
0.714093
0.711937
0.708759
0.709705
0.703325
0.705799
0.705707
0.701041
0.7046
0.709526
0.707729
0.704285
0.708701
0.713844
0.709484
0.702459
0.709053
0.706997
0.701888
0.705931
0.708789
0.697198
0.702344
0.712006
0.704147
0.701253
0.706114
0.7095
0.708592
0.703574
0.701362
0.703022
0.7075
0.708368
0.698149
0.702271
0.706238
0.702503
0.709469
0.711273
0.700856
0.70528
0.708437
0.701128
0.707183
0.706654
0.701048
0.702756
0.699113
0.701937
0.714934
0.711684
0.698546
0.70647
0.709202
0.707723
0.708523
0.710418
0.701753
0.701364
0.704201
0.701882
0.702289
0.703956
0.710551
0.706968
0.704658
0.70791
0.706653
0.705764
0.707057
0.707357
0.710038
0.706334
0.703842
0.70851
0.707729
0.70898
0.713005
0.704499
0.698567
0.700974
0.699457
0.701274
0.707439
0.708673
0.703572
0.706568
0.712044
0.715894
0.710664
0.711075
0.703437
0.692531
0.696189
0.70315
0.701084
0.699114
0.699732
0.701785
0.707689
0.711364
0.718804
0.713405
0.708084
0.714022
0.709622
0.702422
0.701052
0.698039
0.69705
0.701475
0.70319
0.710946
0.711702
0.717171
0.718983
0.70849
0.70576
0.711554
0.7042
0.698302
0.694384
0.695837
0.698252
0.703885
0.709776
0.707669
0.714051
0.712418
0.706175
0.710291
0.707047
0.70113
0.702061
0.707814
0.697113
0.696271
0.699525
0.704714
0.707848
0.712273
0.713517
0.707275
0.711353
0.720021
0.709477
0.703544
0.705672
0.702282
0.699619
0.705588
0.70313
0.698872
0.710897
0.709
0.708414
0.707244
0.70405
0.694223
0.696378
0.704064
0.695217
0.69569
0.703603
0.698914
0.702403
0.713345
0.71302
0.70916
0.713426
0.714483
0.707592
0.709735
0.699001
0.694537
0.69631
0.698733
0.699722
0.704429
0.706038
0.709787
0.70965
0.707308
0.711131
0.70337
0.701471
0.698784
0.696844
0.698492
0.694967
0.699309
0.703234
0.706916
0.705825
0.715107
0.715073
0.720529
0.712743
0.698311
0.694834
0.694994
0.695567
0.694111
0.693661
0.696565
0.700805
0.70898
0.713184
0.714304
0.717122
0.713776
0.706411
0.701808
0.69932
0.699297
0.696614
0.693218
0.69363
0.700228
0.707414
0.71508
0.710357
0.710749
0.712543
0.711129
0.712358
0.701622
0.693667
0.694224
0.697781
0.699204
0.701731
0.703131
0.708621
0.706559
0.706269
0.707602
0.700805
0.695797
0.702207
0.69693
0.693594
0.706234
0.704713
0.698626
0.705903
0.711984
0.71042
0.711384
0.709994
0.70657
0.70524
0.703097
0.700787
0.696325
0.698142
0.701804
0.705292
0.709929
0.712812
0.713638
0.71292
0.706615
0.707097
0.710259
0.70273
0.700978
0.707194
0.697302
0.698731
0.713046
0.699125
0.702311
0.718887
0.699434
0.693885
0.697494
0.708935
0.702247
0.693393
0.706014
0.703579
0.711854
0.711355
0.704342
0.703505
0.703134
0.706916
0.706445
0.70457
0.698524
0.694964
0.704592
0.70753
0.707783
0.706208
0.703632
0.699519
0.704909
0.705605
0.702122
0.70497
0.704613
0.706856
0.70511
0.706891
0.707351
0.702006
0.701277
0.704551
0.707114
0.702688
0.69599
0.696004
0.699334
0.702788
0.708722
0.706328
0.707738
0.707782
0.708386
0.709698
0.705733
0.702837
0.703256
0.699602
0.700561
0.705048
0.704842
0.700808
0.711777
0.711058
0.710003
0.714989
0.699331
0.693438
0.70179
0.697035
0.698556
0.696992
0.691001
0.693637
0.705912
0.71048
0.714298
0.712456
0.709999
0.70676
0.704349
0.702277
0.704598
0.702192
0.69388
0.697492
0.702339
0.70605
0.713494
0.709584
0.7084
0.706215
0.708245
0.710217
0.707473
0.70106
0.702531
0.70311
0.706683
0.702148
0.700596
0.713334
0.710523
0.69362
0.701179
0.704543
0.69796
0.703039
0.695849
0.684476
0.693817
0.703183
0.696694
0.699636
0.700676
0.700072
0.705855
0.705952
0.707268
0.700662
0.702025
0.704483
0.70109
0.700021
0.708334
0.702868
0.703
0.70879
0.712543
0.700658
0.697902
0.706868
0.703112
0.691437
0.702085
0.700369
0.694555
0.710856
0.706807
0.702082
0.710364
0.705991
0.704733
0.704514
0.700176
0.697913
0.6958
0.705553
0.700648
0.702173
0.709506
0.701909
0.716701
0.717833
0.70634
0.71767
0.71081
0.702227
0.706173
0.696264
0.692857
0.706552
0.699642
0.697664
0.708865
0.703203
0.708238
0.718968
0.716101
0.712544
0.711821
0.70587
0.697656
