71925.4
72708.3
72561.3
72077.7
72365.4
71975.2
70930
71468.8
71551.4
71379.5
72217.1
72957
72825.7
72968.6
72806.4
72431.6
72298.1
72411.2
72063.2
71992.4
72218.9
71393.5
71626.5
73018.6
72207.1
71428
72320.2
72129.8
72185.9
72682.1
72570.4
71501.2
72043.6
72676.3
71490.1
71561.4
72166
71747.6
72102.9
72150.2
71900.1
72020.4
72382.6
71768.1
71231.3
71558.4
71903
70819.1
71962.1
71266.4
70553.1
72215.7
72126.2
71158.6
72524.9
72038.5
71895.4
71786.6
71912.6
71058.9
71274.1
71593.7
71498.2
72146.9
71894
71903.3
72381.9
72016.3
71516.3
71697.9
72048.5
71599.6
71083.7
71520.6
72235.8
71564
71772.1
72294.5
71880.5
71590.6
72780.8
72247.6
71267.2
72062.6
72360
71861.9
71518.9
71610.5
72121.3
72348.8
72178
71721.1
71633.2
72681.7
72255.1
71849.2
72231.2
71522
71340.7
72401
71946.9
71626.2
72372.9
71753.3
71807
72381.1
72205.2
72581.5
72289.5
70975.4
71299.4
72640.4
71825.6
71548.9
71698.5
71617.6
71426.5
72308.5
72348.5
72057.1
72295.1
72253.3
72082.2
71413.1
71775.1
72010.3
71679.6
71807
71897.5
71766
71735.5
71464.7
71839.4
72093.9
71618.8
71697.9
71571.4
71167.3
72026.5
72638.2
72388.8
72545.8
72357.9
71727.3
71602.4
72121.5
71815.7
71263.4
70880.2
71401.8
71360.5
72135.3
73271.3
72886.4
72164.8
72377.5
72581.4
72517.2
72305.2
71701.9
71331.5
70593.2
71127.4
71662
71065.9
71506.6
72239.6
72380.7
72693.1
72796.3
72337.1
72160.7
71373.5
71297.7
70754
70575.7
71620.9
71897.9
71312.4
72057.1
72665.8
73075.8
72923.2
72670.9
72089.5
71491.1
71704
71063.1
71226
71855.7
71439.3
71767.1
72372.7
72276.7
71689.3
72789.7
72877.7
72538.8
72004.6
71685.9
71240.5
71116.3
71743.9
71332.6
70473.9
71521.2
72124.3
71906.9
72254
72529
71915.4
72166.9
72606.5
71378.3
71569.3
71628.6
71747.1
72072.6
73092.8
72866.6
72071.1
72988.2
72938.6
72118.3
72602.2
72241.5
71133.4
71165.8
71553.2
71125.3
71020.1
71711.8
71495.2
72593.1
73059.7
72873.6
72621
72518.3
72033.8
71869.6
71490
71503.8
71740.6
71354.9
72142.2
72337.5
72615.7
72817.8
72646
73014.5
72561.1
72156.1
71780.4
71891.3
70958.1
70961.6
70424.2
71193.5
72664.9
73028.5
73011.6
72951.6
73104.5
73152
72847
72406.3
71571.4
71149.5
71037.9
70758.8
71090.4
71831.7
72302.8
72560.1
72562.4
72841.9
73198.8
73155.3
72465.9
71729.8
70960.8
71432.6
71393.2
71213.5
71355.1
71231.9
72321.9
73151.4
73092.6
72720.1
72572.1
72310.7
72166.7
71607.6
71816.6
71846.1
71710.8
72406.3
72927.4
72261.7
72808.8
73159
71849.7
72004.8
72632.1
71883.3
71269.3
71426.3
71329.5
71469.2
71815.5
71951
72170.2
72408.1
72872.1
72682.4
72303.2
71945.6
71475.6
71186.6
71104.2
71175.8
71810.9
71762
71442.5
72207.9
72388.4
71752.1
72770
72621.1
71163.2
72580.2
72251
70585
72548.2
73128.4
72749.9
71575.9
72257.6
73180.2
71872
72120.7
71282.4
71332.4
72042.7
72128.4
72166.4
71780.3
71828.2
72019.3
72642.7
73014.8
72017.1
71718
71692.4
71852.3
72115.3
72539.3
71984.7
71913.7
72270.4
71978.5
72014.9
71786.4
71964.2
71782.8
71736.2
72282.4
72357.6
72021.3
71760.3
72212.2
72907.2
72905.7
72558.6
72201.9
71597.4
71840.1
71697
71692.5
71631.4
71499
71900.7
72196.9
72153.9
72530.8
72431.5
71970.5
71991.5
72406
71290.1
71362.2
71468.3
70969.9
72558.9
73175.5
72304.7
72797.8
72639.4
72802.3
73433.5
73154.5
71882.5
71420.2
71038.5
71222.2
71468.6
71796.2
72041.9
72254.4
72016.5
72263.2
73128.9
72750.2
72248.1
71868.3
71118.5
71510.4
71630
71851.6
71645.6
71446.7
71723.8
72379.9
72228.4
72168.9
71804.1
72267.7
72427.9
71134.5
71415.9
73156.3
72367.7
72022.1
72701.4
72176.2
72922
74133.6
73135.5
72161.4
72833.5
72527.2
72419.6
72482.1
71888.2
71878.3
71744.6
72421
72280.4
72028.3
72376.8
72487.4
71636.7
72193.7
72180.2
71590.6
71213.4
72421.5
72707.4
71785.2
72168.6
73387.2
72274.2
72451.3
73057.8
71382.5
71791.4
72274.5
71431.9
71874.4
72002.6
72025.1
72471.3
72706.3
72927.1
71919
72422.5
72265.2
71518.3
72292.3
70800.4
70688.7
71838.9
70704.7
71387.1
72259.6
71855.9
72878.5
73236.8
71817.3
72526.7
72732.2
71582.9
72159.4
71646.4
70577.1
70859.6
71213.4
71285.8
71886.7
72733.1
