1904.43
1909.14
1915.23
1916.37
1918.87
1931.08
1917.3
1897.99
1896.11
1912.43
1913.13
1920.43
1914.28
1912.92
1918.15
1890.56
1904.52
1918.23
1904.71
1919.51
1937.65
1934.47
1936.83
1912.28
1905.28
1936.58
1949.45
1925.23
1918.47
1929.71
1930.63
1898.22
1904.63
1943.66
1926.2
1920.18
1944.3
1908.89
1888.54
1927.98
1950.46
1933.65
1911.41
1901.39
1919
1923.88
1918.03
1911.98
1936.84
1936.9
1895.15
1892.05
1927.61
1927.77
1910.33
1933.7
1956.11
1934.87
1899.9
1919.38
1926.43
1926.37
1941.47
1940.82
1931.22
1923.82
1948.45
1925.92
1915.41
1943.08
1914.1
1927.79
1951.64
1941.19
1932.92
1926.7
1942.82
1926.2
1892.31
1936.67
1960.39
1933.43
1922.45
1932.14
1928.92
1907.82
1929.8
1948.01
1949.07
1927.6
1909.08
1919.21
1912.34
1918.63
1940.82
1953.23
1959.06
1923.89
1904.12
1931.17
1896.47
1901.67
1951.05
1933.01
1928.38
1930.86
1931.21
1910.29
1926.21
1938.79
1920.69
1911.82
1924.67
1916.19
1913.23
1917.11
1941.03
1914.64
1873.29
1913.03
1914.17
1923.05
1920.42
1912.54
1910.69
1906.79
1935.27
1921.09
1892.86
1938.27
1924.86
1932.56
1896.28
1885.57
1922.05
1929.34
1922
1918.53
1913.6
1898.63
1915.02
1919.33
1926.39
1921.84
1922.06
1898.69
1931.61
1928.75
1895.62
1919.98
1938.86
1932.48
1923.65
1933.86
1921.31
1917.82
1906.34
1912.23
1896.98
1920.59
1923.32
1921.46
1925.89
1936.37
1918.36
1928.8
1916.49
1906.23
1931.88
1918.05
1904.91
1923.25
1927.16
1907
1900.46
1930.24
1918.37
1921.42
1916.14
1912.17
1901.92
1908.37
1930.62
1937.37
1912.9
1925.95
1920.47
1873.89
1900.6
1917.19
1896.09
1928.12
1943.26
1896.33
1897.51
1935.97
1902.6
1905.64
1925.19
1908.2
1913.9
1906.71
1908.55
1930.13
1945.24
1925.16
1906.42
1922.06
1917.08
1904.35
1950.63
1952.61
1940.31
1957.43
1956.64
1934.97
1940.39
1948.75
1900.07
1928.53
1933.82
1913.34
1909.43
1933.34
1917.67
1922.39
1900.21
1884.92
1927.19
1924.74
1919.16
1947.97
1937.33
1933.3
1931.88
1935.35
1941.52
1928.85
1910.81
1926.05
1928.32
1914.17
1899.66
1898.77
1941.91
1943.22
1923.76
1922.43
1925.19
1926.51
1907.24
1934.11
1912.4
1912.07
1910.24
1912.84
1907.05
1905.41
1914.77
1918.4
1903.76
1901.67
1907.7
1930.98
1951.63
1931.03
1911.17
1915.54
1937.81
1926.26
1888.74
1894.53
1917.5
1901.85
1918.18
1925
1922.07
1905.99
1910.55
1904.14
1899.81
1903.12
1926.39
1904.92
1927.35
1925.19
1894.59
1916.63
1949.75
1929.01
1906.21
1934.98
1947.44
1933.39
1912.76
1938.45
1922.42
1892.1
1917.14
1913.55
1945.56
1916.24
1908.06
1928.92
1913.42
1873.53
1919.29
1934.48
1907.91
1933.33
1938.66
1893.34
1924.42
1931.95
1898.67
1901.33
1931.64
1933.15
1920.4
1942.42
1919.98
1920.43
1931.9
1933.48
1919.31
1932.36
1921.77
1905.22
1920.35
1935.13
1930.12
1933.73
1920.87
1915.06
1931.55
1938.17
1917.25
1936.17
1916.99
1907.99
1910.56
1902.93
1929.44
1915.95
1912.06
1924.24
1920.37
1897.63
1909.37
1920.4
1918.6
1896.33
1903.57
1901.54
1915.71
1926.81
1915.34
1904.13
1913.73
1919.08
1911.71
1911.63
1902.66
1901.54
1922.63
1918.34
1927.58
1909.46
1908.4
1943.27
1923.72
1942.29
1925.28
1908.13
1905.71
1904.39
1900.38
1909.93
1925.22
1923.35
1930.3
1909.93
1927.22
1895
1902.47
1918.91
1911.8
1901.4
1892.38
1912.63
1909.54
1897.27
1923.75
1924.65
1900.47
1903.9
1930.72
1922.45
1933.3
1931.51
1899.13
1898.84
1903.5
1914.01
1898.26
1889.75
1946.21
1944.9
1894.95
1922.73
1929.71
1915.2
1944.22
1946.94
1900.03
1893.53
1923.53
1920.07
1905.62
1942.19
1935.88
1946.53
1918.96
1900.75
1914.53
1923.37
1921.59
1914.67
1917.33
1914.85
1903.88
1912.67
1910.06
1903.66
1928.6
1923.8
1904.75
1902.65
1906.89
1919.97
1909.8
1915.87
1938.84
1909.69
1886.89
1922.07
1928.21
1910.9
1935.96
1910.16
1894.34
1930.21
1927.82
1901.04
1916.48
1926.64
1922.64
1923.18
1915.19
1917.41
1934.16
1943.62
1897.59
1899.62
1930.98
1929.57
1941.02
1971.12
1928.34
1890.78
1913.14
1930.74
1938.61
1939.46
1942.03
1927.39
1915.88
1905.7
1916.89
1924.03
1922.42
1935.66
1923.97
1905.31
1901.64
1923.96
1938.05
1929.71
1924.86
1923.13
1923.29
1894.04
1901.39
1942.11
1960.6
1921.33
1891.47
1918.99
1913.64
1883.22
1903.18
