0.426931
0.432412
0.436621
0.434218
0.447672
0.45775
0.460516
0.461318
0.457718
0.469196
0.490407
0.484473
0.490541
0.478062
0.469084
0.456665
0.454375
0.452897
0.444563
0.450008
0.456735
0.452453
0.463937
0.461249
0.467137
0.46771
0.477406
0.472428
0.467936
0.474236
0.458599
0.44767
0.452464
0.46181
0.454472
0.456717
0.46489
0.45754
0.455219
0.465097
0.482042
0.472969
0.468204
0.463513
0.466505
0.471545
0.47085
0.470881
0.465971
0.465983
0.454865
0.443791
0.45751
0.451265
0.448798
0.462322
0.46191
0.472836
0.462521
0.468772
0.477017
0.472632
0.485199
0.480685
0.468462
0.470523
0.479233
0.474074
0.456291
0.464253
0.447709
0.446137
0.452966
0.452561
0.448115
0.454137
0.458464
0.451221
0.464377
0.472892
0.482885
0.471999
0.465714
0.476821
0.471286
0.462188
0.467535
0.47139
0.481317
0.468247
0.464423
0.465326
0.468714
0.471796
0.473695
0.481328
0.478975
0.474557
0.464153
0.471694
0.454301
0.45625
0.468462
0.468385
0.456477
0.455865
0.459152
0.454528
0.45952
0.459562
0.464304
0.459827
0.475292
0.471343
0.474274
0.472482
0.475731
0.46762
0.456804
0.454643
0.464298
0.465407
0.466465
0.458825
0.453209
0.455983
0.471956
0.468479
0.46326
0.478909
0.473977
0.482188
0.460487
0.465496
0.476434
0.474774
0.480984
0.478015
0.476686
0.469858
0.476071
0.475758
0.47483
0.479347
0.466014
0.463981
0.469536
0.469367
0.465649
0.467624
0.463379
0.462247
0.461711
0.456213
0.453489
0.458019
0.456525
0.450336
0.450958
0.460017
0.468812
0.474612
0.477508
0.480127
0.481683
0.470949
0.471036
0.463613
0.465022
0.46575
0.460785
0.453954
0.461214
0.456885
0.453847
0.462857
0.455686
0.460209
0.458422
0.462818
0.452755
0.45442
0.456835
0.469119
0.469402
0.464869
0.472966
0.456053
0.464964
0.466188
0.460772
0.477484
0.479855
0.461543
0.472153
0.479
0.459696
0.46771
0.471575
0.472571
0.476155
0.477462
0.484119
0.48218
0.470525
0.458048
0.45399
0.4555
0.457001
0.455663
0.473532
0.47417
0.466011
0.474407
0.473596
0.469794
0.475238
0.48508
0.468279
0.468394
0.45809
0.453151
0.44318
0.455483
0.455294
0.457526
0.462925
0.46881
0.481584
0.485409
0.484803
0.482897
0.470131
0.469427
0.466542
0.482571
0.477844
0.465338
0.46264
0.463007
0.452121
0.450664
0.443583
0.450829
0.468255
0.482044
0.485006
0.480799
0.479083
0.477338
0.460714
0.465411
0.456539
0.450373
0.459187
0.459343
0.450073
0.451898
0.463673
0.470347
0.466374
0.46899
0.473012
0.483722
0.49298
0.483323
0.469285
0.469086
0.4697
0.467405
0.44697
0.45268
0.46071
0.459007
0.463888
0.476593
0.47576
0.488573
0.489422
0.483813
0.482045
0.479245
0.473099
0.465638
0.463879
0.454771
0.44416
0.450938
0.458142
0.456287
0.455291
0.466075
0.481397
0.478167
0.480348
0.48422
0.485545
0.473203
0.477554
0.480498
0.484134
0.481292
0.486643
0.479627
0.477972
0.466523
0.488315
0.490933
0.483616
0.490156
0.49026
0.488362
0.48927
0.485922
0.466742
0.474931
0.483789
0.482128
0.486557
0.482505
0.474174
0.473668
0.483429
0.488
0.487813
0.4812
0.479848
0.481448
0.484608
0.491989
0.483744
0.481653
0.482748
0.478738
0.457672
0.453592
0.454112
0.461316
0.455403
0.451754
0.466289
0.462008
0.457585
0.452523
0.460261
0.456757
0.452744
0.456773
0.455302
0.45646
0.457247
0.456722
0.461598
0.44697
0.460265
0.458426
0.458199
0.468659
0.468998
0.474837
0.475383
0.469994
0.461446
0.463762
0.469268
0.467883
0.466495
0.471206
0.459891
0.482421
0.472065
0.472225
0.470521
0.464697
0.470829
0.471551
0.469822
0.47847
0.471578
0.470023
0.473166
0.474749
0.469748
0.465438
0.460956
0.462654
0.468934
0.463796
0.455336
0.465413
0.45354
0.463589
0.478318
0.478966
0.469706
0.468058
0.477299
0.479246
0.477485
0.468992
0.453172
0.443317
0.448422
0.454789
0.453977
0.454668
0.457484
0.464897
0.458748
0.470541
0.462088
0.461299
0.470704
0.465732
0.452296
0.442795
0.457989
0.451542
0.453228
0.468316
0.479383
0.480915
0.471875
0.461142
0.458392
0.457313
0.452415
0.456279
0.447598
0.445452
0.434255
0.441495
0.445876
0.453123
0.462751
0.465637
0.452682
0.458818
0.461768
0.456543
0.454028
0.465421
0.463803
0.454434
0.450172
0.467909
0.468283
0.462375
0.465676
0.458343
0.446201
0.455523
0.452728
0.449454
0.444542
0.448308
0.442434
0.447705
0.446002
0.449759
0.453926
0.447009
0.440725
0.444434
0.459402
0.45065
0.461255
0.47991
0.465274
0.460486
0.450882
0.461136
0.476111
0.472246
0.477286
0.46748
0.457804
0.45771
0.450372
0.459742
0.468363
0.464283
0.462616
0.455662
0.455197
0.462204
0.469794
0.467523
0.454124
0.461594
0.462529
0.452186
0.450754
0.459313
0.475909
0.456186
0.440856
0.445693
0.436213
0.42508
0.431406
