0.676144
0.677595
0.673353
0.674008
0.670878
0.666303
0.667368
0.669097
0.668533
0.661415
0.660676
0.655695
0.659816
0.660304
0.661573
0.670805
0.66905
0.667554
0.67332
0.669617
0.665594
0.665999
0.662447
0.668474
0.666472
0.65924
0.654928
0.663946
0.664621
0.660711
0.664342
0.673859
0.671141
0.661889
0.666708
0.667079
0.659654
0.669523
0.671471
0.65936
0.654853
0.656843
0.661392
0.665209
0.663087
0.659534
0.661924
0.664004
0.658124
0.660253
0.672726
0.674492
0.664466
0.667014
0.668452
0.661876
0.657415
0.659143
0.663754
0.658458
0.656161
0.658018
0.654027
0.652541
0.656759
0.660258
0.653822
0.661641
0.664049
0.658405
0.666356
0.665714
0.658622
0.662894
0.665008
0.665732
0.66163
0.664124
0.668997
0.656245
0.650258
0.657488
0.662781
0.657829
0.658483
0.666396
0.659486
0.656923
0.656532
0.662044
0.664624
0.662618
0.662807
0.662009
0.657245
0.655132
0.654175
0.663777
0.667884
0.660033
0.672829
0.668494
0.657471
0.661137
0.663779
0.661745
0.662817
0.668825
0.663736
0.660773
0.664076
0.665467
0.661348
0.663353
0.664876
0.663871
0.658636
0.666495
0.677168
0.667189
0.664803
0.666083
0.664573
0.667647
0.668565
0.668154
0.659666
0.665274
0.668451
0.65844
0.661073
0.659494
0.668134
0.670252
0.659762
0.659963
0.662531
0.661067
0.66291
0.668996
0.665167
0.662802
0.663395
0.662707
0.664501
0.670285
0.662356
0.664016
0.672181
0.667202
0.661806
0.664868
0.66564
0.664164
0.668152
0.668095
0.671742
0.66839
0.670425
0.665192
0.661957
0.661593
0.658278
0.655382
0.662262
0.659661
0.66237
0.666504
0.661618
0.664877
0.668424
0.666
0.66419
0.669753
0.671298
0.663271
0.667858
0.66564
0.66678
0.665489
0.671445
0.669719
0.663259
0.662235
0.669646
0.664704
0.665305
0.679014
0.668869
0.664253
0.670613
0.661105
0.657838
0.670938
0.667156
0.659707
0.669283
0.666367
0.659492
0.665155
0.66295
0.661833
0.662372
0.660196
0.659548
0.665869
0.672555
0.670326
0.671042
0.675938
0.66099
0.660101
0.66236
0.654853
0.655974
0.659864
0.655812
0.654187
0.668405
0.664683
0.666536
0.671593
0.673918
0.66596
0.67136
0.665171
0.669655
0.671915
0.658244
0.658551
0.66075
0.653693
0.658682
0.657539
0.658033
0.656898
0.65642
0.661884
0.667186
0.665216
0.667225
0.672341
0.674057
0.672834
0.659185
0.65485
0.656349
0.658626
0.657506
0.659211
0.663463
0.659632
0.66588
0.669075
0.667121
0.66762
0.670261
0.670505
0.6657
0.665466
0.666132
0.665971
0.662421
0.65878
0.65317
0.658634
0.664842
0.665123
0.662125
0.666089
0.676407
0.672292
0.667811
0.670288
0.666109
0.660242
0.658595
0.659745
0.658599
0.660035
0.66453
0.664239
0.6623
0.670764
0.668996
0.668468
0.677684
0.671194
0.66355
0.668438
0.67283
0.662984
0.6585
0.662949
0.664796
0.657414
0.662485
0.671312
0.665893
0.663895
0.656155
0.664184
0.665101
0.660236
0.663219
0.673065
0.660092
0.655894
0.665817
0.656253
0.656795
0.669585
0.660849
0.657856
0.670607
0.666764
0.660068
0.662342
0.664533
0.659751
0.666423
0.66643
0.661248
0.659836
0.662822
0.660848
0.660626
0.665354
0.661015
0.659906
0.65944
0.658842
0.664252
0.66355
0.662774
0.660652
0.665769
0.661152
0.664613
0.66703
0.663394
0.667377
0.664358
0.665897
0.667013
0.665562
0.667044
0.669188
0.667689
0.665994
0.667035
0.671451
0.670136
0.672678
0.667731
0.663139
0.667104
0.667152
0.663827
0.664088
0.665429
0.664547
0.66819
0.668447
0.662734
0.666121
0.662386
0.666375
0.668275
0.657102
0.664457
0.660702
0.663803
0.667819
0.666908
0.665888
0.666919
0.666012
0.662315
0.660252
0.662206
0.666317
0.661347
0.669621
0.6689
0.662842
0.664628
0.666241
0.670568
0.662494
0.662933
0.667258
0.657164
0.658363
0.662826
0.661599
0.654376
0.657282
0.656216
0.659571
0.670827
0.672206
0.671987
0.66771
0.670371
0.673018
0.657219
0.655342
0.668487
0.660941
0.657884
0.663344
0.656464
0.654883
0.669178
0.672997
0.664499
0.665867
0.667067
0.656964
0.6564
0.656388
0.662605
0.665739
0.666823
0.663295
0.666055
0.66772
0.667265
0.668983
0.67395
0.671959
0.67059
0.668693
0.662704
0.662891
0.667135
0.666204
0.664114
0.662224
0.666625
0.663915
0.658326
0.668231
0.670855
0.659672
0.659145
0.664683
0.657824
0.663986
0.670101
0.660047
0.663386
0.674152
0.668853
0.669184
0.668273
0.667851
0.668158
0.667024
0.663104
0.663671
0.674646
0.674266
0.661729
0.665704
0.660517
0.653594
0.661975
0.673201
0.666841
0.659964
0.657409
0.657144
0.655791
0.658851
0.663312
0.666361
0.666855
0.664141
0.664015
0.65908
0.666499
0.669355
0.670039
0.66421
0.659864
0.663069
0.662814
0.663642
0.664463
0.669341
0.669249
0.658956
0.655587
0.666394
0.676713
0.670117
0.672454
0.683009
0.675311
