72807.5
72651.6
73109.3
73038.2
73379
73882.8
73764.9
73574.3
73636.3
74428.9
74512.1
75078.1
74609.2
74554
74411.1
73386.9
73579.4
73744.4
73112.9
73517.2
73961.5
73916.6
74312.9
73642.8
73864.1
74674.4
75166
74145.1
74069.8
74508.1
74100.9
73054.4
73350.3
74375.5
73837.9
73796.9
74627.6
73527.5
73314.2
74660.8
75174.6
74946.9
74431.4
74004.3
74241.2
74641.1
74371.6
74138.6
74801.1
74559.8
73177.4
72985.8
74087.1
73804.1
73645.3
74377
74881.7
74685.4
74166.6
74763.1
75024.8
74813.1
75269.6
75441
74956.5
74559.3
75293.1
74403.5
74133.6
74769.1
73876.9
73948.2
74744.5
74262.8
74026.6
73946.2
74404.7
74125.3
73585.3
75015.1
75705.9
74873.4
74275.4
74834.6
74760.3
73872.6
74646.5
74937.8
74982.4
74358.1
74069.5
74293.7
74272.5
74362.1
74901.1
75142.6
75252.5
74164
73708
74584.7
73166.2
73640.7
74875.3
74460.2
74163.8
74391.7
74271.5
73604.2
74168.5
74501.1
74130.6
73975.6
74436.4
74211.4
74041.4
74153.5
74742.9
73861.5
72697.4
73784.7
74049.5
73907.2
74075.2
73734.1
73632.8
73678.1
74626.2
73997.2
73645.4
74765.1
74467.3
74645.7
73680.4
73447.5
74615.3
74592.6
74303.5
74468.1
74261
73585.4
74009
74273.1
74206.7
74283.8
74083.2
73443.9
74323.1
74137.3
73236.8
73783.2
74384.9
74042.3
73956.4
74120.8
73678.3
73684.7
73284.6
73652.2
73428.6
74006.2
74367.9
74408.9
74783.5
75114
74333.7
74626.7
74321.5
73860.5
74406.1
74041.3
73648.4
73916.5
74117.9
73502.2
73333.1
74220.5
73710.8
73956.4
73830
73973.2
73317
73506
74221.9
74336.7
73514
74060.6
73993.7
72499.7
73599.4
74110.8
73407.9
74463.8
74833.5
73372.4
73788.3
74621.5
73553.8
73875.8
74645.8
74010.3
74256.5
74381.8
74321.3
74566.2
74639.6
73931
73196.1
73439.4
73361.1
72829.7
74476.7
74577
74322.7
75174.7
75046.1
74603.8
75064.7
75251.2
73650.4
74062.9
73857
73300.8
73048
73920.8
73326.3
74008.6
73513
73265.8
74787.3
74752.5
74503.8
75308
74737.7
74867.6
74811.4
74940.7
74995.2
74376.1
73785.1
74003.5
73780.7
73219.3
73032.9
73165.7
74680.6
75175
75003.3
74744
74871.4
74677.6
74199.1
74630
73929.8
73576.7
73792.2
73737.1
73446.5
73419.8
73949.8
73975.7
73901.7
73919.7
74315.8
74726.5
75368.3
74743.1
74045.2
74013.9
74349
73906.5
72779.2
73224.6
73716
73443.6
73904.3
74561
74747.6
74617.3
74747
74584.4
74079.9
74112.4
74329.4
73391.5
73585.4
73643.6
72642
73344.5
74189.3
73646.8
73166.1
74252.7
74758.3
74256.6
74050.3
74881.8
74308.6
73331.6
73928.3
74150.8
75025.5
74118.6
74016.4
74561.8
74226.4
73140.6
74578
75055.3
73936.8
75014.3
74952.4
73520.7
74492.6
74831.5
73408.7
73831.8
74580.8
74324.7
74079.6
74616.6
73869.6
73868.7
74447.6
74606.9
74270.8
74492.7
74517.7
73988.2
74473.8
74599
74651.8
74719.5
74110.9
74189.4
74276.2
74514.8
73942.1
74458.4
74070.7
73802.3
74206.9
73763.9
74099.2
73927.9
73804.2
73965.1
73800.8
73564.3
73729.4
73917.1
73801.7
73316.4
73460.2
73182.6
73724.8
74235.4
73794.1
73788.8
74158.4
74129.3
73979.9
74078
73674.2
73645.9
74280.7
73903
74319.7
73874.9
73664.8
74917.3
74088.1
74509.1
74161.1
73715.1
73815.8
73928.9
73814.6
73915.1
74327.6
74560
74340
73881.3
74436.5
73516.8
73596
74268.6
74069.1
73889.7
73412.9
74307.6
74258.5
73777.1
74910.3
74773.9
74270.4
74408.2
75229.4
74896.8
75018.5
74636.9
73384.5
73234
73257.9
73727.2
73434.5
73145.7
74904.1
75118.6
73641.5
74482.2
74828.3
74212.4
74990.2
75171.2
73565.4
73147.9
74083.4
73931.2
73798.2
74933.2
74997.5
74998.9
74295.2
73945.4
73825.2
74217.9
73910.3
73726
73776.3
73586.8
73044.5
73260.9
73410.5
73618.8
74284.1
74263.1
73790.7
73893.8
74126.4
74338
73847.1
74148.6
74778.1
73669.7
73381.6
74625.5
74685.1
74062.8
74835.1
74140.7
73464
74583.1
74207.7
73022.7
73601.2
73564.8
73665
73711.6
73677.7
73803
74239.2
74175.9
72969.2
73010.3
74393.5
73949.3
74530
75319.4
74365.9
73125.8
73823.2
74592.5
74882.4
74912.6
75067.2
74718.5
74216
73876.4
73821.6
74123.3
74137.4
74692.5
73861.1
73545.9
73470.9
74115.7
74603.8
74243.1
74271.7
74179.1
74087.4
73547.5
73557.6
74706.6
75090.4
73872.7
72746.3
73462.3
73207.1
72075.7
72897.3
